1946,USA,CAN,BHS,CUB,HTI,DOM,JAM,TTO,BRB,DMA,GRD,LCA,VCT,ATG,KNA,MEX,BLZ,GTM,HND,SLV,NIC,CRI,PAN,COL,VEN,GUY,SUR,ECU,PER,BRA,BOL,PRY,CHL,ARG,URY,GBR,IRL,NLD,BEL,LUX,FRA,MCO,LIE,CHE,ESP,AND,PRT,DEU,POL,AUT,HUN,CZE,SVK,ITA,SMR,MLT,ALB,MNE,MKD,HRV,SRB,BIH,SVN,GRC,CYP,BGR,MDA,ROU,RUS,EST,LVA,LTU,UKR,BLR,ARM,GEO,AZE,FIN,SWE,NOR,DNK,ISL,CPV,STP,GNB,GNQ,GMB,MLI,SEN,BEN,MRT,NER,CIV,GIN,BFA,LBR,SLE,GHA,TGO,CMR,NGA,GAB,CAF,TCD,COG,COD,UGA,KEN,TZA,BDI,RWA,SOM,DJI,ETH,ERI,AGO,MOZ,ZMB,ZWE,MWI,ZAF,NAM,LSO,BWA,SWZ,MDG,COM,MUS,SYC,MAR,DZA,TUN,LBY,SDN,SSD,IRN,TUR,IRQ,EGY,SYR,LBN,JOR,ISR,SAU,YEM,KWT,BHR,QAT,ARE,OMN,AFG,TKM,TJK,KGZ,UZB,KAZ,CHN,MNG,TWN,PRK,KOR,JPN,IND,BTN,PAK,BGD,MMR,LKA,MDV,NPL,THA,KHM,LAO,VNM,MYS,SGP,BRN,PHL,IDN,TLS,AUS,PNG,NZL,VUT,SLB,KIR,TUV,FJI,TON,NRU,MHL,PLW,FSM,WSMUSA,-2,0.815972222,-2,0.632727273,0.617021277,0.708185053,-2,-2,-2,-2,-2,-2,-2,-2,-2,0.600732601,-2,0.550847458,0.708154506,0.707207207,0.763779528,0.736585366,0.719665272,0.577060932,0.590909091,-2,-2,0.611111111,0.692592593,0.712802768,0.720588235,0.752252252,0.704861111,0.623239437,0.692579505,0.778546713,-2,0.770034843,0.704861111,0.764258555,0.660899654,-2,-2,-2,-2,-2,-2,-2,0.167247387,-2,-2,-2,-2,-2,-2,-2,-2,-2,-2,-2,0.245614035,-2,-2,0.728571429,-2,-2,-2,-2,0.167247387,-2,-2,-2,0.170138889,0.167247387,-2,-2,-2,-2,0.730627306,0.791666667,0.753472222,0.858974359,-2,-2,-2,-2,-2,-2,-2,-2,-2,-2,-2,-2,-2,0.593155894,-2,-2,-2,-2,-2,-2,-2,-2,-2,-2,-2,-2,-2,-2,-2,-2,-2,0.492647059,-2,-2,-2,-2,-2,-2,0.714285714,-2,-2,-2,-2,-2,-2,-2,-2,-2,-2,-2,-2,-2,-2,0.506993007,0.743859649,0.471910112,0.48409894,0.442379182,0.494464945,-2,-2,0.416666667,-2,-2,-2,-2,-2,-2,0.338983051,-2,-2,-2,-2,-2,-2,-2,0.640138408,-2,-2,-2,-2,-2,-2,-2,-2,-2,-2,-2,-2,-2,-2,-2,-2,-2,-2,0.601398601,-2,-2,0.712802768,-2,0.740484429,-2,-2,-2,-2,-2,-2,-2,-2,-2,-2,-2CAN,0.815972222,-2,-2,0.572992701,0.49787234,0.675,-2,-2,-2,-2,-2,-2,-2,-2,-2,0.533088235,-2,0.472340426,0.637931034,0.63800905,0.739130435,0.705882353,0.642857143,0.550359712,0.568421053,-2,-2,0.553903346,0.698884758,0.652777778,0.649446494,0.71040724,0.634146341,0.607773852,0.592198582,0.8125,-2,0.769230769,0.700348432,0.767175573,0.65625,-2,-2,-2,-2,-2,-2,-2,0.167832168,-2,-2,-2,-2,-2,-2,-2,-2,-2,-2,-2,0.218309859,-2,-2,0.673835125,-2,-2,-2,-2,0.171328671,-2,-2,-2,0.170731707,0.178321678,-2,-2,-2,-2,0.725925926,0.777003484,0.74912892,0.802575107,-2,-2,-2,-2,-2,-2,-2,-2,-2,-2,-2,-2,-2,0.534351145,-2,-2,-2,-2,-2,-2,-2,-2,-2,-2,-2,-2,-2,-2,-2,-2,-2,0.483394834,-2,-2,-2,-2,-2,-2,0.732075472,-2,-2,-2,-2,-2,-2,-2,-2,-2,-2,-2,-2,-2,-2,0.431578947,0.725352113,0.413533835,0.460992908,0.399253731,0.466666667,-2,-2,0.36,-2,-2,-2,-2,-2,-2,0.283898305,-2,-2,-2,-2,-2,-2,-2,0.583333333,-2,-2,-2,-2,-2,-2,-2,-2,-2,-2,-2,-2,-2,-2,-2,-2,-2,-2,0.568421053,-2,-2,0.725694444,-2,0.774305556,-2,-2,-2,-2,-2,-2,-2,-2,-2,-2,-2BHS,-2,-2,-2,-2,-2,-2,-2,-2,-2,-2,-2,-2,-2,-2,-2,-2,-2,-2,-2,-2,-2,-2,-2,-2,-2,-2,-2,-2,-2,-2,-2,-2,-2,-2,-2,-2,-2,-2,-2,-2,-2,-2,-2,-2,-2,-2,-2,-2,-2,-2,-2,-2,-2,-2,-2,-2,-2,-2,-2,-2,-2,-2,-2,-2,-2,-2,-2,-2,-2,-2,-2,-2,-2,-2,-2,-2,-2,-2,-2,-2,-2,-2,-2,-2,-2,-2,-2,-2,-2,-2,-2,-2,-2,-2,-2,-2,-2,-2,-2,-2,-2,-2,-2,-2,-2,-2,-2,-2,-2,-2,-2,-2,-2,-2,-2,-2,-2,-2,-2,-2,-2,-2,-2,-2,-2,-2,-2,-2,-2,-2,-2,-2,-2,-2,-2,-2,-2,-2,-2,-2,-2,-2,-2,-2,-2,-2,-2,-2,-2,-2,-2,-2,-2,-2,-2,-2,-2,-2,-2,-2,-2,-2,-2,-2,-2,-2,-2,-2,-2,-2,-2,-2,-2,-2,-2,-2,-2,-2,-2,-2,-2,-2,-2,-2,-2,-2,-2,-2,-2,-2,-2,-2,-2,-2CUB,0.632727273,0.572992701,-2,-2,0.744493392,0.674157303,-2,-2,-2,-2,-2,-2,-2,-2,-2,0.746268657,-2,0.65625,0.757990868,0.797169811,0.723140496,0.638190955,0.726872247,0.675471698,0.691176471,-2,-2,0.734375,0.66015625,0.781818182,0.701550388,0.721698113,0.675182482,0.662962963,0.730627306,0.570909091,-2,0.523809524,0.52189781,0.585657371,0.596363636,-2,-2,-2,-2,-2,-2,-2,0.318681319,-2,-2,-2,-2,-2,-2,-2,-2,-2,-2,-2,0.324723247,-2,-2,0.605263158,-2,-2,-2,-2,0.311355311,-2,-2,-2,0.306569343,0.315018315,-2,-2,-2,-2,0.498069498,0.569343066,0.52919708,0.619469027,-2,-2,-2,-2,-2,-2,-2,-2,-2,-2,-2,-2,-2,0.690763052,-2,-2,-2,-2,-2,-2,-2,-2,-2,-2,-2,-2,-2,-2,-2,-2,-2,0.631782946,-2,-2,-2,-2,-2,-2,0.496031746,-2,-2,-2,-2,-2,-2,-2,-2,-2,-2,-2,-2,-2,-2,0.658088235,0.612546125,0.675889328,0.653136531,0.613899614,0.680608365,-2,-2,0.622137405,-2,-2,-2,-2,-2,-2,0.553571429,-2,-2,-2,-2,-2,-2,-2,0.705454545,-2,-2,-2,-2,-2,-2,-2,-2,-2,-2,-2,-2,-2,-2,-2,-2,-2,-2,0.738970588,-2,-2,0.607272727,-2,0.592727273,-2,-2,-2,-2,-2,-2,-2,-2,-2,-2,-2HTI,0.617021277,0.49787234,-2,0.744493392,-2,0.589519651,-2,-2,-2,-2,-2,-2,-2,-2,-2,0.677130045,-2,0.645833333,0.67,0.675126904,0.6492891,0.614942529,0.708133971,0.67699115,0.639484979,-2,-2,0.684684685,0.618181818,0.706382979,0.643776824,0.642487047,0.696581197,0.534782609,0.627705628,0.476595745,-2,0.512820513,0.512820513,0.565789474,0.578723404,-2,-2,-2,-2,-2,-2,-2,0.343347639,-2,-2,-2,-2,-2,-2,-2,-2,-2,-2,-2,0.363636364,-2,-2,0.575107296,-2,-2,-2,-2,0.343347639,-2,-2,-2,0.346153846,0.343347639,-2,-2,-2,-2,0.482142857,0.561702128,0.551282051,0.612565445,-2,-2,-2,-2,-2,-2,-2,-2,-2,-2,-2,-2,-2,0.768181818,-2,-2,-2,-2,-2,-2,-2,-2,-2,-2,-2,-2,-2,-2,-2,-2,-2,0.652968037,-2,-2,-2,-2,-2,-2,0.44,-2,-2,-2,-2,-2,-2,-2,-2,-2,-2,-2,-2,-2,-2,0.643776824,0.575107296,0.632286996,0.607758621,0.588235294,0.657777778,-2,-2,0.602678571,-2,-2,-2,-2,-2,-2,0.54028436,-2,-2,-2,-2,-2,-2,-2,0.689361702,-2,-2,-2,-2,-2,-2,-2,-2,-2,-2,-2,-2,-2,-2,-2,-2,-2,-2,0.75,-2,-2,0.54893617,-2,0.527659574,-2,-2,-2,-2,-2,-2,-2,-2,-2,-2,-2DOM,0.708185053,0.675,-2,0.674157303,0.589519651,-2,-2,-2,-2,-2,-2,-2,-2,-2,-2,0.589552239,-2,0.510917031,0.761061947,0.723502304,0.762096774,0.730964467,0.751054852,0.642066421,0.623655914,-2,-2,0.670454545,0.764258555,0.693950178,0.739622642,0.80733945,0.721428571,0.655913978,0.650909091,0.629893238,-2,0.64516129,0.614285714,0.66536965,0.62633452,-2,-2,-2,-2,-2,-2,-2,0.17921147,-2,-2,-2,-2,-2,-2,-2,-2,-2,-2,-2,0.173285199,-2,-2,0.702205882,-2,-2,-2,-2,0.17562724,-2,-2,-2,0.175,0.17921147,-2,-2,-2,-2,0.577946768,0.59430605,0.607142857,0.7,-2,-2,-2,-2,-2,-2,-2,-2,-2,-2,-2,-2,-2,0.55078125,-2,-2,-2,-2,-2,-2,-2,-2,-2,-2,-2,-2,-2,-2,-2,-2,-2,0.492424242,-2,-2,-2,-2,-2,-2,0.582375479,-2,-2,-2,-2,-2,-2,-2,-2,-2,-2,-2,-2,-2,-2,0.521582734,0.693140794,0.492366412,0.494545455,0.459770115,0.553030303,-2,-2,0.440298507,-2,-2,-2,-2,-2,-2,0.346491228,-2,-2,-2,-2,-2,-2,-2,0.604982206,-2,-2,-2,-2,-2,-2,-2,-2,-2,-2,-2,-2,-2,-2,-2,-2,-2,-2,0.600719424,-2,-2,0.590747331,-2,0.658362989,-2,-2,-2,-2,-2,-2,-2,-2,-2,-2,-2JAM,-2,-2,-2,-2,-2,-2,-2,-2,-2,-2,-2,-2,-2,-2,-2,-2,-2,-2,-2,-2,-2,-2,-2,-2,-2,-2,-2,-2,-2,-2,-2,-2,-2,-2,-2,-2,-2,-2,-2,-2,-2,-2,-2,-2,-2,-2,-2,-2,-2,-2,-2,-2,-2,-2,-2,-2,-2,-2,-2,-2,-2,-2,-2,-2,-2,-2,-2,-2,-2,-2,-2,-2,-2,-2,-2,-2,-2,-2,-2,-2,-2,-2,-2,-2,-2,-2,-2,-2,-2,-2,-2,-2,-2,-2,-2,-2,-2,-2,-2,-2,-2,-2,-2,-2,-2,-2,-2,-2,-2,-2,-2,-2,-2,-2,-2,-2,-2,-2,-2,-2,-2,-2,-2,-2,-2,-2,-2,-2,-2,-2,-2,-2,-2,-2,-2,-2,-2,-2,-2,-2,-2,-2,-2,-2,-2,-2,-2,-2,-2,-2,-2,-2,-2,-2,-2,-2,-2,-2,-2,-2,-2,-2,-2,-2,-2,-2,-2,-2,-2,-2,-2,-2,-2,-2,-2,-2,-2,-2,-2,-2,-2,-2,-2,-2,-2,-2,-2,-2,-2,-2,-2,-2,-2,-2TTO,-2,-2,-2,-2,-2,-2,-2,-2,-2,-2,-2,-2,-2,-2,-2,-2,-2,-2,-2,-2,-2,-2,-2,-2,-2,-2,-2,-2,-2,-2,-2,-2,-2,-2,-2,-2,-2,-2,-2,-2,-2,-2,-2,-2,-2,-2,-2,-2,-2,-2,-2,-2,-2,-2,-2,-2,-2,-2,-2,-2,-2,-2,-2,-2,-2,-2,-2,-2,-2,-2,-2,-2,-2,-2,-2,-2,-2,-2,-2,-2,-2,-2,-2,-2,-2,-2,-2,-2,-2,-2,-2,-2,-2,-2,-2,-2,-2,-2,-2,-2,-2,-2,-2,-2,-2,-2,-2,-2,-2,-2,-2,-2,-2,-2,-2,-2,-2,-2,-2,-2,-2,-2,-2,-2,-2,-2,-2,-2,-2,-2,-2,-2,-2,-2,-2,-2,-2,-2,-2,-2,-2,-2,-2,-2,-2,-2,-2,-2,-2,-2,-2,-2,-2,-2,-2,-2,-2,-2,-2,-2,-2,-2,-2,-2,-2,-2,-2,-2,-2,-2,-2,-2,-2,-2,-2,-2,-2,-2,-2,-2,-2,-2,-2,-2,-2,-2,-2,-2,-2,-2,-2,-2,-2,-2BRB,-2,-2,-2,-2,-2,-2,-2,-2,-2,-2,-2,-2,-2,-2,-2,-2,-2,-2,-2,-2,-2,-2,-2,-2,-2,-2,-2,-2,-2,-2,-2,-2,-2,-2,-2,-2,-2,-2,-2,-2,-2,-2,-2,-2,-2,-2,-2,-2,-2,-2,-2,-2,-2,-2,-2,-2,-2,-2,-2,-2,-2,-2,-2,-2,-2,-2,-2,-2,-2,-2,-2,-2,-2,-2,-2,-2,-2,-2,-2,-2,-2,-2,-2,-2,-2,-2,-2,-2,-2,-2,-2,-2,-2,-2,-2,-2,-2,-2,-2,-2,-2,-2,-2,-2,-2,-2,-2,-2,-2,-2,-2,-2,-2,-2,-2,-2,-2,-2,-2,-2,-2,-2,-2,-2,-2,-2,-2,-2,-2,-2,-2,-2,-2,-2,-2,-2,-2,-2,-2,-2,-2,-2,-2,-2,-2,-2,-2,-2,-2,-2,-2,-2,-2,-2,-2,-2,-2,-2,-2,-2,-2,-2,-2,-2,-2,-2,-2,-2,-2,-2,-2,-2,-2,-2,-2,-2,-2,-2,-2,-2,-2,-2,-2,-2,-2,-2,-2,-2,-2,-2,-2,-2,-2,-2DMA,-2,-2,-2,-2,-2,-2,-2,-2,-2,-2,-2,-2,-2,-2,-2,-2,-2,-2,-2,-2,-2,-2,-2,-2,-2,-2,-2,-2,-2,-2,-2,-2,-2,-2,-2,-2,-2,-2,-2,-2,-2,-2,-2,-2,-2,-2,-2,-2,-2,-2,-2,-2,-2,-2,-2,-2,-2,-2,-2,-2,-2,-2,-2,-2,-2,-2,-2,-2,-2,-2,-2,-2,-2,-2,-2,-2,-2,-2,-2,-2,-2,-2,-2,-2,-2,-2,-2,-2,-2,-2,-2,-2,-2,-2,-2,-2,-2,-2,-2,-2,-2,-2,-2,-2,-2,-2,-2,-2,-2,-2,-2,-2,-2,-2,-2,-2,-2,-2,-2,-2,-2,-2,-2,-2,-2,-2,-2,-2,-2,-2,-2,-2,-2,-2,-2,-2,-2,-2,-2,-2,-2,-2,-2,-2,-2,-2,-2,-2,-2,-2,-2,-2,-2,-2,-2,-2,-2,-2,-2,-2,-2,-2,-2,-2,-2,-2,-2,-2,-2,-2,-2,-2,-2,-2,-2,-2,-2,-2,-2,-2,-2,-2,-2,-2,-2,-2,-2,-2,-2,-2,-2,-2,-2,-2GRD,-2,-2,-2,-2,-2,-2,-2,-2,-2,-2,-2,-2,-2,-2,-2,-2,-2,-2,-2,-2,-2,-2,-2,-2,-2,-2,-2,-2,-2,-2,-2,-2,-2,-2,-2,-2,-2,-2,-2,-2,-2,-2,-2,-2,-2,-2,-2,-2,-2,-2,-2,-2,-2,-2,-2,-2,-2,-2,-2,-2,-2,-2,-2,-2,-2,-2,-2,-2,-2,-2,-2,-2,-2,-2,-2,-2,-2,-2,-2,-2,-2,-2,-2,-2,-2,-2,-2,-2,-2,-2,-2,-2,-2,-2,-2,-2,-2,-2,-2,-2,-2,-2,-2,-2,-2,-2,-2,-2,-2,-2,-2,-2,-2,-2,-2,-2,-2,-2,-2,-2,-2,-2,-2,-2,-2,-2,-2,-2,-2,-2,-2,-2,-2,-2,-2,-2,-2,-2,-2,-2,-2,-2,-2,-2,-2,-2,-2,-2,-2,-2,-2,-2,-2,-2,-2,-2,-2,-2,-2,-2,-2,-2,-2,-2,-2,-2,-2,-2,-2,-2,-2,-2,-2,-2,-2,-2,-2,-2,-2,-2,-2,-2,-2,-2,-2,-2,-2,-2,-2,-2,-2,-2,-2,-2LCA,-2,-2,-2,-2,-2,-2,-2,-2,-2,-2,-2,-2,-2,-2,-2,-2,-2,-2,-2,-2,-2,-2,-2,-2,-2,-2,-2,-2,-2,-2,-2,-2,-2,-2,-2,-2,-2,-2,-2,-2,-2,-2,-2,-2,-2,-2,-2,-2,-2,-2,-2,-2,-2,-2,-2,-2,-2,-2,-2,-2,-2,-2,-2,-2,-2,-2,-2,-2,-2,-2,-2,-2,-2,-2,-2,-2,-2,-2,-2,-2,-2,-2,-2,-2,-2,-2,-2,-2,-2,-2,-2,-2,-2,-2,-2,-2,-2,-2,-2,-2,-2,-2,-2,-2,-2,-2,-2,-2,-2,-2,-2,-2,-2,-2,-2,-2,-2,-2,-2,-2,-2,-2,-2,-2,-2,-2,-2,-2,-2,-2,-2,-2,-2,-2,-2,-2,-2,-2,-2,-2,-2,-2,-2,-2,-2,-2,-2,-2,-2,-2,-2,-2,-2,-2,-2,-2,-2,-2,-2,-2,-2,-2,-2,-2,-2,-2,-2,-2,-2,-2,-2,-2,-2,-2,-2,-2,-2,-2,-2,-2,-2,-2,-2,-2,-2,-2,-2,-2,-2,-2,-2,-2,-2,-2VCT,-2,-2,-2,-2,-2,-2,-2,-2,-2,-2,-2,-2,-2,-2,-2,-2,-2,-2,-2,-2,-2,-2,-2,-2,-2,-2,-2,-2,-2,-2,-2,-2,-2,-2,-2,-2,-2,-2,-2,-2,-2,-2,-2,-2,-2,-2,-2,-2,-2,-2,-2,-2,-2,-2,-2,-2,-2,-2,-2,-2,-2,-2,-2,-2,-2,-2,-2,-2,-2,-2,-2,-2,-2,-2,-2,-2,-2,-2,-2,-2,-2,-2,-2,-2,-2,-2,-2,-2,-2,-2,-2,-2,-2,-2,-2,-2,-2,-2,-2,-2,-2,-2,-2,-2,-2,-2,-2,-2,-2,-2,-2,-2,-2,-2,-2,-2,-2,-2,-2,-2,-2,-2,-2,-2,-2,-2,-2,-2,-2,-2,-2,-2,-2,-2,-2,-2,-2,-2,-2,-2,-2,-2,-2,-2,-2,-2,-2,-2,-2,-2,-2,-2,-2,-2,-2,-2,-2,-2,-2,-2,-2,-2,-2,-2,-2,-2,-2,-2,-2,-2,-2,-2,-2,-2,-2,-2,-2,-2,-2,-2,-2,-2,-2,-2,-2,-2,-2,-2,-2,-2,-2,-2,-2,-2ATG,-2,-2,-2,-2,-2,-2,-2,-2,-2,-2,-2,-2,-2,-2,-2,-2,-2,-2,-2,-2,-2,-2,-2,-2,-2,-2,-2,-2,-2,-2,-2,-2,-2,-2,-2,-2,-2,-2,-2,-2,-2,-2,-2,-2,-2,-2,-2,-2,-2,-2,-2,-2,-2,-2,-2,-2,-2,-2,-2,-2,-2,-2,-2,-2,-2,-2,-2,-2,-2,-2,-2,-2,-2,-2,-2,-2,-2,-2,-2,-2,-2,-2,-2,-2,-2,-2,-2,-2,-2,-2,-2,-2,-2,-2,-2,-2,-2,-2,-2,-2,-2,-2,-2,-2,-2,-2,-2,-2,-2,-2,-2,-2,-2,-2,-2,-2,-2,-2,-2,-2,-2,-2,-2,-2,-2,-2,-2,-2,-2,-2,-2,-2,-2,-2,-2,-2,-2,-2,-2,-2,-2,-2,-2,-2,-2,-2,-2,-2,-2,-2,-2,-2,-2,-2,-2,-2,-2,-2,-2,-2,-2,-2,-2,-2,-2,-2,-2,-2,-2,-2,-2,-2,-2,-2,-2,-2,-2,-2,-2,-2,-2,-2,-2,-2,-2,-2,-2,-2,-2,-2,-2,-2,-2,-2KNA,-2,-2,-2,-2,-2,-2,-2,-2,-2,-2,-2,-2,-2,-2,-2,-2,-2,-2,-2,-2,-2,-2,-2,-2,-2,-2,-2,-2,-2,-2,-2,-2,-2,-2,-2,-2,-2,-2,-2,-2,-2,-2,-2,-2,-2,-2,-2,-2,-2,-2,-2,-2,-2,-2,-2,-2,-2,-2,-2,-2,-2,-2,-2,-2,-2,-2,-2,-2,-2,-2,-2,-2,-2,-2,-2,-2,-2,-2,-2,-2,-2,-2,-2,-2,-2,-2,-2,-2,-2,-2,-2,-2,-2,-2,-2,-2,-2,-2,-2,-2,-2,-2,-2,-2,-2,-2,-2,-2,-2,-2,-2,-2,-2,-2,-2,-2,-2,-2,-2,-2,-2,-2,-2,-2,-2,-2,-2,-2,-2,-2,-2,-2,-2,-2,-2,-2,-2,-2,-2,-2,-2,-2,-2,-2,-2,-2,-2,-2,-2,-2,-2,-2,-2,-2,-2,-2,-2,-2,-2,-2,-2,-2,-2,-2,-2,-2,-2,-2,-2,-2,-2,-2,-2,-2,-2,-2,-2,-2,-2,-2,-2,-2,-2,-2,-2,-2,-2,-2,-2,-2,-2,-2,-2,-2MEX,0.600732601,0.533088235,-2,0.746268657,0.677130045,0.589552239,-2,-2,-2,-2,-2,-2,-2,-2,-2,-2,-2,0.758928571,0.73853211,0.631578947,0.632231405,0.658291457,0.730434783,0.617424242,0.685185185,-2,-2,0.6328125,0.602362205,0.703296703,0.59765625,0.622009569,0.669117647,0.597785978,0.719101124,0.52014652,-2,0.496323529,0.474264706,0.513944223,0.586080586,-2,-2,-2,-2,-2,-2,-2,0.361623616,-2,-2,-2,-2,-2,-2,-2,-2,-2,-2,-2,0.394052045,-2,-2,0.507575758,-2,-2,-2,-2,0.357933579,-2,-2,-2,0.356617647,0.350553506,-2,-2,-2,-2,0.474903475,0.566176471,0.525735294,0.644444444,-2,-2,-2,-2,-2,-2,-2,-2,-2,-2,-2,-2,-2,0.668016194,-2,-2,-2,-2,-2,-2,-2,-2,-2,-2,-2,-2,-2,-2,-2,-2,-2,0.61328125,-2,-2,-2,-2,-2,-2,0.422924901,-2,-2,-2,-2,-2,-2,-2,-2,-2,-2,-2,-2,-2,-2,0.666666667,0.550185874,0.674509804,0.607407407,0.616600791,0.635658915,-2,-2,0.569230769,-2,-2,-2,-2,-2,-2,0.553571429,-2,-2,-2,-2,-2,-2,-2,0.644688645,-2,-2,-2,-2,-2,-2,-2,-2,-2,-2,-2,-2,-2,-2,-2,-2,-2,-2,0.725925926,-2,-2,0.567765568,-2,0.545787546,-2,-2,-2,-2,-2,-2,-2,-2,-2,-2,-2BLZ,-2,-2,-2,-2,-2,-2,-2,-2,-2,-2,-2,-2,-2,-2,-2,-2,-2,-2,-2,-2,-2,-2,-2,-2,-2,-2,-2,-2,-2,-2,-2,-2,-2,-2,-2,-2,-2,-2,-2,-2,-2,-2,-2,-2,-2,-2,-2,-2,-2,-2,-2,-2,-2,-2,-2,-2,-2,-2,-2,-2,-2,-2,-2,-2,-2,-2,-2,-2,-2,-2,-2,-2,-2,-2,-2,-2,-2,-2,-2,-2,-2,-2,-2,-2,-2,-2,-2,-2,-2,-2,-2,-2,-2,-2,-2,-2,-2,-2,-2,-2,-2,-2,-2,-2,-2,-2,-2,-2,-2,-2,-2,-2,-2,-2,-2,-2,-2,-2,-2,-2,-2,-2,-2,-2,-2,-2,-2,-2,-2,-2,-2,-2,-2,-2,-2,-2,-2,-2,-2,-2,-2,-2,-2,-2,-2,-2,-2,-2,-2,-2,-2,-2,-2,-2,-2,-2,-2,-2,-2,-2,-2,-2,-2,-2,-2,-2,-2,-2,-2,-2,-2,-2,-2,-2,-2,-2,-2,-2,-2,-2,-2,-2,-2,-2,-2,-2,-2,-2,-2,-2,-2,-2,-2,-2GTM,0.550847458,0.472340426,-2,0.65625,0.645833333,0.510917031,-2,-2,-2,-2,-2,-2,-2,-2,-2,0.758928571,-2,-2,0.6,0.526315789,0.508928571,0.638888889,0.587939698,0.558441558,0.565957447,-2,-2,0.573991031,0.461206897,0.563559322,0.5,0.458100559,0.563559322,0.487068966,0.67965368,0.43220339,-2,0.38559322,0.36440678,0.396313364,0.542372881,-2,-2,-2,-2,-2,-2,-2,0.397435897,-2,-2,-2,-2,-2,-2,-2,-2,-2,-2,-2,0.476595745,-2,-2,0.369565217,-2,-2,-2,-2,0.388888889,-2,-2,-2,0.395744681,0.393162393,-2,-2,-2,-2,0.464912281,0.540425532,0.478813559,0.584158416,-2,-2,-2,-2,-2,-2,-2,-2,-2,-2,-2,-2,-2,0.573394495,-2,-2,-2,-2,-2,-2,-2,-2,-2,-2,-2,-2,-2,-2,-2,-2,-2,0.538461538,-2,-2,-2,-2,-2,-2,0.398190045,-2,-2,-2,-2,-2,-2,-2,-2,-2,-2,-2,-2,-2,-2,0.585470085,0.495689655,0.573991031,0.510638298,0.524886878,0.524229075,-2,-2,0.506550218,-2,-2,-2,-2,-2,-2,0.494897959,-2,-2,-2,-2,-2,-2,-2,0.559322034,-2,-2,-2,-2,-2,-2,-2,-2,-2,-2,-2,-2,-2,-2,-2,-2,-2,-2,0.615384615,-2,-2,0.436440678,-2,0.440677966,-2,-2,-2,-2,-2,-2,-2,-2,-2,-2,-2HND,0.708154506,0.637931034,-2,0.757990868,0.67,0.761061947,-2,-2,-2,-2,-2,-2,-2,-2,-2,0.73853211,-2,0.6,-2,0.742268041,0.76076555,0.690607735,0.790243902,0.65625,0.637931034,-2,-2,0.68202765,0.702325581,0.708154506,0.714285714,0.735751295,0.751072961,0.622807018,0.692982456,0.605150215,-2,0.662337662,0.586206897,0.615384615,0.583690987,-2,-2,-2,-2,-2,-2,-2,0.177489177,-2,-2,-2,-2,-2,-2,-2,-2,-2,-2,-2,0.248908297,-2,-2,0.627705628,-2,-2,-2,-2,0.181818182,-2,-2,-2,0.185344828,0.186147186,-2,-2,-2,-2,0.497716895,0.568965517,0.577586207,0.701030928,-2,-2,-2,-2,-2,-2,-2,-2,-2,-2,-2,-2,-2,0.655813953,-2,-2,-2,-2,-2,-2,-2,-2,-2,-2,-2,-2,-2,-2,-2,-2,-2,0.544642857,-2,-2,-2,-2,-2,-2,0.582222222,-2,-2,-2,-2,-2,-2,-2,-2,-2,-2,-2,-2,-2,-2,0.556034483,0.698689956,0.56561086,0.563876652,0.530232558,0.607305936,-2,-2,0.520361991,-2,-2,-2,-2,-2,-2,0.424242424,-2,-2,-2,-2,-2,-2,-2,0.639484979,-2,-2,-2,-2,-2,-2,-2,-2,-2,-2,-2,-2,-2,-2,-2,-2,-2,-2,0.692640693,-2,-2,0.587982833,-2,0.652360515,-2,-2,-2,-2,-2,-2,-2,-2,-2,-2,-2SLV,0.707207207,0.63800905,-2,0.797169811,0.675126904,0.723502304,-2,-2,-2,-2,-2,-2,-2,-2,-2,0.631578947,-2,0.526315789,0.742268041,-2,0.819512195,0.672131148,0.725490196,0.693023256,0.63800905,-2,-2,0.68372093,0.754807692,0.765765766,0.759090909,0.804123711,0.666666667,0.686635945,0.634703196,0.599099099,-2,0.599099099,0.633484163,0.671361502,0.558558559,-2,-2,-2,-2,-2,-2,-2,0.204545455,-2,-2,-2,-2,-2,-2,-2,-2,-2,-2,-2,0.201834862,-2,-2,0.71040724,-2,-2,-2,-2,0.2,-2,-2,-2,0.20361991,0.209090909,-2,-2,-2,-2,0.559808612,0.583710407,0.597285068,0.647368421,-2,-2,-2,-2,-2,-2,-2,-2,-2,-2,-2,-2,-2,0.603960396,-2,-2,-2,-2,-2,-2,-2,-2,-2,-2,-2,-2,-2,-2,-2,-2,-2,0.551401869,-2,-2,-2,-2,-2,-2,0.583333333,-2,-2,-2,-2,-2,-2,-2,-2,-2,-2,-2,-2,-2,-2,0.536036036,0.704545455,0.593457944,0.648148148,0.574162679,0.658767773,-2,-2,0.590697674,-2,-2,-2,-2,-2,-2,0.430851064,-2,-2,-2,-2,-2,-2,-2,0.644144144,-2,-2,-2,-2,-2,-2,-2,-2,-2,-2,-2,-2,-2,-2,-2,-2,-2,-2,0.668181818,-2,-2,0.635135135,-2,0.59009009,-2,-2,-2,-2,-2,-2,-2,-2,-2,-2,-2NIC,0.763779528,0.739130435,-2,0.723140496,0.6492891,0.762096774,-2,-2,-2,-2,-2,-2,-2,-2,-2,0.632231405,-2,0.508928571,0.76076555,0.819512195,-2,0.686486486,0.747663551,0.66122449,0.640316206,-2,-2,0.695833333,0.788381743,0.795275591,0.802521008,0.845360825,0.727272727,0.682730924,0.626506024,0.673228346,-2,0.66798419,0.687747036,0.738197425,0.653543307,-2,-2,-2,-2,-2,-2,-2,0.178571429,-2,-2,-2,-2,-2,-2,-2,-2,-2,-2,-2,0.186507937,-2,-2,0.726530612,-2,-2,-2,-2,0.186507937,-2,-2,-2,0.18972332,0.19047619,-2,-2,-2,-2,0.616326531,0.669291339,0.632411067,0.79245283,-2,-2,-2,-2,-2,-2,-2,-2,-2,-2,-2,-2,-2,0.619047619,-2,-2,-2,-2,-2,-2,-2,-2,-2,-2,-2,-2,-2,-2,-2,-2,-2,0.516806723,-2,-2,-2,-2,-2,-2,0.642553191,-2,-2,-2,-2,-2,-2,-2,-2,-2,-2,-2,-2,-2,-2,0.571428571,0.706349206,0.519313305,0.521912351,0.5,0.576763485,-2,-2,0.467479675,-2,-2,-2,-2,-2,-2,0.371428571,-2,-2,-2,-2,-2,-2,-2,0.661417323,-2,-2,-2,-2,-2,-2,-2,-2,-2,-2,-2,-2,-2,-2,-2,-2,-2,-2,0.669322709,-2,-2,0.712598425,-2,0.669291339,-2,-2,-2,-2,-2,-2,-2,-2,-2,-2,-2CRI,0.736585366,0.705882353,-2,0.638190955,0.614942529,0.730964467,-2,-2,-2,-2,-2,-2,-2,-2,-2,0.658291457,-2,0.638888889,0.690607735,0.672131148,0.686486486,-2,0.690217391,0.631840796,0.618811881,-2,-2,0.623115578,0.693467337,0.697560976,0.702970297,0.707602339,0.658536585,0.715,0.733668342,0.629268293,-2,0.617647059,0.583333333,0.61025641,0.585365854,-2,-2,-2,-2,-2,-2,-2,0.216748768,-2,-2,-2,-2,-2,-2,-2,-2,-2,-2,-2,0.288557214,-2,-2,0.63546798,-2,-2,-2,-2,0.201970443,-2,-2,-2,0.205882353,0.21182266,-2,-2,-2,-2,0.5625,0.632352941,0.632352941,0.704142012,-2,-2,-2,-2,-2,-2,-2,-2,-2,-2,-2,-2,-2,0.535135135,-2,-2,-2,-2,-2,-2,-2,-2,-2,-2,-2,-2,-2,-2,-2,-2,-2,0.492307692,-2,-2,-2,-2,-2,-2,0.609137056,-2,-2,-2,-2,-2,-2,-2,-2,-2,-2,-2,-2,-2,-2,0.534313725,0.704433498,0.477386935,0.462686567,0.418848168,0.486910995,-2,-2,0.394871795,-2,-2,-2,-2,-2,-2,0.376470588,-2,-2,-2,-2,-2,-2,-2,0.556097561,-2,-2,-2,-2,-2,-2,-2,-2,-2,-2,-2,-2,-2,-2,-2,-2,-2,-2,0.579207921,-2,-2,0.570731707,-2,0.634146341,-2,-2,-2,-2,-2,-2,-2,-2,-2,-2,-2PAN,0.719665272,0.642857143,-2,0.726872247,0.708133971,0.751054852,-2,-2,-2,-2,-2,-2,-2,-2,-2,0.730434783,-2,0.587939698,0.790243902,0.725490196,0.747663551,0.690217391,-2,0.63362069,0.641350211,-2,-2,0.64159292,0.68018018,0.707112971,0.737288136,0.753694581,0.794979079,0.561181435,0.721030043,0.594142259,-2,0.655462185,0.613445378,0.644067797,0.640167364,-2,-2,-2,-2,-2,-2,-2,0.232067511,-2,-2,-2,-2,-2,-2,-2,-2,-2,-2,-2,0.293617021,-2,-2,0.64978903,-2,-2,-2,-2,0.223628692,-2,-2,-2,0.226890756,0.219409283,-2,-2,-2,-2,0.59030837,0.652719665,0.621848739,0.773869347,-2,-2,-2,-2,-2,-2,-2,-2,-2,-2,-2,-2,-2,0.611111111,-2,-2,-2,-2,-2,-2,-2,-2,-2,-2,-2,-2,-2,-2,-2,-2,-2,0.58008658,-2,-2,-2,-2,-2,-2,0.551724138,-2,-2,-2,-2,-2,-2,-2,-2,-2,-2,-2,-2,-2,-2,0.611814346,0.679324895,0.537117904,0.569620253,0.504504505,0.582222222,-2,-2,0.506550218,-2,-2,-2,-2,-2,-2,0.416666667,-2,-2,-2,-2,-2,-2,-2,0.652719665,-2,-2,-2,-2,-2,-2,-2,-2,-2,-2,-2,-2,-2,-2,-2,-2,-2,-2,0.707627119,-2,-2,0.640167364,-2,0.69874477,-2,-2,-2,-2,-2,-2,-2,-2,-2,-2,-2COL,0.577060932,0.550359712,-2,0.675471698,0.67699115,0.642066421,-2,-2,-2,-2,-2,-2,-2,-2,-2,0.617424242,-2,0.558441558,0.65625,0.693023256,0.66122449,0.631840796,0.63362069,-2,0.670289855,-2,-2,0.685823755,0.617424242,0.713261649,0.679389313,0.682242991,0.615107914,0.613138686,0.608695652,0.494623656,-2,0.561151079,0.586330935,0.590551181,0.555555556,-2,-2,-2,-2,-2,-2,-2,0.314079422,-2,-2,-2,-2,-2,-2,-2,-2,-2,-2,-2,0.298181818,-2,-2,0.618518519,-2,-2,-2,-2,0.306859206,-2,-2,-2,0.309352518,0.306859206,-2,-2,-2,-2,0.469465649,0.510791367,0.557553957,0.588744589,-2,-2,-2,-2,-2,-2,-2,-2,-2,-2,-2,-2,-2,0.608695652,-2,-2,-2,-2,-2,-2,-2,-2,-2,-2,-2,-2,-2,-2,-2,-2,-2,0.486692015,-2,-2,-2,-2,-2,-2,0.51171875,-2,-2,-2,-2,-2,-2,-2,-2,-2,-2,-2,-2,-2,-2,0.543478261,0.585454545,0.587548638,0.56,0.505747126,0.580152672,-2,-2,0.496240602,-2,-2,-2,-2,-2,-2,0.526086957,-2,-2,-2,-2,-2,-2,-2,0.623655914,-2,-2,-2,-2,-2,-2,-2,-2,-2,-2,-2,-2,-2,-2,-2,-2,-2,-2,0.623188406,-2,-2,0.505376344,-2,0.505376344,-2,-2,-2,-2,-2,-2,-2,-2,-2,-2,-2VEN,0.590909091,0.568421053,-2,0.691176471,0.639484979,0.623655914,-2,-2,-2,-2,-2,-2,-2,-2,-2,0.685185185,-2,0.565957447,0.637931034,0.63800905,0.640316206,0.618811881,0.641350211,0.670289855,-2,-2,-2,0.701492537,0.662921348,0.702797203,0.648148148,0.662162162,0.607017544,0.684397163,0.610714286,0.545454545,-2,0.51056338,0.506993007,0.565384615,0.541958042,-2,-2,-2,-2,-2,-2,-2,0.323943662,-2,-2,-2,-2,-2,-2,-2,-2,-2,-2,-2,0.307420495,-2,-2,0.577617329,-2,-2,-2,-2,0.316901408,-2,-2,-2,0.319298246,0.309859155,-2,-2,-2,-2,0.494423792,0.557894737,0.506993007,0.61965812,-2,-2,-2,-2,-2,-2,-2,-2,-2,-2,-2,-2,-2,0.639846743,-2,-2,-2,-2,-2,-2,-2,-2,-2,-2,-2,-2,-2,-2,-2,-2,-2,0.557195572,-2,-2,-2,-2,-2,-2,0.458333333,-2,-2,-2,-2,-2,-2,-2,-2,-2,-2,-2,-2,-2,-2,0.616197183,0.567375887,0.609848485,0.542857143,0.560150376,0.565055762,-2,-2,0.50729927,-2,-2,-2,-2,-2,-2,0.508547009,-2,-2,-2,-2,-2,-2,-2,0.625874126,-2,-2,-2,-2,-2,-2,-2,-2,-2,-2,-2,-2,-2,-2,-2,-2,-2,-2,0.660777385,-2,-2,0.548951049,-2,0.517482517,-2,-2,-2,-2,-2,-2,-2,-2,-2,-2,-2GUY,-2,-2,-2,-2,-2,-2,-2,-2,-2,-2,-2,-2,-2,-2,-2,-2,-2,-2,-2,-2,-2,-2,-2,-2,-2,-2,-2,-2,-2,-2,-2,-2,-2,-2,-2,-2,-2,-2,-2,-2,-2,-2,-2,-2,-2,-2,-2,-2,-2,-2,-2,-2,-2,-2,-2,-2,-2,-2,-2,-2,-2,-2,-2,-2,-2,-2,-2,-2,-2,-2,-2,-2,-2,-2,-2,-2,-2,-2,-2,-2,-2,-2,-2,-2,-2,-2,-2,-2,-2,-2,-2,-2,-2,-2,-2,-2,-2,-2,-2,-2,-2,-2,-2,-2,-2,-2,-2,-2,-2,-2,-2,-2,-2,-2,-2,-2,-2,-2,-2,-2,-2,-2,-2,-2,-2,-2,-2,-2,-2,-2,-2,-2,-2,-2,-2,-2,-2,-2,-2,-2,-2,-2,-2,-2,-2,-2,-2,-2,-2,-2,-2,-2,-2,-2,-2,-2,-2,-2,-2,-2,-2,-2,-2,-2,-2,-2,-2,-2,-2,-2,-2,-2,-2,-2,-2,-2,-2,-2,-2,-2,-2,-2,-2,-2,-2,-2,-2,-2,-2,-2,-2,-2,-2,-2SUR,-2,-2,-2,-2,-2,-2,-2,-2,-2,-2,-2,-2,-2,-2,-2,-2,-2,-2,-2,-2,-2,-2,-2,-2,-2,-2,-2,-2,-2,-2,-2,-2,-2,-2,-2,-2,-2,-2,-2,-2,-2,-2,-2,-2,-2,-2,-2,-2,-2,-2,-2,-2,-2,-2,-2,-2,-2,-2,-2,-2,-2,-2,-2,-2,-2,-2,-2,-2,-2,-2,-2,-2,-2,-2,-2,-2,-2,-2,-2,-2,-2,-2,-2,-2,-2,-2,-2,-2,-2,-2,-2,-2,-2,-2,-2,-2,-2,-2,-2,-2,-2,-2,-2,-2,-2,-2,-2,-2,-2,-2,-2,-2,-2,-2,-2,-2,-2,-2,-2,-2,-2,-2,-2,-2,-2,-2,-2,-2,-2,-2,-2,-2,-2,-2,-2,-2,-2,-2,-2,-2,-2,-2,-2,-2,-2,-2,-2,-2,-2,-2,-2,-2,-2,-2,-2,-2,-2,-2,-2,-2,-2,-2,-2,-2,-2,-2,-2,-2,-2,-2,-2,-2,-2,-2,-2,-2,-2,-2,-2,-2,-2,-2,-2,-2,-2,-2,-2,-2,-2,-2,-2,-2,-2,-2ECU,0.611111111,0.553903346,-2,0.734375,0.684684685,0.670454545,-2,-2,-2,-2,-2,-2,-2,-2,-2,0.6328125,-2,0.573991031,0.68202765,0.68372093,0.695833333,0.623115578,0.64159292,0.685823755,0.701492537,-2,-2,-2,0.692607004,0.722222222,0.666666667,0.727272727,0.63197026,0.649056604,0.659090909,0.514814815,-2,0.537313433,0.520446097,0.573770492,0.562962963,-2,-2,-2,-2,-2,-2,-2,0.22761194,-2,-2,-2,-2,-2,-2,-2,-2,-2,-2,-2,0.236842105,-2,-2,0.622137405,-2,-2,-2,-2,0.22761194,-2,-2,-2,0.230483271,0.22761194,-2,-2,-2,-2,0.488095238,0.522222222,0.501858736,0.606481481,-2,-2,-2,-2,-2,-2,-2,-2,-2,-2,-2,-2,-2,0.650406504,-2,-2,-2,-2,-2,-2,-2,-2,-2,-2,-2,-2,-2,-2,-2,-2,-2,0.545454545,-2,-2,-2,-2,-2,-2,0.542510121,-2,-2,-2,-2,-2,-2,-2,-2,-2,-2,-2,-2,-2,-2,0.576779026,0.582089552,0.582329317,0.571969697,0.537254902,0.588932806,-2,-2,0.562015504,-2,-2,-2,-2,-2,-2,0.539170507,-2,-2,-2,-2,-2,-2,-2,0.611111111,-2,-2,-2,-2,-2,-2,-2,-2,-2,-2,-2,-2,-2,-2,-2,-2,-2,-2,0.670411985,-2,-2,0.57037037,-2,0.525925926,-2,-2,-2,-2,-2,-2,-2,-2,-2,-2,-2PER,0.692592593,0.698884758,-2,0.66015625,0.618181818,0.764258555,-2,-2,-2,-2,-2,-2,-2,-2,-2,0.602362205,-2,0.461206897,0.702325581,0.754807692,0.788381743,0.693467337,0.68018018,0.617424242,0.662921348,-2,-2,0.692607004,-2,0.725925926,0.736220472,0.789215686,0.676579926,0.720754717,0.571969697,0.637037037,-2,0.660447761,0.639405204,0.706122449,0.651851852,-2,-2,-2,-2,-2,-2,-2,0.205223881,-2,-2,-2,-2,-2,-2,-2,-2,-2,-2,-2,0.172932331,-2,-2,0.754789272,-2,-2,-2,-2,0.197761194,-2,-2,-2,0.200743494,0.197761194,-2,-2,-2,-2,0.55952381,0.6,0.594795539,0.706422018,-2,-2,-2,-2,-2,-2,-2,-2,-2,-2,-2,-2,-2,0.570850202,-2,-2,-2,-2,-2,-2,-2,-2,-2,-2,-2,-2,-2,-2,-2,-2,-2,0.5256917,-2,-2,-2,-2,-2,-2,0.62,-2,-2,-2,-2,-2,-2,-2,-2,-2,-2,-2,-2,-2,-2,0.516853933,0.695488722,0.528225806,0.530075188,0.484251969,0.57480315,-2,-2,0.444444444,-2,-2,-2,-2,-2,-2,0.373271889,-2,-2,-2,-2,-2,-2,-2,0.574074074,-2,-2,-2,-2,-2,-2,-2,-2,-2,-2,-2,-2,-2,-2,-2,-2,-2,-2,0.621722846,-2,-2,0.659259259,-2,0.651851852,-2,-2,-2,-2,-2,-2,-2,-2,-2,-2,-2BRA,0.712802768,0.652777778,-2,0.781818182,0.706382979,0.693950178,-2,-2,-2,-2,-2,-2,-2,-2,-2,0.703296703,-2,0.563559322,0.708154506,0.765765766,0.795275591,0.697560976,0.707112971,0.713261649,0.702797203,-2,-2,0.722222222,0.725925926,-2,0.742647059,0.81981982,0.684027778,0.697183099,0.674911661,0.653979239,-2,0.641114983,0.614583333,0.676806084,0.60899654,-2,-2,-2,-2,-2,-2,-2,0.264808362,-2,-2,-2,-2,-2,-2,-2,-2,-2,-2,-2,0.270175439,-2,-2,0.689285714,-2,-2,-2,-2,0.264808362,-2,-2,-2,0.267361111,0.264808362,-2,-2,-2,-2,0.608856089,0.645833333,0.631944444,0.696581197,-2,-2,-2,-2,-2,-2,-2,-2,-2,-2,-2,-2,-2,0.653992395,-2,-2,-2,-2,-2,-2,-2,-2,-2,-2,-2,-2,-2,-2,-2,-2,-2,0.547794118,-2,-2,-2,-2,-2,-2,0.593984962,-2,-2,-2,-2,-2,-2,-2,-2,-2,-2,-2,-2,-2,-2,0.576923077,0.677192982,0.629213483,0.607773852,0.594795539,0.634686347,-2,-2,0.561594203,-2,-2,-2,-2,-2,-2,0.491525424,-2,-2,-2,-2,-2,-2,-2,0.698961938,-2,-2,-2,-2,-2,-2,-2,-2,-2,-2,-2,-2,-2,-2,-2,-2,-2,-2,0.706293706,-2,-2,0.647058824,-2,0.619377163,-2,-2,-2,-2,-2,-2,-2,-2,-2,-2,-2BOL,0.720588235,0.649446494,-2,0.701550388,0.643776824,0.739622642,-2,-2,-2,-2,-2,-2,-2,-2,-2,0.59765625,-2,0.5,0.714285714,0.759090909,0.802521008,0.702970297,0.737288136,0.679389313,0.648148148,-2,-2,0.666666667,0.736220472,0.742647059,-2,0.809090909,0.767527675,0.700374532,0.657894737,0.617647059,-2,0.644444444,0.693726937,0.72972973,0.639705882,-2,-2,-2,-2,-2,-2,-2,0.244444444,-2,-2,-2,-2,-2,-2,-2,-2,-2,-2,-2,0.25,-2,-2,0.711111111,-2,-2,-2,-2,0.22962963,-2,-2,-2,0.225092251,0.233333333,-2,-2,-2,-2,0.590551181,0.63099631,0.649446494,0.747706422,-2,-2,-2,-2,-2,-2,-2,-2,-2,-2,-2,-2,-2,0.612903226,-2,-2,-2,-2,-2,-2,-2,-2,-2,-2,-2,-2,-2,-2,-2,-2,-2,0.576470588,-2,-2,-2,-2,-2,-2,0.580152672,-2,-2,-2,-2,-2,-2,-2,-2,-2,-2,-2,-2,-2,-2,0.539033457,0.686567164,0.525096525,0.571428571,0.517786561,0.6015625,-2,-2,0.496153846,-2,-2,-2,-2,-2,-2,0.396551724,-2,-2,-2,-2,-2,-2,-2,0.661764706,-2,-2,-2,-2,-2,-2,-2,-2,-2,-2,-2,-2,-2,-2,-2,-2,-2,-2,0.620817844,-2,-2,0.625,-2,0.643382353,-2,-2,-2,-2,-2,-2,-2,-2,-2,-2,-2PRY,0.752252252,0.71040724,-2,0.721698113,0.642487047,0.80733945,-2,-2,-2,-2,-2,-2,-2,-2,-2,0.622009569,-2,0.458100559,0.735751295,0.804123711,0.845360825,0.707602339,0.753694581,0.682242991,0.662162162,-2,-2,0.727272727,0.789215686,0.81981982,0.809090909,-2,0.698198198,0.683257919,0.633027523,0.684684685,-2,0.687782805,0.698198198,0.744075829,0.644144144,-2,-2,-2,-2,-2,-2,-2,0.227272727,-2,-2,-2,-2,-2,-2,-2,-2,-2,-2,-2,0.219178082,-2,-2,0.751131222,-2,-2,-2,-2,0.222727273,-2,-2,-2,0.221719457,0.227272727,-2,-2,-2,-2,0.600961538,0.615384615,0.644144144,0.725388601,-2,-2,-2,-2,-2,-2,-2,-2,-2,-2,-2,-2,-2,0.621890547,-2,-2,-2,-2,-2,-2,-2,-2,-2,-2,-2,-2,-2,-2,-2,-2,-2,0.553488372,-2,-2,-2,-2,-2,-2,0.62962963,-2,-2,-2,-2,-2,-2,-2,-2,-2,-2,-2,-2,-2,-2,0.524886878,0.690909091,0.570093458,0.583333333,0.532110092,0.638095238,-2,-2,0.529953917,-2,-2,-2,-2,-2,-2,0.385026738,-2,-2,-2,-2,-2,-2,-2,0.648648649,-2,-2,-2,-2,-2,-2,-2,-2,-2,-2,-2,-2,-2,-2,-2,-2,-2,-2,0.660633484,-2,-2,0.653153153,-2,0.684684685,-2,-2,-2,-2,-2,-2,-2,-2,-2,-2,-2CHL,0.704861111,0.634146341,-2,0.675182482,0.696581197,0.721428571,-2,-2,-2,-2,-2,-2,-2,-2,-2,0.669117647,-2,0.563559322,0.751072961,0.666666667,0.727272727,0.658536585,0.794979079,0.615107914,0.607017544,-2,-2,0.63197026,0.676579926,0.684027778,0.767527675,0.698198198,-2,0.61130742,0.677304965,0.600694444,-2,0.622377622,0.557491289,0.622137405,0.638888889,-2,-2,-2,-2,-2,-2,-2,0.206293706,-2,-2,-2,-2,-2,-2,-2,-2,-2,-2,-2,0.274647887,-2,-2,0.620071685,-2,-2,-2,-2,0.206293706,-2,-2,-2,0.209059233,0.206293706,-2,-2,-2,-2,0.581481481,0.655052265,0.599303136,0.729613734,-2,-2,-2,-2,-2,-2,-2,-2,-2,-2,-2,-2,-2,0.589353612,-2,-2,-2,-2,-2,-2,-2,-2,-2,-2,-2,-2,-2,-2,-2,-2,-2,0.590405904,-2,-2,-2,-2,-2,-2,0.516981132,-2,-2,-2,-2,-2,-2,-2,-2,-2,-2,-2,-2,-2,-2,0.589473684,0.623239437,0.5,0.535460993,0.483271375,0.548148148,-2,-2,0.472727273,-2,-2,-2,-2,-2,-2,0.395744681,-2,-2,-2,-2,-2,-2,-2,0.649305556,-2,-2,-2,-2,-2,-2,-2,-2,-2,-2,-2,-2,-2,-2,-2,-2,-2,-2,0.642105263,-2,-2,0.611111111,-2,0.677083333,-2,-2,-2,-2,-2,-2,-2,-2,-2,-2,-2ARG,0.623239437,0.607773852,-2,0.662962963,0.534782609,0.655913978,-2,-2,-2,-2,-2,-2,-2,-2,-2,0.597785978,-2,0.487068966,0.622807018,0.686635945,0.682730924,0.715,0.561181435,0.613138686,0.684397163,-2,-2,0.649056604,0.720754717,0.697183099,0.700374532,0.683257919,0.61130742,-2,0.629496403,0.584507042,-2,0.553191489,0.549295775,0.608527132,0.573943662,-2,-2,-2,-2,-2,-2,-2,0.237588652,-2,-2,-2,-2,-2,-2,-2,-2,-2,-2,-2,0.206405694,-2,-2,0.614545455,-2,-2,-2,-2,0.230496454,-2,-2,-2,0.233215548,0.230496454,-2,-2,-2,-2,0.5,0.551236749,0.5,0.575107296,-2,-2,-2,-2,-2,-2,-2,-2,-2,-2,-2,-2,-2,0.538461538,-2,-2,-2,-2,-2,-2,-2,-2,-2,-2,-2,-2,-2,-2,-2,-2,-2,0.52238806,-2,-2,-2,-2,-2,-2,0.539622642,-2,-2,-2,-2,-2,-2,-2,-2,-2,-2,-2,-2,-2,-2,0.558718861,0.582142857,0.554716981,0.532374101,0.496212121,0.54887218,-2,-2,0.494464945,-2,-2,-2,-2,-2,-2,0.471861472,-2,-2,-2,-2,-2,-2,-2,0.538732394,-2,-2,-2,-2,-2,-2,-2,-2,-2,-2,-2,-2,-2,-2,-2,-2,-2,-2,0.558718861,-2,-2,0.570422535,-2,0.556338028,-2,-2,-2,-2,-2,-2,-2,-2,-2,-2,-2URY,0.692579505,0.592198582,-2,0.730627306,0.627705628,0.650909091,-2,-2,-2,-2,-2,-2,-2,-2,-2,0.719101124,-2,0.67965368,0.692982456,0.634703196,0.626506024,0.733668342,0.721030043,0.608695652,0.610714286,-2,-2,0.659090909,0.571969697,0.674911661,0.657894737,0.633027523,0.677304965,0.629496403,-2,0.607773852,-2,0.572953737,0.514184397,0.575875486,0.572438163,-2,-2,-2,-2,-2,-2,-2,0.274021352,-2,-2,-2,-2,-2,-2,-2,-2,-2,-2,-2,0.35125448,-2,-2,0.576642336,-2,-2,-2,-2,0.274021352,-2,-2,-2,0.276595745,0.274021352,-2,-2,-2,-2,0.566037736,0.617021277,0.595744681,0.662393162,-2,-2,-2,-2,-2,-2,-2,-2,-2,-2,-2,-2,-2,0.595330739,-2,-2,-2,-2,-2,-2,-2,-2,-2,-2,-2,-2,-2,-2,-2,-2,-2,0.54887218,-2,-2,-2,-2,-2,-2,0.538461538,-2,-2,-2,-2,-2,-2,-2,-2,-2,-2,-2,-2,-2,-2,0.603571429,0.609318996,0.53256705,0.519855596,0.505660377,0.561797753,-2,-2,0.485185185,-2,-2,-2,-2,-2,-2,0.463519313,-2,-2,-2,-2,-2,-2,-2,0.604240283,-2,-2,-2,-2,-2,-2,-2,-2,-2,-2,-2,-2,-2,-2,-2,-2,-2,-2,0.65,-2,-2,0.607773852,-2,0.607773852,-2,-2,-2,-2,-2,-2,-2,-2,-2,-2,-2GBR,0.778546713,0.8125,-2,0.570909091,0.476595745,0.629893238,-2,-2,-2,-2,-2,-2,-2,-2,-2,0.52014652,-2,0.43220339,0.605150215,0.599099099,0.673228346,0.629268293,0.594142259,0.494623656,0.545454545,-2,-2,0.514814815,0.637037037,0.653979239,0.617647059,0.684684685,0.600694444,0.584507042,0.607773852,-2,-2,0.770034843,0.711805556,0.760456274,0.660899654,-2,-2,-2,-2,-2,-2,-2,0.146341463,-2,-2,-2,-2,-2,-2,-2,-2,-2,-2,-2,0.221052632,-2,-2,0.696428571,-2,-2,-2,-2,0.142857143,-2,-2,-2,0.142361111,0.149825784,-2,-2,-2,-2,0.704797048,0.777777778,0.746527778,0.782051282,-2,-2,-2,-2,-2,-2,-2,-2,-2,-2,-2,-2,-2,0.524714829,-2,-2,-2,-2,-2,-2,-2,-2,-2,-2,-2,-2,-2,-2,-2,-2,-2,0.455882353,-2,-2,-2,-2,-2,-2,0.72556391,-2,-2,-2,-2,-2,-2,-2,-2,-2,-2,-2,-2,-2,-2,0.416083916,0.705263158,0.404494382,0.431095406,0.360594796,0.453874539,-2,-2,0.34057971,-2,-2,-2,-2,-2,-2,0.279661017,-2,-2,-2,-2,-2,-2,-2,0.55017301,-2,-2,-2,-2,-2,-2,-2,-2,-2,-2,-2,-2,-2,-2,-2,-2,-2,-2,0.503496503,-2,-2,0.75432526,-2,0.750865052,-2,-2,-2,-2,-2,-2,-2,-2,-2,-2,-2IRL,-2,-2,-2,-2,-2,-2,-2,-2,-2,-2,-2,-2,-2,-2,-2,-2,-2,-2,-2,-2,-2,-2,-2,-2,-2,-2,-2,-2,-2,-2,-2,-2,-2,-2,-2,-2,-2,-2,-2,-2,-2,-2,-2,-2,-2,-2,-2,-2,-2,-2,-2,-2,-2,-2,-2,-2,-2,-2,-2,-2,-2,-2,-2,-2,-2,-2,-2,-2,-2,-2,-2,-2,-2,-2,-2,-2,-2,-2,-2,-2,-2,-2,-2,-2,-2,-2,-2,-2,-2,-2,-2,-2,-2,-2,-2,-2,-2,-2,-2,-2,-2,-2,-2,-2,-2,-2,-2,-2,-2,-2,-2,-2,-2,-2,-2,-2,-2,-2,-2,-2,-2,-2,-2,-2,-2,-2,-2,-2,-2,-2,-2,-2,-2,-2,-2,-2,-2,-2,-2,-2,-2,-2,-2,-2,-2,-2,-2,-2,-2,-2,-2,-2,-2,-2,-2,-2,-2,-2,-2,-2,-2,-2,-2,-2,-2,-2,-2,-2,-2,-2,-2,-2,-2,-2,-2,-2,-2,-2,-2,-2,-2,-2,-2,-2,-2,-2,-2,-2,-2,-2,-2,-2,-2,-2NLD,0.770034843,0.769230769,-2,0.523809524,0.512820513,0.64516129,-2,-2,-2,-2,-2,-2,-2,-2,-2,0.496323529,-2,0.38559322,0.662337662,0.599099099,0.66798419,0.617647059,0.655462185,0.561151079,0.51056338,-2,-2,0.537313433,0.660447761,0.641114983,0.644444444,0.687782805,0.622377622,0.553191489,0.572953737,0.770034843,-2,-2,0.783216783,0.805343511,0.644599303,-2,-2,-2,-2,-2,-2,-2,0.157894737,-2,-2,-2,-2,-2,-2,-2,-2,-2,-2,-2,0.197879859,-2,-2,0.756272401,-2,-2,-2,-2,0.178947368,-2,-2,-2,0.178321678,0.178947368,-2,-2,-2,-2,0.656826568,0.716783217,0.744755245,0.756410256,-2,-2,-2,-2,-2,-2,-2,-2,-2,-2,-2,-2,-2,0.507633588,-2,-2,-2,-2,-2,-2,-2,-2,-2,-2,-2,-2,-2,-2,-2,-2,-2,0.413284133,-2,-2,-2,-2,-2,-2,0.757575758,-2,-2,-2,-2,-2,-2,-2,-2,-2,-2,-2,-2,-2,-2,0.394366197,0.689045936,0.411320755,0.412811388,0.370786517,0.434944238,-2,-2,0.328467153,-2,-2,-2,-2,-2,-2,0.309322034,-2,-2,-2,-2,-2,-2,-2,0.557491289,-2,-2,-2,-2,-2,-2,-2,-2,-2,-2,-2,-2,-2,-2,-2,-2,-2,-2,0.50877193,-2,-2,0.710801394,-2,0.738675958,-2,-2,-2,-2,-2,-2,-2,-2,-2,-2,-2BEL,0.704861111,0.700348432,-2,0.52189781,0.512820513,0.614285714,-2,-2,-2,-2,-2,-2,-2,-2,-2,0.474264706,-2,0.36440678,0.586206897,0.633484163,0.687747036,0.583333333,0.613445378,0.586330935,0.506993007,-2,-2,0.520446097,0.639405204,0.614583333,0.693726937,0.698198198,0.557491289,0.549295775,0.514184397,0.711805556,-2,0.783216783,-2,0.919847328,0.652777778,-2,-2,-2,-2,-2,-2,-2,0.216783217,-2,-2,-2,-2,-2,-2,-2,-2,-2,-2,-2,0.175438596,-2,-2,0.734767025,-2,-2,-2,-2,0.206293706,-2,-2,-2,0.198606272,0.206293706,-2,-2,-2,-2,0.625925926,0.637630662,0.694444444,0.713675214,-2,-2,-2,-2,-2,-2,-2,-2,-2,-2,-2,-2,-2,0.467680608,-2,-2,-2,-2,-2,-2,-2,-2,-2,-2,-2,-2,-2,-2,-2,-2,-2,0.422794118,-2,-2,-2,-2,-2,-2,0.729323308,-2,-2,-2,-2,-2,-2,-2,-2,-2,-2,-2,-2,-2,-2,0.421052632,0.626760563,0.398496241,0.425531915,0.380597015,0.440740741,-2,-2,0.338181818,-2,-2,-2,-2,-2,-2,0.323404255,-2,-2,-2,-2,-2,-2,-2,0.548611111,-2,-2,-2,-2,-2,-2,-2,-2,-2,-2,-2,-2,-2,-2,-2,-2,-2,-2,0.480701754,-2,-2,0.71875,-2,0.628472222,-2,-2,-2,-2,-2,-2,-2,-2,-2,-2,-2LUX,0.764258555,0.767175573,-2,0.585657371,0.565789474,0.66536965,-2,-2,-2,-2,-2,-2,-2,-2,-2,0.513944223,-2,0.396313364,0.615384615,0.671361502,0.738197425,0.61025641,0.644067797,0.590551181,0.565384615,-2,-2,0.573770492,0.706122449,0.676806084,0.72972973,0.744075829,0.622137405,0.608527132,0.575875486,0.760456274,-2,0.805343511,0.919847328,-2,0.72243346,-2,-2,-2,-2,-2,-2,-2,0.222222222,-2,-2,-2,-2,-2,-2,-2,-2,-2,-2,-2,0.200772201,-2,-2,0.781609195,-2,-2,-2,-2,0.222222222,-2,-2,-2,0.221374046,0.22605364,-2,-2,-2,-2,0.662650602,0.713740458,0.72519084,0.775700935,-2,-2,-2,-2,-2,-2,-2,-2,-2,-2,-2,-2,-2,0.535564854,-2,-2,-2,-2,-2,-2,-2,-2,-2,-2,-2,-2,-2,-2,-2,-2,-2,0.489878543,-2,-2,-2,-2,-2,-2,0.758893281,-2,-2,-2,-2,-2,-2,-2,-2,-2,-2,-2,-2,-2,-2,0.484615385,0.675675676,0.430278884,0.478927203,0.432098765,0.493975904,-2,-2,0.392,-2,-2,-2,-2,-2,-2,0.334801762,-2,-2,-2,-2,-2,-2,-2,0.627376426,-2,-2,-2,-2,-2,-2,-2,-2,-2,-2,-2,-2,-2,-2,-2,-2,-2,-2,0.540229885,-2,-2,0.764258555,-2,0.699619772,-2,-2,-2,-2,-2,-2,-2,-2,-2,-2,-2FRA,0.660899654,0.65625,-2,0.596363636,0.578723404,0.62633452,-2,-2,-2,-2,-2,-2,-2,-2,-2,0.586080586,-2,0.542372881,0.583690987,0.558558559,0.653543307,0.585365854,0.640167364,0.555555556,0.541958042,-2,-2,0.562962963,0.651851852,0.60899654,0.639705882,0.644144144,0.638888889,0.573943662,0.572438163,0.660899654,-2,0.644599303,0.652777778,0.72243346,-2,-2,-2,-2,-2,-2,-2,-2,0.264808362,-2,-2,-2,-2,-2,-2,-2,-2,-2,-2,-2,0.263157895,-2,-2,0.610714286,-2,-2,-2,-2,0.268292683,-2,-2,-2,0.270833333,0.271777003,-2,-2,-2,-2,0.634686347,0.6875,0.621527778,0.713675214,-2,-2,-2,-2,-2,-2,-2,-2,-2,-2,-2,-2,-2,0.52851711,-2,-2,-2,-2,-2,-2,-2,-2,-2,-2,-2,-2,-2,-2,-2,-2,-2,0.555147059,-2,-2,-2,-2,-2,-2,0.593984962,-2,-2,-2,-2,-2,-2,-2,-2,-2,-2,-2,-2,-2,-2,0.513986014,0.568421053,0.456928839,0.462897527,0.431226766,0.494464945,-2,-2,0.398550725,-2,-2,-2,-2,-2,-2,0.355932203,-2,-2,-2,-2,-2,-2,-2,0.574394464,-2,-2,-2,-2,-2,-2,-2,-2,-2,-2,-2,-2,-2,-2,-2,-2,-2,-2,0.548951049,-2,-2,0.674740484,-2,0.667820069,-2,-2,-2,-2,-2,-2,-2,-2,-2,-2,-2MCO,-2,-2,-2,-2,-2,-2,-2,-2,-2,-2,-2,-2,-2,-2,-2,-2,-2,-2,-2,-2,-2,-2,-2,-2,-2,-2,-2,-2,-2,-2,-2,-2,-2,-2,-2,-2,-2,-2,-2,-2,-2,-2,-2,-2,-2,-2,-2,-2,-2,-2,-2,-2,-2,-2,-2,-2,-2,-2,-2,-2,-2,-2,-2,-2,-2,-2,-2,-2,-2,-2,-2,-2,-2,-2,-2,-2,-2,-2,-2,-2,-2,-2,-2,-2,-2,-2,-2,-2,-2,-2,-2,-2,-2,-2,-2,-2,-2,-2,-2,-2,-2,-2,-2,-2,-2,-2,-2,-2,-2,-2,-2,-2,-2,-2,-2,-2,-2,-2,-2,-2,-2,-2,-2,-2,-2,-2,-2,-2,-2,-2,-2,-2,-2,-2,-2,-2,-2,-2,-2,-2,-2,-2,-2,-2,-2,-2,-2,-2,-2,-2,-2,-2,-2,-2,-2,-2,-2,-2,-2,-2,-2,-2,-2,-2,-2,-2,-2,-2,-2,-2,-2,-2,-2,-2,-2,-2,-2,-2,-2,-2,-2,-2,-2,-2,-2,-2,-2,-2,-2,-2,-2,-2,-2,-2LIE,-2,-2,-2,-2,-2,-2,-2,-2,-2,-2,-2,-2,-2,-2,-2,-2,-2,-2,-2,-2,-2,-2,-2,-2,-2,-2,-2,-2,-2,-2,-2,-2,-2,-2,-2,-2,-2,-2,-2,-2,-2,-2,-2,-2,-2,-2,-2,-2,-2,-2,-2,-2,-2,-2,-2,-2,-2,-2,-2,-2,-2,-2,-2,-2,-2,-2,-2,-2,-2,-2,-2,-2,-2,-2,-2,-2,-2,-2,-2,-2,-2,-2,-2,-2,-2,-2,-2,-2,-2,-2,-2,-2,-2,-2,-2,-2,-2,-2,-2,-2,-2,-2,-2,-2,-2,-2,-2,-2,-2,-2,-2,-2,-2,-2,-2,-2,-2,-2,-2,-2,-2,-2,-2,-2,-2,-2,-2,-2,-2,-2,-2,-2,-2,-2,-2,-2,-2,-2,-2,-2,-2,-2,-2,-2,-2,-2,-2,-2,-2,-2,-2,-2,-2,-2,-2,-2,-2,-2,-2,-2,-2,-2,-2,-2,-2,-2,-2,-2,-2,-2,-2,-2,-2,-2,-2,-2,-2,-2,-2,-2,-2,-2,-2,-2,-2,-2,-2,-2,-2,-2,-2,-2,-2,-2CHE,-2,-2,-2,-2,-2,-2,-2,-2,-2,-2,-2,-2,-2,-2,-2,-2,-2,-2,-2,-2,-2,-2,-2,-2,-2,-2,-2,-2,-2,-2,-2,-2,-2,-2,-2,-2,-2,-2,-2,-2,-2,-2,-2,-2,-2,-2,-2,-2,-2,-2,-2,-2,-2,-2,-2,-2,-2,-2,-2,-2,-2,-2,-2,-2,-2,-2,-2,-2,-2,-2,-2,-2,-2,-2,-2,-2,-2,-2,-2,-2,-2,-2,-2,-2,-2,-2,-2,-2,-2,-2,-2,-2,-2,-2,-2,-2,-2,-2,-2,-2,-2,-2,-2,-2,-2,-2,-2,-2,-2,-2,-2,-2,-2,-2,-2,-2,-2,-2,-2,-2,-2,-2,-2,-2,-2,-2,-2,-2,-2,-2,-2,-2,-2,-2,-2,-2,-2,-2,-2,-2,-2,-2,-2,-2,-2,-2,-2,-2,-2,-2,-2,-2,-2,-2,-2,-2,-2,-2,-2,-2,-2,-2,-2,-2,-2,-2,-2,-2,-2,-2,-2,-2,-2,-2,-2,-2,-2,-2,-2,-2,-2,-2,-2,-2,-2,-2,-2,-2,-2,-2,-2,-2,-2,-2ESP,-2,-2,-2,-2,-2,-2,-2,-2,-2,-2,-2,-2,-2,-2,-2,-2,-2,-2,-2,-2,-2,-2,-2,-2,-2,-2,-2,-2,-2,-2,-2,-2,-2,-2,-2,-2,-2,-2,-2,-2,-2,-2,-2,-2,-2,-2,-2,-2,-2,-2,-2,-2,-2,-2,-2,-2,-2,-2,-2,-2,-2,-2,-2,-2,-2,-2,-2,-2,-2,-2,-2,-2,-2,-2,-2,-2,-2,-2,-2,-2,-2,-2,-2,-2,-2,-2,-2,-2,-2,-2,-2,-2,-2,-2,-2,-2,-2,-2,-2,-2,-2,-2,-2,-2,-2,-2,-2,-2,-2,-2,-2,-2,-2,-2,-2,-2,-2,-2,-2,-2,-2,-2,-2,-2,-2,-2,-2,-2,-2,-2,-2,-2,-2,-2,-2,-2,-2,-2,-2,-2,-2,-2,-2,-2,-2,-2,-2,-2,-2,-2,-2,-2,-2,-2,-2,-2,-2,-2,-2,-2,-2,-2,-2,-2,-2,-2,-2,-2,-2,-2,-2,-2,-2,-2,-2,-2,-2,-2,-2,-2,-2,-2,-2,-2,-2,-2,-2,-2,-2,-2,-2,-2,-2,-2AND,-2,-2,-2,-2,-2,-2,-2,-2,-2,-2,-2,-2,-2,-2,-2,-2,-2,-2,-2,-2,-2,-2,-2,-2,-2,-2,-2,-2,-2,-2,-2,-2,-2,-2,-2,-2,-2,-2,-2,-2,-2,-2,-2,-2,-2,-2,-2,-2,-2,-2,-2,-2,-2,-2,-2,-2,-2,-2,-2,-2,-2,-2,-2,-2,-2,-2,-2,-2,-2,-2,-2,-2,-2,-2,-2,-2,-2,-2,-2,-2,-2,-2,-2,-2,-2,-2,-2,-2,-2,-2,-2,-2,-2,-2,-2,-2,-2,-2,-2,-2,-2,-2,-2,-2,-2,-2,-2,-2,-2,-2,-2,-2,-2,-2,-2,-2,-2,-2,-2,-2,-2,-2,-2,-2,-2,-2,-2,-2,-2,-2,-2,-2,-2,-2,-2,-2,-2,-2,-2,-2,-2,-2,-2,-2,-2,-2,-2,-2,-2,-2,-2,-2,-2,-2,-2,-2,-2,-2,-2,-2,-2,-2,-2,-2,-2,-2,-2,-2,-2,-2,-2,-2,-2,-2,-2,-2,-2,-2,-2,-2,-2,-2,-2,-2,-2,-2,-2,-2,-2,-2,-2,-2,-2,-2PRT,-2,-2,-2,-2,-2,-2,-2,-2,-2,-2,-2,-2,-2,-2,-2,-2,-2,-2,-2,-2,-2,-2,-2,-2,-2,-2,-2,-2,-2,-2,-2,-2,-2,-2,-2,-2,-2,-2,-2,-2,-2,-2,-2,-2,-2,-2,-2,-2,-2,-2,-2,-2,-2,-2,-2,-2,-2,-2,-2,-2,-2,-2,-2,-2,-2,-2,-2,-2,-2,-2,-2,-2,-2,-2,-2,-2,-2,-2,-2,-2,-2