1949,USA,CAN,BHS,CUB,HTI,DOM,JAM,TTO,BRB,DMA,GRD,LCA,VCT,ATG,KNA,MEX,BLZ,GTM,HND,SLV,NIC,CRI,PAN,COL,VEN,GUY,SUR,ECU,PER,BRA,BOL,PRY,CHL,ARG,URY,GBR,IRL,NLD,BEL,LUX,FRA,MCO,LIE,CHE,ESP,AND,PRT,DEU,POL,AUT,HUN,CZE,SVK,ITA,SMR,MLT,ALB,MNE,MKD,HRV,SRB,BIH,SVN,GRC,CYP,BGR,MDA,ROU,RUS,EST,LVA,LTU,UKR,BLR,ARM,GEO,AZE,FIN,SWE,NOR,DNK,ISL,CPV,STP,GNB,GNQ,GMB,MLI,SEN,BEN,MRT,NER,CIV,GIN,BFA,LBR,SLE,GHA,TGO,CMR,NGA,GAB,CAF,TCD,COG,COD,UGA,KEN,TZA,BDI,RWA,SOM,DJI,ETH,ERI,AGO,MOZ,ZMB,ZWE,MWI,ZAF,NAM,LSO,BWA,SWZ,MDG,COM,MUS,SYC,MAR,DZA,TUN,LBY,SDN,SSD,IRN,TUR,IRQ,EGY,SYR,LBN,JOR,ISR,SAU,YEM,KWT,BHR,QAT,ARE,OMN,AFG,TKM,TJK,KGZ,UZB,KAZ,CHN,MNG,TWN,PRK,KOR,JPN,IND,BTN,PAK,BGD,MMR,LKA,MDV,NPL,THA,KHM,LAO,VNM,MYS,SGP,BRN,PHL,IDN,TLS,AUS,PNG,NZL,VUT,SLB,KIR,TUV,FJI,TON,NRU,MHL,PLW,FSM,WSMUSA,-2,0.699196429,-2,0.636666667,0.516216216,0.583293413,-2,-2,-2,-2,-2,-2,-2,-2,-2,0.460446429,-2,0.41184375,0.541369427,0.4775,0.630771605,0.580030675,0.651423841,0.625090909,0.563795181,-2,-2,0.529277108,0.604066265,0.659404762,0.4775,0.615302013,0.520389222,0.451766467,0.527300613,0.596875,-2,0.648035714,0.574136905,0.630544872,0.597687075,-2,-2,-2,-2,-2,-2,-2,0.210327381,-2,-2,-2,-2,-2,-2,-2,-2,-2,-2,-2,0.352440476,-2,-2,0.55139881,-2,-2,-2,-2,0.210327381,-2,-2,-2,0.210327381,0.210327381,-2,-2,-2,-2,0.591190476,0.608244048,0.613928571,0.617941176,-2,-2,-2,-2,-2,-2,-2,-2,-2,-2,-2,-2,-2,0.42830303,-2,-2,-2,-2,-2,-2,-2,-2,-2,-2,-2,-2,-2,-2,-2,-2,-2,0.404038462,-2,-2,-2,-2,-2,-2,0.502631579,-2,-2,-2,-2,-2,-2,-2,-2,-2,-2,-2,-2,-2,-2,0.41745509,0.649659864,0.4775,0.348832335,0.324017857,0.448657718,-2,0.558042169,0.314520958,0.30654321,-2,-2,-2,-2,-2,0.296981707,-2,-2,-2,-2,-2,-2,-2,0.604066265,-2,-2,-2,0.320239521,-2,0.437228916,-2,0.28422619,-2,-2,-2,0.534345238,-2,-2,-2,-2,-2,-2,0.526107784,0.289910714,-2,0.602559524,-2,0.630982143,-2,-2,-2,-2,-2,-2,-2,-2,-2,-2,-2CAN,0.699196429,-2,-2,0.545714286,0.438783784,0.548982036,-2,-2,-2,-2,-2,-2,-2,-2,-2,0.454761905,-2,0.43571875,0.517038217,0.459134615,0.589506173,0.533159509,0.588178808,0.625090909,0.586807229,-2,-2,0.489006024,0.592560241,0.608244048,0.442981928,0.531979866,0.53754491,0.491796407,0.533159509,0.727619048,-2,0.744672619,0.693511905,0.771346154,0.773095238,-2,-2,-2,-2,-2,-2,-2,0.23875,-2,-2,-2,-2,-2,-2,-2,-2,-2,-2,-2,0.375178571,-2,-2,0.591190476,-2,-2,-2,-2,0.23875,-2,-2,-2,0.23875,0.23875,-2,-2,-2,-2,0.665089286,0.676458333,0.710565476,0.642908497,-2,-2,-2,-2,-2,-2,-2,-2,-2,-2,-2,-2,-2,0.445666667,-2,-2,-2,-2,-2,-2,-2,-2,-2,-2,-2,-2,-2,-2,-2,-2,-2,0.416282051,-2,-2,-2,-2,-2,-2,0.552894737,-2,-2,-2,-2,-2,-2,-2,-2,-2,-2,-2,-2,-2,-2,0.406017964,0.662653061,0.454487952,0.360269461,0.346755952,0.474295302,-2,0.558042169,0.33739521,0.324228395,-2,-2,-2,-2,-2,0.326097561,-2,-2,-2,-2,-2,-2,-2,0.529277108,-2,-2,-2,0.37742515,-2,0.431475904,-2,0.341071429,-2,-2,-2,0.500238095,-2,-2,-2,-2,-2,-2,0.428892216,0.324017857,-2,0.71625,-2,0.79014881,-2,-2,-2,-2,-2,-2,-2,-2,-2,-2,-2BHS,-2,-2,-2,-2,-2,-2,-2,-2,-2,-2,-2,-2,-2,-2,-2,-2,-2,-2,-2,-2,-2,-2,-2,-2,-2,-2,-2,-2,-2,-2,-2,-2,-2,-2,-2,-2,-2,-2,-2,-2,-2,-2,-2,-2,-2,-2,-2,-2,-2,-2,-2,-2,-2,-2,-2,-2,-2,-2,-2,-2,-2,-2,-2,-2,-2,-2,-2,-2,-2,-2,-2,-2,-2,-2,-2,-2,-2,-2,-2,-2,-2,-2,-2,-2,-2,-2,-2,-2,-2,-2,-2,-2,-2,-2,-2,-2,-2,-2,-2,-2,-2,-2,-2,-2,-2,-2,-2,-2,-2,-2,-2,-2,-2,-2,-2,-2,-2,-2,-2,-2,-2,-2,-2,-2,-2,-2,-2,-2,-2,-2,-2,-2,-2,-2,-2,-2,-2,-2,-2,-2,-2,-2,-2,-2,-2,-2,-2,-2,-2,-2,-2,-2,-2,-2,-2,-2,-2,-2,-2,-2,-2,-2,-2,-2,-2,-2,-2,-2,-2,-2,-2,-2,-2,-2,-2,-2,-2,-2,-2,-2,-2,-2,-2,-2,-2,-2,-2,-2,-2,-2,-2,-2,-2,-2CUB,0.636666667,0.545714286,-2,-2,0.703344595,0.606167665,-2,-2,-2,-2,-2,-2,-2,-2,-2,0.630982143,-2,0.57896875,0.711687898,0.691762821,0.666141975,0.656196319,0.733642384,0.659818182,0.650090361,-2,-2,0.724879518,0.581054217,0.721934524,0.650090361,0.660167785,0.657634731,0.548982036,0.656196319,0.454761905,-2,0.488869048,0.43202381,0.501987179,0.474251701,-2,-2,-2,-2,-2,-2,-2,0.363809524,-2,-2,-2,-2,-2,-2,-2,-2,-2,-2,-2,0.534345238,-2,-2,0.596875,-2,-2,-2,-2,0.363809524,-2,-2,-2,0.363809524,0.363809524,-2,-2,-2,-2,0.471815476,0.52297619,0.517291667,0.586732026,-2,-2,-2,-2,-2,-2,-2,-2,-2,-2,-2,-2,-2,0.613515152,-2,-2,-2,-2,-2,-2,-2,-2,-2,-2,-2,-2,-2,-2,-2,-2,-2,0.550961538,-2,-2,-2,-2,-2,-2,0.410482456,-2,-2,-2,-2,-2,-2,-2,-2,-2,-2,-2,-2,-2,-2,0.611886228,0.532721088,0.667349398,0.571856287,0.545714286,0.660167785,-2,0.627078313,0.53754491,0.506975309,-2,-2,-2,-2,-2,0.529908537,-2,-2,-2,-2,-2,-2,-2,0.650090361,-2,-2,-2,0.49751497,-2,0.627078313,-2,0.500238095,-2,-2,-2,0.676458333,-2,-2,-2,-2,-2,-2,0.709101796,0.488869048,-2,0.454761905,-2,0.483184524,-2,-2,-2,-2,-2,-2,-2,-2,-2,-2,-2HTI,0.516216216,0.438783784,-2,0.703344595,-2,0.597687075,-2,-2,-2,-2,-2,-2,-2,-2,-2,0.671081081,-2,0.650212766,0.766788321,0.765404412,0.643298611,0.67451049,0.692557252,0.625689655,0.601780822,-2,-2,0.726061644,0.549452055,0.632364865,0.686815068,0.652034483,0.656156463,0.532721088,0.641118881,0.387162162,-2,0.374256757,0.367804054,0.383394161,0.398543307,-2,-2,-2,-2,-2,-2,-2,0.40652027,-2,-2,-2,-2,-2,-2,-2,-2,-2,-2,-2,0.587195946,-2,-2,0.587195946,-2,-2,-2,-2,0.40652027,-2,-2,-2,0.40652027,0.40652027,-2,-2,-2,-2,0.348445946,0.400067568,0.374256757,0.516407407,-2,-2,-2,-2,-2,-2,-2,-2,-2,-2,-2,-2,-2,0.667191781,-2,-2,-2,-2,-2,-2,-2,-2,-2,-2,-2,-2,-2,-2,-2,-2,-2,0.616770833,-2,-2,-2,-2,-2,-2,0.321227273,-2,-2,-2,-2,-2,-2,-2,-2,-2,-2,-2,-2,-2,-2,0.677533784,0.488779528,0.719520548,0.617176871,0.600101351,0.685267176,-2,0.536369863,0.591190476,0.538028169,-2,-2,-2,-2,-2,0.576979167,-2,-2,-2,-2,-2,-2,-2,0.542910959,-2,-2,-2,0.500238095,-2,0.634486301,-2,0.522668919,-2,-2,-2,0.632364865,-2,-2,-2,-2,-2,-2,0.747108844,0.554932432,-2,0.380709459,-2,0.348445946,-2,-2,-2,-2,-2,-2,-2,-2,-2,-2,-2DOM,0.583293413,0.548982036,-2,0.606167665,0.597687075,-2,-2,-2,-2,-2,-2,-2,-2,-2,-2,0.514670659,-2,0.468490566,0.612179487,0.529870968,0.642561728,0.583611111,0.664072848,0.71625,0.659818182,-2,-2,0.601939394,0.654030303,0.623323353,0.561424242,0.580743243,0.609819277,0.558042169,0.571820988,0.508952096,-2,0.571856287,0.514670659,0.544839744,0.516746575,-2,-2,-2,-2,-2,-2,-2,0.291646707,-2,-2,-2,-2,-2,-2,-2,-2,-2,-2,-2,0.434610778,-2,-2,0.53754491,-2,-2,-2,-2,0.291646707,-2,-2,-2,0.291646707,0.291646707,-2,-2,-2,-2,0.463203593,0.514670659,0.491796407,0.561764706,-2,-2,-2,-2,-2,-2,-2,-2,-2,-2,-2,-2,-2,0.564847561,-2,-2,-2,-2,-2,-2,-2,-2,-2,-2,-2,-2,-2,-2,-2,-2,-2,0.480580645,-2,-2,-2,-2,-2,-2,0.490176991,-2,-2,-2,-2,-2,-2,-2,-2,-2,-2,-2,-2,-2,-2,0.512018072,0.643163265,0.532484848,0.414216867,0.411736527,0.496858108,-2,0.52669697,0.385451807,0.373695652,-2,-2,-2,-2,-2,0.386687117,-2,-2,-2,-2,-2,-2,-2,0.584575758,-2,-2,-2,0.396957831,-2,0.497757576,-2,0.400299401,-2,-2,-2,0.566137725,-2,-2,-2,-2,-2,-2,0.581054217,0.400299401,-2,0.514670659,-2,0.520389222,-2,-2,-2,-2,-2,-2,-2,-2,-2,-2,-2JAM,-2,-2,-2,-2,-2,-2,-2,-2,-2,-2,-2,-2,-2,-2,-2,-2,-2,-2,-2,-2,-2,-2,-2,-2,-2,-2,-2,-2,-2,-2,-2,-2,-2,-2,-2,-2,-2,-2,-2,-2,-2,-2,-2,-2,-2,-2,-2,-2,-2,-2,-2,-2,-2,-2,-2,-2,-2,-2,-2,-2,-2,-2,-2,-2,-2,-2,-2,-2,-2,-2,-2,-2,-2,-2,-2,-2,-2,-2,-2,-2,-2,-2,-2,-2,-2,-2,-2,-2,-2,-2,-2,-2,-2,-2,-2,-2,-2,-2,-2,-2,-2,-2,-2,-2,-2,-2,-2,-2,-2,-2,-2,-2,-2,-2,-2,-2,-2,-2,-2,-2,-2,-2,-2,-2,-2,-2,-2,-2,-2,-2,-2,-2,-2,-2,-2,-2,-2,-2,-2,-2,-2,-2,-2,-2,-2,-2,-2,-2,-2,-2,-2,-2,-2,-2,-2,-2,-2,-2,-2,-2,-2,-2,-2,-2,-2,-2,-2,-2,-2,-2,-2,-2,-2,-2,-2,-2,-2,-2,-2,-2,-2,-2,-2,-2,-2,-2,-2,-2,-2,-2,-2,-2,-2,-2TTO,-2,-2,-2,-2,-2,-2,-2,-2,-2,-2,-2,-2,-2,-2,-2,-2,-2,-2,-2,-2,-2,-2,-2,-2,-2,-2,-2,-2,-2,-2,-2,-2,-2,-2,-2,-2,-2,-2,-2,-2,-2,-2,-2,-2,-2,-2,-2,-2,-2,-2,-2,-2,-2,-2,-2,-2,-2,-2,-2,-2,-2,-2,-2,-2,-2,-2,-2,-2,-2,-2,-2,-2,-2,-2,-2,-2,-2,-2,-2,-2,-2,-2,-2,-2,-2,-2,-2,-2,-2,-2,-2,-2,-2,-2,-2,-2,-2,-2,-2,-2,-2,-2,-2,-2,-2,-2,-2,-2,-2,-2,-2,-2,-2,-2,-2,-2,-2,-2,-2,-2,-2,-2,-2,-2,-2,-2,-2,-2,-2,-2,-2,-2,-2,-2,-2,-2,-2,-2,-2,-2,-2,-2,-2,-2,-2,-2,-2,-2,-2,-2,-2,-2,-2,-2,-2,-2,-2,-2,-2,-2,-2,-2,-2,-2,-2,-2,-2,-2,-2,-2,-2,-2,-2,-2,-2,-2,-2,-2,-2,-2,-2,-2,-2,-2,-2,-2,-2,-2,-2,-2,-2,-2,-2,-2BRB,-2,-2,-2,-2,-2,-2,-2,-2,-2,-2,-2,-2,-2,-2,-2,-2,-2,-2,-2,-2,-2,-2,-2,-2,-2,-2,-2,-2,-2,-2,-2,-2,-2,-2,-2,-2,-2,-2,-2,-2,-2,-2,-2,-2,-2,-2,-2,-2,-2,-2,-2,-2,-2,-2,-2,-2,-2,-2,-2,-2,-2,-2,-2,-2,-2,-2,-2,-2,-2,-2,-2,-2,-2,-2,-2,-2,-2,-2,-2,-2,-2,-2,-2,-2,-2,-2,-2,-2,-2,-2,-2,-2,-2,-2,-2,-2,-2,-2,-2,-2,-2,-2,-2,-2,-2,-2,-2,-2,-2,-2,-2,-2,-2,-2,-2,-2,-2,-2,-2,-2,-2,-2,-2,-2,-2,-2,-2,-2,-2,-2,-2,-2,-2,-2,-2,-2,-2,-2,-2,-2,-2,-2,-2,-2,-2,-2,-2,-2,-2,-2,-2,-2,-2,-2,-2,-2,-2,-2,-2,-2,-2,-2,-2,-2,-2,-2,-2,-2,-2,-2,-2,-2,-2,-2,-2,-2,-2,-2,-2,-2,-2,-2,-2,-2,-2,-2,-2,-2,-2,-2,-2,-2,-2,-2DMA,-2,-2,-2,-2,-2,-2,-2,-2,-2,-2,-2,-2,-2,-2,-2,-2,-2,-2,-2,-2,-2,-2,-2,-2,-2,-2,-2,-2,-2,-2,-2,-2,-2,-2,-2,-2,-2,-2,-2,-2,-2,-2,-2,-2,-2,-2,-2,-2,-2,-2,-2,-2,-2,-2,-2,-2,-2,-2,-2,-2,-2,-2,-2,-2,-2,-2,-2,-2,-2,-2,-2,-2,-2,-2,-2,-2,-2,-2,-2,-2,-2,-2,-2,-2,-2,-2,-2,-2,-2,-2,-2,-2,-2,-2,-2,-2,-2,-2,-2,-2,-2,-2,-2,-2,-2,-2,-2,-2,-2,-2,-2,-2,-2,-2,-2,-2,-2,-2,-2,-2,-2,-2,-2,-2,-2,-2,-2,-2,-2,-2,-2,-2,-2,-2,-2,-2,-2,-2,-2,-2,-2,-2,-2,-2,-2,-2,-2,-2,-2,-2,-2,-2,-2,-2,-2,-2,-2,-2,-2,-2,-2,-2,-2,-2,-2,-2,-2,-2,-2,-2,-2,-2,-2,-2,-2,-2,-2,-2,-2,-2,-2,-2,-2,-2,-2,-2,-2,-2,-2,-2,-2,-2,-2,-2GRD,-2,-2,-2,-2,-2,-2,-2,-2,-2,-2,-2,-2,-2,-2,-2,-2,-2,-2,-2,-2,-2,-2,-2,-2,-2,-2,-2,-2,-2,-2,-2,-2,-2,-2,-2,-2,-2,-2,-2,-2,-2,-2,-2,-2,-2,-2,-2,-2,-2,-2,-2,-2,-2,-2,-2,-2,-2,-2,-2,-2,-2,-2,-2,-2,-2,-2,-2,-2,-2,-2,-2,-2,-2,-2,-2,-2,-2,-2,-2,-2,-2,-2,-2,-2,-2,-2,-2,-2,-2,-2,-2,-2,-2,-2,-2,-2,-2,-2,-2,-2,-2,-2,-2,-2,-2,-2,-2,-2,-2,-2,-2,-2,-2,-2,-2,-2,-2,-2,-2,-2,-2,-2,-2,-2,-2,-2,-2,-2,-2,-2,-2,-2,-2,-2,-2,-2,-2,-2,-2,-2,-2,-2,-2,-2,-2,-2,-2,-2,-2,-2,-2,-2,-2,-2,-2,-2,-2,-2,-2,-2,-2,-2,-2,-2,-2,-2,-2,-2,-2,-2,-2,-2,-2,-2,-2,-2,-2,-2,-2,-2,-2,-2,-2,-2,-2,-2,-2,-2,-2,-2,-2,-2,-2,-2LCA,-2,-2,-2,-2,-2,-2,-2,-2,-2,-2,-2,-2,-2,-2,-2,-2,-2,-2,-2,-2,-2,-2,-2,-2,-2,-2,-2,-2,-2,-2,-2,-2,-2,-2,-2,-2,-2,-2,-2,-2,-2,-2,-2,-2,-2,-2,-2,-2,-2,-2,-2,-2,-2,-2,-2,-2,-2,-2,-2,-2,-2,-2,-2,-2,-2,-2,-2,-2,-2,-2,-2,-2,-2,-2,-2,-2,-2,-2,-2,-2,-2,-2,-2,-2,-2,-2,-2,-2,-2,-2,-2,-2,-2,-2,-2,-2,-2,-2,-2,-2,-2,-2,-2,-2,-2,-2,-2,-2,-2,-2,-2,-2,-2,-2,-2,-2,-2,-2,-2,-2,-2,-2,-2,-2,-2,-2,-2,-2,-2,-2,-2,-2,-2,-2,-2,-2,-2,-2,-2,-2,-2,-2,-2,-2,-2,-2,-2,-2,-2,-2,-2,-2,-2,-2,-2,-2,-2,-2,-2,-2,-2,-2,-2,-2,-2,-2,-2,-2,-2,-2,-2,-2,-2,-2,-2,-2,-2,-2,-2,-2,-2,-2,-2,-2,-2,-2,-2,-2,-2,-2,-2,-2,-2,-2VCT,-2,-2,-2,-2,-2,-2,-2,-2,-2,-2,-2,-2,-2,-2,-2,-2,-2,-2,-2,-2,-2,-2,-2,-2,-2,-2,-2,-2,-2,-2,-2,-2,-2,-2,-2,-2,-2,-2,-2,-2,-2,-2,-2,-2,-2,-2,-2,-2,-2,-2,-2,-2,-2,-2,-2,-2,-2,-2,-2,-2,-2,-2,-2,-2,-2,-2,-2,-2,-2,-2,-2,-2,-2,-2,-2,-2,-2,-2,-2,-2,-2,-2,-2,-2,-2,-2,-2,-2,-2,-2,-2,-2,-2,-2,-2,-2,-2,-2,-2,-2,-2,-2,-2,-2,-2,-2,-2,-2,-2,-2,-2,-2,-2,-2,-2,-2,-2,-2,-2,-2,-2,-2,-2,-2,-2,-2,-2,-2,-2,-2,-2,-2,-2,-2,-2,-2,-2,-2,-2,-2,-2,-2,-2,-2,-2,-2,-2,-2,-2,-2,-2,-2,-2,-2,-2,-2,-2,-2,-2,-2,-2,-2,-2,-2,-2,-2,-2,-2,-2,-2,-2,-2,-2,-2,-2,-2,-2,-2,-2,-2,-2,-2,-2,-2,-2,-2,-2,-2,-2,-2,-2,-2,-2,-2ATG,-2,-2,-2,-2,-2,-2,-2,-2,-2,-2,-2,-2,-2,-2,-2,-2,-2,-2,-2,-2,-2,-2,-2,-2,-2,-2,-2,-2,-2,-2,-2,-2,-2,-2,-2,-2,-2,-2,-2,-2,-2,-2,-2,-2,-2,-2,-2,-2,-2,-2,-2,-2,-2,-2,-2,-2,-2,-2,-2,-2,-2,-2,-2,-2,-2,-2,-2,-2,-2,-2,-2,-2,-2,-2,-2,-2,-2,-2,-2,-2,-2,-2,-2,-2,-2,-2,-2,-2,-2,-2,-2,-2,-2,-2,-2,-2,-2,-2,-2,-2,-2,-2,-2,-2,-2,-2,-2,-2,-2,-2,-2,-2,-2,-2,-2,-2,-2,-2,-2,-2,-2,-2,-2,-2,-2,-2,-2,-2,-2,-2,-2,-2,-2,-2,-2,-2,-2,-2,-2,-2,-2,-2,-2,-2,-2,-2,-2,-2,-2,-2,-2,-2,-2,-2,-2,-2,-2,-2,-2,-2,-2,-2,-2,-2,-2,-2,-2,-2,-2,-2,-2,-2,-2,-2,-2,-2,-2,-2,-2,-2,-2,-2,-2,-2,-2,-2,-2,-2,-2,-2,-2,-2,-2,-2KNA,-2,-2,-2,-2,-2,-2,-2,-2,-2,-2,-2,-2,-2,-2,-2,-2,-2,-2,-2,-2,-2,-2,-2,-2,-2,-2,-2,-2,-2,-2,-2,-2,-2,-2,-2,-2,-2,-2,-2,-2,-2,-2,-2,-2,-2,-2,-2,-2,-2,-2,-2,-2,-2,-2,-2,-2,-2,-2,-2,-2,-2,-2,-2,-2,-2,-2,-2,-2,-2,-2,-2,-2,-2,-2,-2,-2,-2,-2,-2,-2,-2,-2,-2,-2,-2,-2,-2,-2,-2,-2,-2,-2,-2,-2,-2,-2,-2,-2,-2,-2,-2,-2,-2,-2,-2,-2,-2,-2,-2,-2,-2,-2,-2,-2,-2,-2,-2,-2,-2,-2,-2,-2,-2,-2,-2,-2,-2,-2,-2,-2,-2,-2,-2,-2,-2,-2,-2,-2,-2,-2,-2,-2,-2,-2,-2,-2,-2,-2,-2,-2,-2,-2,-2,-2,-2,-2,-2,-2,-2,-2,-2,-2,-2,-2,-2,-2,-2,-2,-2,-2,-2,-2,-2,-2,-2,-2,-2,-2,-2,-2,-2,-2,-2,-2,-2,-2,-2,-2,-2,-2,-2,-2,-2,-2MEX,0.460446429,0.454761905,-2,0.630982143,0.671081081,0.514670659,-2,-2,-2,-2,-2,-2,-2,-2,-2,-2,-2,0.81175,0.663025478,0.734615385,0.571820988,0.644478528,0.626125828,0.544060606,0.592560241,-2,-2,0.724879518,0.540783133,0.608244048,0.736385542,0.602483221,0.651916168,0.61760479,0.703067485,0.346755952,-2,0.341071429,0.346755952,0.379551282,0.389795918,-2,-2,-2,-2,-2,-2,-2,0.511607143,-2,-2,-2,-2,-2,-2,-2,-2,-2,-2,-2,0.721934524,-2,-2,0.557083333,-2,-2,-2,-2,0.511607143,-2,-2,-2,0.511607143,0.511607143,-2,-2,-2,-2,0.449077381,0.483184524,0.471815476,0.624183007,-2,-2,-2,-2,-2,-2,-2,-2,-2,-2,-2,-2,-2,0.775575758,-2,-2,-2,-2,-2,-2,-2,-2,-2,-2,-2,-2,-2,-2,-2,-2,-2,0.697884615,-2,-2,-2,-2,-2,-2,0.284824561,-2,-2,-2,-2,-2,-2,-2,-2,-2,-2,-2,-2,-2,-2,0.731976048,0.441768707,0.765150602,0.714820359,0.687827381,0.749899329,-2,0.489006024,0.691946108,0.68382716,-2,-2,-2,-2,-2,0.658018293,-2,-2,-2,-2,-2,-2,-2,0.546536145,-2,-2,-2,0.589011976,-2,0.724879518,-2,0.676458333,-2,-2,-2,0.687827381,-2,-2,-2,-2,-2,-2,0.743413174,0.636666667,-2,0.375178571,-2,0.375178571,-2,-2,-2,-2,-2,-2,-2,-2,-2,-2,-2BLZ,-2,-2,-2,-2,-2,-2,-2,-2,-2,-2,-2,-2,-2,-2,-2,-2,-2,-2,-2,-2,-2,-2,-2,-2,-2,-2,-2,-2,-2,-2,-2,-2,-2,-2,-2,-2,-2,-2,-2,-2,-2,-2,-2,-2,-2,-2,-2,-2,-2,-2,-2,-2,-2,-2,-2,-2,-2,-2,-2,-2,-2,-2,-2,-2,-2,-2,-2,-2,-2,-2,-2,-2,-2,-2,-2,-2,-2,-2,-2,-2,-2,-2,-2,-2,-2,-2,-2,-2,-2,-2,-2,-2,-2,-2,-2,-2,-2,-2,-2,-2,-2,-2,-2,-2,-2,-2,-2,-2,-2,-2,-2,-2,-2,-2,-2,-2,-2,-2,-2,-2,-2,-2,-2,-2,-2,-2,-2,-2,-2,-2,-2,-2,-2,-2,-2,-2,-2,-2,-2,-2,-2,-2,-2,-2,-2,-2,-2,-2,-2,-2,-2,-2,-2,-2,-2,-2,-2,-2,-2,-2,-2,-2,-2,-2,-2,-2,-2,-2,-2,-2,-2,-2,-2,-2,-2,-2,-2,-2,-2,-2,-2,-2,-2,-2,-2,-2,-2,-2,-2,-2,-2,-2,-2,-2GTM,0.41184375,0.43571875,-2,0.57896875,0.650212766,0.468490566,-2,-2,-2,-2,-2,-2,-2,-2,-2,0.81175,-2,-2,0.664072848,0.6876,0.501987179,0.603806452,0.610680272,0.474458599,0.568164557,-2,-2,0.640696203,0.501677215,0.54315625,0.726761006,0.507552448,0.60663522,0.570597484,0.671580645,0.3700625,-2,0.3223125,0.3223125,0.356533333,0.357266187,-2,-2,-2,-2,-2,-2,-2,0.549125,-2,-2,-2,-2,-2,-2,-2,-2,-2,-2,-2,0.73415625,-2,-2,0.51928125,-2,-2,-2,-2,0.54315625,-2,-2,-2,0.549125,0.54315625,-2,-2,-2,-2,0.42975,0.453625,0.43571875,0.561385135,-2,-2,-2,-2,-2,-2,-2,-2,-2,-2,-2,-2,-2,0.743449367,-2,-2,-2,-2,-2,-2,-2,-2,-2,-2,-2,-2,-2,-2,-2,-2,-2,0.677533784,-2,-2,-2,-2,-2,-2,0.256435185,-2,-2,-2,-2,-2,-2,-2,-2,-2,-2,-2,-2,-2,-2,0.714748428,0.413156028,0.743449367,0.702735849,0.71625,0.729513889,-2,0.49540625,0.708742138,0.690064516,-2,-2,-2,-2,-2,0.676962025,-2,-2,-2,-2,-2,-2,-2,0.507721519,-2,-2,-2,0.60663522,-2,0.749493671,-2,0.67446875,-2,-2,-2,0.63865625,-2,-2,-2,-2,-2,-2,0.67446875,0.6804375,-2,0.382,-2,0.38796875,-2,-2,-2,-2,-2,-2,-2,-2,-2,-2,-2HND,0.541369427,0.517038217,-2,0.711687898,0.766788321,0.612179487,-2,-2,-2,-2,-2,-2,-2,-2,-2,0.663025478,-2,0.664072848,-2,0.764,0.692843137,0.786470588,0.756041667,0.630544872,0.646935484,-2,-2,0.751677419,0.603806452,0.66910828,0.708548387,0.6685,0.673397436,0.571783439,0.684835526,0.474458599,-2,0.425796178,0.401464968,0.474337748,0.4775,-2,-2,-2,-2,-2,-2,-2,0.419713376,-2,-2,-2,-2,-2,-2,-2,-2,-2,-2,-2,0.59611465,-2,-2,0.59611465,-2,-2,-2,-2,0.419713376,-2,-2,-2,0.419713376,0.419713376,-2,-2,-2,-2,0.444044586,0.498789809,0.486624204,0.609440789,-2,-2,-2,-2,-2,-2,-2,-2,-2,-2,-2,-2,-2,0.713149351,-2,-2,-2,-2,-2,-2,-2,-2,-2,-2,-2,-2,-2,-2,-2,-2,-2,0.625689655,-2,-2,-2,-2,-2,-2,0.357009346,-2,-2,-2,-2,-2,-2,-2,-2,-2,-2,-2,-2,-2,-2,0.667275641,0.578380282,0.714709677,0.606057692,0.602197452,0.680179856,-2,0.591483871,0.575448718,0.543907285,-2,-2,-2,-2,-2,0.573,-2,-2,-2,-2,-2,-2,-2,0.573,-2,-2,-2,0.563205128,-2,0.634612903,-2,0.553535032,-2,-2,-2,0.69343949,-2,-2,-2,-2,-2,-2,0.681273885,0.565700637,-2,0.456210191,-2,0.450127389,-2,-2,-2,-2,-2,-2,-2,-2,-2,-2,-2SLV,0.4775,0.459134615,-2,0.691762821,0.765404412,0.529870968,-2,-2,-2,-2,-2,-2,-2,-2,-2,0.734615385,-2,0.6876,0.764,-2,0.607152318,0.741381579,0.684965517,0.568006536,0.638733766,-2,-2,0.775162338,0.591483871,0.648910256,0.744155844,0.634343066,0.690064516,0.603806452,0.683046358,0.397916667,-2,0.379551282,0.348942308,0.382,0.396148148,-2,-2,-2,-2,-2,-2,-2,0.471378205,-2,-2,-2,-2,-2,-2,-2,-2,-2,-2,-2,0.655032051,-2,-2,0.575448718,-2,-2,-2,-2,0.471378205,-2,-2,-2,0.471378205,0.471378205,-2,-2,-2,-2,0.397916667,0.428525641,0.416282051,0.562163121,-2,-2,-2,-2,-2,-2,-2,-2,-2,-2,-2,-2,-2,0.705326797,-2,-2,-2,-2,-2,-2,-2,-2,-2,-2,-2,-2,-2,-2,-2,-2,-2,0.667191781,-2,-2,-2,-2,-2,-2,0.262844037,-2,-2,-2,-2,-2,-2,-2,-2,-2,-2,-2,-2,-2,-2,0.708548387,0.473962963,0.759102564,0.70400641,0.667275641,0.770821429,-2,0.532596154,0.665419355,0.636666667,-2,-2,-2,-2,-2,0.615723684,-2,-2,-2,-2,-2,-2,-2,0.545714286,-2,-2,-2,0.593814103,-2,0.700746753,-2,0.599935897,-2,-2,-2,0.697884615,-2,-2,-2,-2,-2,-2,0.733193548,0.618301282,-2,0.379551282,-2,0.397916667,-2,-2,-2,-2,-2,-2,-2,-2,-2,-2,-2NIC,0.630771605,0.589506173,-2,0.666141975,0.643298611,0.642561728,-2,-2,-2,-2,-2,-2,-2,-2,-2,0.571820988,-2,0.501987179,0.692843137,0.607152318,-2,0.66910828,0.735608108,0.666698113,0.596875,-2,-2,0.69834375,0.63865625,0.730987654,0.6088125,0.737655172,0.664347826,0.480465839,0.59611465,0.565925926,-2,0.565925926,0.536450617,0.624183007,0.548617021,-2,-2,-2,-2,-2,-2,-2,0.324228395,-2,-2,-2,-2,-2,-2,-2,-2,-2,-2,-2,0.4775,-2,-2,0.565925926,-2,-2,-2,-2,0.324228395,-2,-2,-2,0.324228395,0.324228395,-2,-2,-2,-2,0.548240741,0.571820988,0.548240741,0.691118421,-2,-2,-2,-2,-2,-2,-2,-2,-2,-2,-2,-2,-2,0.582610063,-2,-2,-2,-2,-2,-2,-2,-2,-2,-2,-2,-2,-2,-2,-2,-2,-2,0.483866667,-2,-2,-2,-2,-2,-2,0.450972222,-2,-2,-2,-2,-2,-2,-2,-2,-2,-2,-2,-2,-2,-2,0.527919255,0.649930556,0.596875,0.468602484,0.453919753,0.560979021,-2,0.62075,0.444875776,0.416282051,-2,-2,-2,-2,-2,0.44765625,-2,-2,-2,-2,-2,-2,-2,0.60284375,-2,-2,-2,0.45673913,-2,0.52525,-2,0.448024691,-2,-2,-2,0.660246914,-2,-2,-2,-2,-2,-2,0.61308642,0.44212963,-2,0.583611111,-2,0.536450617,-2,-2,-2,-2,-2,-2,-2,-2,-2,-2,-2CRI,0.580030675,0.533159509,-2,0.656196319,0.67451049,0.583611111,-2,-2,-2,-2,-2,-2,-2,-2,-2,0.644478528,-2,0.603806452,0.786470588,0.741381579,0.66910828,-2,0.706438356,0.628757764,0.640621118,-2,-2,0.717732919,0.646552795,0.697208589,0.694006211,0.71625,0.662055215,0.601296296,0.701139241,0.451134969,-2,0.462852761,0.427699387,0.468258065,0.4775,-2,-2,-2,-2,-2,-2,-2,0.410122699,-2,-2,-2,-2,-2,-2,-2,-2,-2,-2,-2,0.556595092,-2,-2,0.597607362,-2,-2,-2,-2,0.410122699,-2,-2,-2,0.410122699,0.410122699,-2,-2,-2,-2,0.492147239,0.521441718,0.498006135,0.632364865,-2,-2,-2,-2,-2,-2,-2,-2,-2,-2,-2,-2,-2,0.63865625,-2,-2,-2,-2,-2,-2,-2,-2,-2,-2,-2,-2,-2,-2,-2,-2,-2,0.581854305,-2,-2,-2,-2,-2,-2,0.304247788,-2,-2,-2,-2,-2,-2,-2,-2,-2,-2,-2,-2,-2,-2,0.642561728,0.578380282,0.688074534,0.595401235,0.591748466,0.67837931,-2,0.581304348,0.565925926,0.543987342,-2,-2,-2,-2,-2,0.552578616,-2,-2,-2,-2,-2,-2,-2,0.545714286,-2,-2,-2,0.548240741,-2,0.628757764,-2,0.521441718,-2,-2,-2,0.656196319,-2,-2,-2,-2,-2,-2,0.654351852,0.521441718,-2,0.456993865,-2,0.474570552,-2,-2,-2,-2,-2,-2,-2,-2,-2,-2,-2PAN,0.651423841,0.588178808,-2,0.733642384,0.692557252,0.664072848,-2,-2,-2,-2,-2,-2,-2,-2,-2,0.626125828,-2,0.610680272,0.756041667,0.684965517,0.735608108,0.706438356,-2,0.729155405,0.660167785,-2,-2,0.743489933,0.681233333,0.720993377,0.679395973,0.762574627,0.764,0.585733333,0.682142857,0.537582781,-2,0.537582781,0.499635762,0.564929577,0.536269231,-2,-2,-2,-2,-2,-2,-2,0.373145695,-2,-2,-2,-2,-2,-2,-2,-2,-2,-2,-2,0.537582781,-2,-2,0.569205298,-2,-2,-2,-2,0.373145695,-2,-2,-2,0.373145695,0.373145695,-2,-2,-2,-2,0.537582781,0.581854305,0.569205298,0.636666667,-2,-2,-2,-2,-2,-2,-2,-2,-2,-2,-2,-2,-2,0.632364865,-2,-2,-2,-2,-2,-2,-2,-2,-2,-2,-2,-2,-2,-2,-2,-2,-2,0.555390071,-2,-2,-2,-2,-2,-2,0.4775,-2,-2,-2,-2,-2,-2,-2,-2,-2,-2,-2,-2,-2,-2,0.6494,0.588796992,0.689370861,0.556556291,0.543907285,0.655671642,-2,0.607152318,0.528433333,0.493965517,-2,-2,-2,-2,-2,0.512751678,-2,-2,-2,-2,-2,-2,-2,0.596073826,-2,-2,-2,0.528433333,-2,0.628120805,-2,0.480662252,-2,-2,-2,0.689370861,-2,-2,-2,-2,-2,-2,0.645099338,0.486986755,-2,0.550231788,-2,0.556556291,-2,-2,-2,-2,-2,-2,-2,-2,-2,-2,-2COL,0.625090909,0.625090909,-2,0.659818182,0.625689655,0.71625,-2,-2,-2,-2,-2,-2,-2,-2,-2,0.544060606,-2,0.474458599,0.630544872,0.568006536,0.666698113,0.628757764,0.729155405,-2,0.638619632,-2,-2,0.609325153,0.621042945,0.677181818,0.580030675,0.641027397,0.646371951,0.584575758,0.61478125,0.555636364,-2,0.601939394,0.590363636,0.636666667,0.630034722,-2,-2,-2,-2,-2,-2,-2,0.272030303,-2,-2,-2,-2,-2,-2,-2,-2,-2,-2,-2,0.451454545,-2,-2,0.515121212,-2,-2,-2,-2,0.272030303,-2,-2,-2,0.272030303,0.272030303,-2,-2,-2,-2,0.538272727,0.567212121,0.578787879,0.581854305,-2,-2,-2,-2,-2,-2,-2,-2,-2,-2,-2,-2,-2,0.554135802,-2,-2,-2,-2,-2,-2,-2,-2,-2,-2,-2,-2,-2,-2,-2,-2,-2,0.480620915,-2,-2,-2,-2,-2,-2,0.532433628,-2,-2,-2,-2,-2,-2,-2,-2,-2,-2,-2,-2,-2,-2,0.547378049,0.649930556,0.585889571,0.4775,0.457242424,0.558707483,-2,0.550736196,0.448384146,0.426446541,-2,-2,-2,-2,-2,0.438944099,-2,-2,-2,-2,-2,-2,-2,0.568312883,-2,-2,-2,0.39597561,-2,0.539018405,-2,0.405151515,-2,-2,-2,0.561424242,-2,-2,-2,-2,-2,-2,0.570670732,0.410939394,-2,0.573,-2,0.573,-2,-2,-2,-2,-2,-2,-2,-2,-2,-2,-2VEN,0.563795181,0.586807229,-2,0.650090361,0.601780822,0.659818182,-2,-2,-2,-2,-2,-2,-2,-2,-2,0.592560241,-2,0.568164557,0.646935484,0.638733766,0.596875,0.640621118,0.660167785,0.638619632,-2,-2,-2,0.63472561,0.698780488,0.667349398,0.64054878,0.597687075,0.601939394,0.723484848,0.628757764,0.500512048,-2,0.465993976,0.442981928,0.489902597,0.507137931,-2,-2,-2,-2,-2,-2,-2,0.362439759,-2,-2,-2,-2,-2,-2,-2,-2,-2,-2,-2,0.540783133,-2,-2,0.627078313,-2,-2,-2,-2,0.362439759,-2,-2,-2,0.362439759,0.362439759,-2,-2,-2,-2,0.460240964,0.50626506,0.517771084,0.556556291,-2,-2,-2,-2,-2,-2,-2,-2,-2,-2,-2,-2,-2,0.638619632,-2,-2,-2,-2,-2,-2,-2,-2,-2,-2,-2,-2,-2,-2,-2,-2,-2,0.551915584,-2,-2,-2,-2,-2,-2,0.366651786,-2,-2,-2,-2,-2,-2,-2,-2,-2,-2,-2,-2,-2,-2,0.584575758,0.612517241,0.669664634,0.532484848,0.517771084,0.636666667,-2,0.506615854,0.497757576,0.48346875,-2,-2,-2,-2,-2,0.495185185,-2,-2,-2,-2,-2,-2,-2,0.593963415,-2,-2,-2,0.532484848,-2,0.582317073,-2,0.512018072,-2,-2,-2,0.650090361,-2,-2,-2,-2,-2,-2,0.613515152,0.483253012,-2,0.489006024,-2,0.53503012,-2,-2,-2,-2,-2,-2,-2,-2,-2,-2,-2GUY,-2,-2,-2,-2,-2,-2,-2,-2,-2,-2,-2,-2,-2,-2,-2,-2,-2,-2,-2,-2,-2,-2,-2,-2,-2,-2,-2,-2,-2,-2,-2,-2,-2,-2,-2,-2,-2,-2,-2,-2,-2,-2,-2,-2,-2,-2,-2,-2,-2,-2,-2,-2,-2,-2,-2,-2,-2,-2,-2,-2,-2,-2,-2,-2,-2,-2,-2,-2,-2,-2,-2,-2,-2,-2,-2,-2,-2,-2,-2,-2,-2,-2,-2,-2,-2,-2,-2,-2,-2,-2,-2,-2,-2,-2,-2,-2,-2,-2,-2,-2,-2,-2,-2,-2,-2,-2,-2,-2,-2,-2,-2,-2,-2,-2,-2,-2,-2,-2,-2,-2,-2,-2,-2,-2,-2,-2,-2,-2,-2,-2,-2,-2,-2,-2,-2,-2,-2,-2,-2,-2,-2,-2,-2,-2,-2,-2,-2,-2,-2,-2,-2,-2,-2,-2,-2,-2,-2,-2,-2,-2,-2,-2,-2,-2,-2,-2,-2,-2,-2,-2,-2,-2,-2,-2,-2,-2,-2,-2,-2,-2,-2,-2,-2,-2,-2,-2,-2,-2,-2,-2,-2,-2,-2,-2SUR,-2,-2,-2,-2,-2,-2,-2,-2,-2,-2,-2,-2,-2,-2,-2,-2,-2,-2,-2,-2,-2,-2,-2,-2,-2,-2,-2,-2,-2,-2,-2,-2,-2,-2,-2,-2,-2,-2,-2,-2,-2,-2,-2,-2,-2,-2,-2,-2,-2,-2,-2,-2,-2,-2,-2,-2,-2,-2,-2,-2,-2,-2,-2,-2,-2,-2,-2,-2,-2,-2,-2,-2,-2,-2,-2,-2,-2,-2,-2,-2,-2,-2,-2,-2,-2,-2,-2,-2,-2,-2,-2,-2,-2,-2,-2,-2,-2,-2,-2,-2,-2,-2,-2,-2,-2,-2,-2,-2,-2,-2,-2,-2,-2,-2,-2,-2,-2,-2,-2,-2,-2,-2,-2,-2,-2,-2,-2,-2,-2,-2,-2,-2,-2,-2,-2,-2,-2,-2,-2,-2,-2,-2,-2,-2,-2,-2,-2,-2,-2,-2,-2,-2,-2,-2,-2,-2,-2,-2,-2,-2,-2,-2,-2,-2,-2,-2,-2,-2,-2,-2,-2,-2,-2,-2,-2,-2,-2,-2,-2,-2,-2,-2,-2,-2,-2,-2,-2,-2,-2,-2,-2,-2,-2,-2ECU,0.529277108,0.489006024,-2,0.724879518,0.726061644,0.601939394,-2,-2,-2,-2,-2,-2,-2,-2,-2,0.724879518,-2,0.640696203,0.751677419,0.775162338,0.69834375,0.717732919,0.743489933,0.609325153,0.63472561,-2,-2,-2,0.611432927,0.667349398,0.704603659,0.695136054,0.711909091,0.573,0.717732919,0.454487952,-2,0.41996988,0.385451807,0.434090909,0.441275862,-2,-2,-2,-2,-2,-2,-2,0.471746988,-2,-2,-2,-2,-2,-2,-2,-2,-2,-2,-2,0.638584337,-2,-2,0.586807229,-2,-2,-2,-2,0.471746988,-2,-2,-2,0.471746988,0.471746988,-2,-2,-2,-2,0.44873494,0.4775,0.471746988,0.632450331,-2,-2,-2,-2,-2,-2,-2,-2,-2,-2,-2,-2,-2,0.704603659,-2,-2,-2,-2,-2,-2,-2,-2,-2,-2,-2,-2,-2,-2,-2,-2,-2,0.634612903,-2,-2,-2,-2,-2,-2,0.366651786,-2,-2,-2,-2,-2,-2,-2,-2,-2,-2,-2,-2,-2,-2,0.700333333,0.500551724,0.727896341,0.659818182,0.615572289,0.708129252,-2,0.576493902,0.630878788,0.6088125,-2,-2,-2,-2,-2,0.601296296,-2,-2,-2,-2,-2,-2,-2,0.549848485,-2,-2,-2,0.567212121,-2,0.663841463,-2,0.598313253,-2,-2,-2,0.707620482,-2,-2,-2,-2,-2,-2,0.71769697,0.581054217,-2,0.442981928,-2,0.442981928,-2,-2,-2,-2,-2,-2,-2,-2,-2,-2,-2PER,0.604066265,0.592560241,-2,0.581054217,0.549452055,0.654030303,-2,-2,-2,-2,-2,-2,-2,-2,-2,0.540783133,-2,0.501677215,0.603806452,0.591483871,0.63865625,0.646552795,0.681233333,0.621042945,0.698780488,-2,-2,0.611432927,-2,0.644337349,0.564847561,0.662653061,0.625090909,0.584575758,0.55757764,0.523524096,-2,0.523524096,0.512018072,0.520909091,0.553241379,-2,-2,-2,-2,-2,-2,-2,0.299156627,-2,-2,-2,-2,-2,-2,-2,-2,-2,-2,-2,0.442981928,-2,-2,0.598313253,-2,-2,-2,-2,0.299156627,-2,-2,-2,0.299156627,0.299156627,-2,-2,-2,-2,0.563795181,0.609819277,0.586807229,0.594503311,-2,-2,-2,-2,-2,-2,-2,-2,-2,-2,-2,-2,-2,0.527300613,-2,-2,-2,-2,-2,-2,-2,-2,-2,-2,-2,-2,-2,-2,-2,-2,-2,0.502305195,-2,-2,-2,-2,-2,-2,0.371858407,-2,-2,-2,-2,-2,-2,-2,-2,-2,-2,-2,-2,-2,-2,0.515121212,0.671793103,0.570670732,0.457242424,0.437228916,0.552210884,-2,0.524085366,0.439878788,0.453625,-2,-2,-2,-2,-2,0.424444444,-2,-2,-2,-2,-2,-2,-2,0.576493902,-2,-2,-2,0.439878788,-2,0.494969512,-2,0.414216867,-2,-2,-2,0.569548193,-2,-2,-2,-2,-2,-2,0.561424242,0.414216867,-2,0.546536145,-2,0.575301205,-2,-2,-2,-2,-2,-2,-2,-2,-2,-2,-2BRA,0.659404762,0.608244048,-2,0.721934524,0.632364865,0.623323353,-2,-2,-2,-2,-2,-2,-2,-2,-2,0.608244048,-2,0.54315625,0.66910828,0.648910256,0.730987654,0.697208589,0.720993377,0.677181818,0.667349398,-2,-2,0.667349398,0.644337349,-2,0.661596386,0.634530201,0.674790419,0.566137725,0.62690184,0.52297619,-2,0.517291667,0.488869048,0.563205128,0.532721088,-2,-2,-2,-2,-2,-2,-2,0.335386905,-2,-2,-2,-2,-2,-2,-2,-2,-2,-2,-2,0.483184524,-2,-2,0.540029762,-2,-2,-2,-2,0.335386905,-2,-2,-2,0.335386905,0.335386905,-2,-2,-2,-2,0.540029762,0.562767857,0.568452381,0.636666667,-2,-2,-2,-2,-2,-2,-2,-2,-2,-2,-2,-2,-2,0.601939394,-2,-2,-2,-2,-2,-2,-2,-2,-2,-2,-2,-2,-2,-2,-2,-2,-2,0.526474359,-2,-2,-2,-2,-2,-2,0.427236842,-2,-2,-2,-2,-2,-2,-2,-2,-2,-2,-2,-2,-2,-2,0.571856287,0.630170068,0.644337349,0.520389222,0.494553571,0.634530201,-2,0.609819277,0.491796407,0.459814815,-2,-2,-2,-2,-2,0.4775,-2,-2,-2,-2,-2,-2,-2,0.575301205,-2,-2,-2,0.508952096,-2,0.609819277,-2,0.466130952,-2,-2,-2,0.682142857,-2,-2,-2,-2,-2,-2,0.651916168,0.43202381,-2,0.500238095,-2,0.545714286,-2,-2,-2,-2,-2,-2,-2,-2,-2,-2,-2BOL,0.4775,0.442981928,-2,0.650090361,0.686815068,0.561424242,-2,-2,-2,-2,-2,-2,-2,-2,-2,0.736385542,-2,0.726761006,0.708548387,0.744155844,0.6088125,0.694006211,0.679395973,0.580030675,0.64054878,-2,-2,0.704603659,0.564847561,0.661596386,-2,0.636666667,0.688757576,0.642454545,0.759254658,0.385451807,-2,0.379698795,0.345180723,0.390681818,0.408344828,-2,-2,-2,-2,-2,-2,-2,0.50626506,-2,-2,-2,-2,-2,-2,-2,-2,-2,-2,-2,0.684608434,-2,-2,0.558042169,-2,-2,-2,-2,0.500512048,-2,-2,-2,0.50626506,0.500512048,-2,-2,-2,-2,0.460240964,0.50626506,0.471746988,0.628289474,-2,-2,-2,-2,-2,-2,-2,-2,-2,-2,-2,-2,-2,0.773374233,-2,-2,-2,-2,-2,-2,-2,-2,-2,-2,-2,-2,-2,-2,-2,-2,-2,0.713149351,-2,-2,-2,-2,-2,-2,0.255803571,-2,-2,-2,-2,-2,-2,-2,-2,-2,-2,-2,-2,-2,-2,0.769787879,0.464417808,0.786128049,0.688757576,0.690361446,0.760102041,-2,0.541554878,0.688757576,0.67446875,-2,-2,-2,-2,-2,0.672037037,-2,-2,-2,-2,-2,-2,-2,0.605609756,-2,-2,-2,0.665606061,-2,0.768658537,-2,0.632831325,-2,-2,-2,0.75939759,-2,-2,-2,-2,-2,-2,0.752424242,0.667349398,-2,0.373945783,-2,0.391204819,-2,-2,-2,-2,-2,-2,-2,-2,-2,-2,-2PRY,0.615302013,0.531979866,-2,0.660167785,0.652034483,0.580743243,-2,-2,-2,-2,-2,-2,-2,-2,-2,0.602483221,-2,0.507552448,0.6685,0.634343066,0.737655172,0.71625,0.762574627,0.641027397,0.597687075,-2,-2,0.695136054,0.662653061,0.634530201,0.636666667,-2,0.683986486,0.503310811,0.630034722,0.455067114,-2,0.49352349,0.467885906,0.508417266,0.470039063,-2,-2,-2,-2,-2,-2,-2,0.275604027,-2,-2,-2,-2,-2,-2,-2,-2,-2,-2,-2,0.467885906,-2,-2,0.602483221,-2,-2,-2,-2,0.275604027,-2,-2,-2,0.275604027,0.275604027,-2,-2,-2,-2,0.49352349,0.512751678,0.49352349,0.603897059,-2,-2,-2,-2,-2,-2,-2,-2,-2,-2,-2,-2,-2,0.582157534,-2,-2,-2,-2,-2,-2,-2,-2,-2,-2,-2,-2,-2,-2,-2,-2,-2,0.553241379,-2,-2,-2,-2,-2,-2,0.387162162,-2,-2,-2,-2,-2,-2,-2,-2,-2,-2,-2,-2,-2,-2,0.567837838,0.573,0.623673469,0.4775,0.467885906,0.580346154,-2,0.558707483,0.451689189,0.434090909,-2,-2,-2,-2,-2,0.42877551,-2,-2,-2,-2,-2,-2,-2,0.578197279,-2,-2,-2,0.464594595,-2,0.545714286,-2,0.448657718,-2,-2,-2,0.660167785,-2,-2,-2,-2,-2,-2,0.602483221,0.42942953,-2,0.487114094,-2,0.46147651,-2,-2,-2,-2,-2,-2,-2,-2,-2,-2,-2CHL,0.520389222,0.53754491,-2,0.657634731,0.656156463,0.609819277,-2,-2,-2,-2,-2,-2,-2,-2,-2,0.651916168,-2,0.60663522,0.673397436,0.690064516,0.664347826,0.662055215,0.764,0.646371951,0.601939394,-2,-2,0.711909091,0.625090909,0.674790419,0.688757576,0.683986486,-2,0.615572289,0.701512346,0.474640719,-2,0.446047904,0.423173653,0.483621795,0.464417808,-2,-2,-2,-2,-2,-2,-2,0.428892216,-2,-2,-2,-2,-2,-2,-2,-2,-2,-2,-2,0.57757485,-2,-2,0.571856287,-2,-2,-2,-2,0.423173653,-2,-2,-2,0.428892216,0.423173653,-2,-2,-2,-2,0.45748503,0.508952096,0.503233533,0.571743421,-2,-2,-2,-2,-2,-2,-2,-2,-2,-2,-2,-2,-2,0.663841463,-2,-2,-2,-2,-2,-2,-2,-2,-2,-2,-2,-2,-2,-2,-2,-2,-2,0.634612903,-2,-2,-2,-2,-2,-2,0.427236842,-2,-2,-2,-2,-2,-2,-2,-2,-2,-2,-2,-2,-2,-2,0.661596386,0.510205479,0.694545455,0.598313253,0.571856287,0.658175676,-2,0.590363636,0.581054217,0.571820988,-2,-2,-2,-2,-2,0.539018405,-2,-2,-2,-2,-2,-2,-2,0.538272727,-2,-2,-2,0.546536145,-2,0.630878788,-2,0.560419162,-2,-2,-2,0.623323353,-2,-2,-2,-2,-2,-2,0.638584337,0.548982036,-2,0.434610778,-2,0.474640719,-2,-2,-2,-2,-2,-2,-2,-2,-2,-2,-2ARG,0.451766467,0.491796407,-2,0.548982036,0.532721088,0.558042169,-2,-2,-2,-2,-2,-2,-2,-2,-2,0.61760479,-2,0.570597484,0.571783439,0.603806452,0.480465839,0.601296296,0.585733333,0.584575758,0.723484848,-2,-2,0.573,0.584575758,0.566137725,0.642454545,0.503310811,0.615572289,-2,0.618981481,0.41745509,-2,0.388862275,0.348832335,0.412806452,0.405547945,-2,-2,-2,-2,-2,-2,-2,0.41745509,-2,-2,-2,-2,-2,-2,-2,-2,-2,-2,-2,0.543263473,-2,-2,0.583293413,-2,-2,-2,-2,0.41745509,-2,-2,-2,0.41745509,0.41745509,-2,-2,-2,-2,0.428892216,0.45748503,0.474640719,0.505588235,-2,-2,-2,-2,-2,-2,-2,-2,-2,-2,-2,-2,-2,0.593963415,-2,-2,-2,-2,-2,-2,-2,-2,-2,-2,-2,-2,-2,-2,-2,-2,-2,0.554516129,-2,-2,-2,-2,-2,-2,0.318333333,-2,-2,-2,-2,-2,-2,-2,-2,-2,-2,-2,-2,-2,-2,0.650090361,0.529828767,0.677181818,0.627078313,0.57757485,0.638817568,-2,0.474606061,0.575301205,0.605031056,-2,-2,-2,-2,-2,0.556595092,-2,-2,-2,-2,-2,-2,-2,0.497757576,-2,-2,-2,0.558042169,-2,0.601939394,-2,0.531826347,-2,-2,-2,0.589011976,-2,-2,-2,-2,-2,-2,0.598313253,0.571856287,-2,0.37742515,-2,0.423173653,-2,-2,-2,-2,-2,-2,-2,-2,-2,-2,-2URY,0.527300613,0.533159509,-2,0.656196319,0.641118881,0.571820988,-2,-2,-2,-2,-2,-2,-2,-2,-2,0.703067485,-2,0.671580645,0.684835526,0.683046358,0.59611465,0.701139241,0.682142857,0.61478125,0.628757764,-2,-2,0.717732919,0.55757764,0.62690184,0.759254658,0.630034722,0.701512346,0.618981481,-2,0.445276074,-2,0.480429448,0.427699387,0.436390728,0.497676056,-2,-2,-2,-2,-2,-2,-2,0.527300613,-2,-2,-2,-2,-2,-2,-2,-2,-2,-2,-2,0.691349693,-2,-2,0.621042945,-2,-2,-2,-2,0.527300613,-2,-2,-2,0.527300613,0.527300613,-2,-2,-2,-2,0.562453988,0.609325153,0.585889571,0.664628378,-2,-2,-2,-2,-2,-2,-2,-2,-2,-2,-2,-2,-2,0.723664596,-2,-2,-2,-2,-2,-2,-2,-2,-2,-2,-2,-2,-2,-2,-2,-2,-2,0.676721854,-2,-2,-2,-2,-2,-2,0.346504425,-2,-2,-2,-2,-2,-2,-2,-2,-2,-2,-2,-2,-2,-2,0.701512346,0.4775,0.723664596,0.689722222,0.650337423,0.750827586,-2,0.599099379,0.654351852,0.634651899,-2,-2,-2,-2,-2,0.630660377,-2,-2,-2,-2,-2,-2,-2,0.61689441,-2,-2,-2,0.61308642,-2,0.658416149,-2,0.62690184,-2,-2,-2,0.714785276,-2,-2,-2,-2,-2,-2,0.701512346,0.609325153,-2,0.445276074,-2,0.503865031,-2,-2,-2,-2,-2,-2,-2,-2,-2,-2,-2GBR,0.596875,0.727619048,-2,0.454761905,0.387162162,0.508952096,-2,-2,-2,-2,-2,-2,-2,-2,-2,0.346755952,-2,0.3700625,0.474458599,0.397916667,0.565925926,0.451134969,0.537582781,0.555636364,0.500512048,-2,-2,0.454487952,0.523524096,0.52297619,0.385451807,0.455067114,0.474640719,0.41745509,0.445276074,-2,-2,0.767410714,0.767410714,0.832564103,0.805578231,-2,-2,-2,-2,-2,-2,-2,0.23875,-2,-2,-2,-2,-2,-2,-2,-2,-2,-2,-2,0.341071429,-2,-2,0.505922619,-2,-2,-2,-2,0.233065476,-2,-2,-2,0.23875,0.233065476,-2,-2,-2,-2,0.613928571,0.596875,0.636666667,0.568006536,-2,-2,-2,-2,-2,-2,-2,-2,-2,-2,-2,-2,-2,0.387787879,-2,-2,-2,-2,-2,-2,-2,-2,-2,-2,-2,-2,-2,-2,-2,-2,-2,0.330576923,-2,-2,-2,-2,-2,-2,0.728815789,-2,-2,-2,-2,-2,-2,-2,-2,-2,-2,-2,-2,-2,-2,0.325958084,0.662653061,0.368192771,0.285928144,0.278541667,0.384563758,-2,0.50626506,0.280209581,0.265277778,-2,-2,-2,-2,-2,0.273689024,-2,-2,-2,-2,-2,-2,-2,0.425722892,-2,-2,-2,0.297365269,-2,0.345180723,-2,0.272857143,-2,-2,-2,0.426339286,-2,-2,-2,-2,-2,-2,0.360269461,0.272857143,-2,0.835625,-2,0.801517857,-2,-2,-2,-2,-2,-2,-2,-2,-2,-2,-2IRL,-2,-2,-2,-2,-2,-2,-2,-2,-2,-2,-2,-2,-2,-2,-2,-2,-2,-2,-2,-2,-2,-2,-2,-2,-2,-2,-2,-2,-2,-2,-2,-2,-2,-2,-2,-2,-2,-2,-2,-2,-2,-2,-2,-2,-2,-2,-2,-2,-2,-2,-2,-2,-2,-2,-2,-2,-2,-2,-2,-2,-2,-2,-2,-2,-2,-2,-2,-2,-2,-2,-2,-2,-2,-2,-2,-2,-2,-2,-2,-2,-2,-2,-2,-2,-2,-2,-2,-2,-2,-2,-2,-2,-2,-2,-2,-2,-2,-2,-2,-2,-2,-2,-2,-2,-2,-2,-2,-2,-2,-2,-2,-2,-2,-2,-2,-2,-2,-2,-2,-2,-2,-2,-2,-2,-2,-2,-2,-2,-2,-2,-2,-2,-2,-2,-2,-2,-2,-2,-2,-2,-2,-2,-2,-2,-2,-2,-2,-2,-2,-2,-2,-2,-2,-2,-2,-2,-2,-2,-2,-2,-2,-2,-2,-2,-2,-2,-2,-2,-2,-2,-2,-2,-2,-2,-2,-2,-2,-2,-2,-2,-2,-2,-2,-2,-2,-2,-2,-2,-2,-2,-2,-2,-2,-2NLD,0.648035714,0.744672619,-2,0.488869048,0.374256757,0.571856287,-2,-2,-2,-2,-2,-2,-2,-2,-2,0.341071429,-2,0.3223125,0.425796178,0.379551282,0.565925926,0.462852761,0.537582781,0.601939394,0.465993976,-2,-2,0.41996988,0.523524096,0.517291667,0.379698795,0.49352349,0.446047904,0.388862275,0.480429448,0.767410714,-2,-2,0.744672619,0.801955128,0.773095238,-2,-2,-2,-2,-2,-2,-2,0.216011905,-2,-2,-2,-2,-2,-2,-2,-2,-2,-2,-2,0.31264881,-2,-2,0.505922619,-2,-2,-2,-2,0.210327381,-2,-2,-2,0.216011905,0.210327381,-2,-2,-2,-2,0.67077381,0.659404762,0.693511905,0.574248366,-2,-2,-2,-2,-2,-2,-2,-2,-2,-2,-2,-2,-2,0.353060606,-2,-2,-2,-2,-2,-2,-2,-2,-2,-2,-2,-2,-2,-2,-2,-2,-2,0.336698718,-2,-2,-2,-2,-2,-2,0.594780702,-2,-2,-2,-2,-2,-2,-2,-2,-2,-2,-2,-2,-2,-2,0.303083832,0.649659864,0.333674699,0.291646707,0.278541667,0.346107383,-2,0.512018072,0.280209581,0.288858025,-2,-2,-2,-2,-2,0.267865854,-2,-2,-2,-2,-2,-2,-2,0.442981928,-2,-2,-2,0.291646707,-2,0.345180723,-2,0.255803571,-2,-2,-2,0.414970238,-2,-2,-2,-2,-2,-2,0.371706587,0.233065476,-2,0.76172619,-2,0.801517857,-2,-2,-2,-2,-2,-2,-2,-2,-2,-2,-2BEL,0.574136905,0.693511905,-2,0.43202381,0.367804054,0.514670659,-2,-2,-2,-2,-2,-2,-2,-2,-2,0.346755952,-2,0.3223125,0.401464968,0.348942308,0.536450617,0.427699387,0.499635762,0.590363636,0.442981928,-2,-2,0.385451807,0.512018072,0.488869048,0.345180723,0.467885906,0.423173653,0.348832335,0.427699387,0.767410714,-2,0.744672619,-2,0.814198718,0.805578231,-2,-2,-2,-2,-2,-2,-2,0.210327381,-2,-2,-2,-2,-2,-2,-2,-2,-2,-2,-2,0.324017857,-2,-2,0.483184524,-2,-2,-2,-2,0.210327381,-2,-2,-2,0.210327381,0.210327381,-2,-2,-2,-2,0.591190476,0.585505952,0.596875,0.511830065,-2,-2,-2,-2,-2,-2,-2,-2,-2,-2,-2,-2,-2,0.347272727,-2,-2,-2,-2,-2,-2,-2,-2,-2,-2,-2,-2,-2,-2,-2,-2,-2,0.330576923,-2,-2,-2,-2,-2,-2,0.653421053,-2,-2,-2,-2,-2,-2,-2,-2,-2,-2,-2,-2,-2,-2,0.314520958,0.617176871,0.345180723,0.274491018,0.261488095,0.371744966,-2,0.437228916,0.251616766,0.235802469,-2,-2,-2,-2,-2,0.244573171,-2,-2,-2,-2,-2,-2,-2,0.41996988,-2,-2,-2,0.303083832,-2,0.299156627,-2,0.244434524,-2,-2,-2,0.40360119,-2,-2,-2,-2,-2,-2,0.354550898,0.233065476,-2,0.778779762,-2,0.738988095,-2,-2,-2,-2,-2,-2,-2,-2,-2,-2,-2LUX,0.630544872,0.771346154,-2,0.501987179,0.383394161,0.544839744,-2,-2,-2,-2,-2,-2,-2,-2,-2,0.379551282,-2,0.356533333,0.474337748,0.382,0.624183007,0.468258065,0.564929577,0.636666667,0.489902597,-2,-2,0.434090909,0.520909091,0.563205128,0.390681818,0.508417266,0.483621795,0.412806452,0.436390728,0.832564103,-2,0.801955128,0.814198718,-2,0.834740741,-2,-2,-2,-2,-2,-2,-2,0.202019231,-2,-2,-2,-2,-2,-2,-2,-2,-2,-2,-2,0.330576923,-2,-2,0.532596154,-2,-2,-2,-2,0.202019231,-2,-2,-2,0.202019231,0.202019231,-2,-2,-2,-2,0.630544872,0.612179487,0.655032051,0.587195946,-2,-2,-2,-2,-2,-2,-2,-2,-2,-2,-2,-2,-2,0.399477124,-2,-2,-2,-2,-2,-2,-2,-2,-2,-2,-2,-2,-2,-2,-2,-2,-2,0.344861111,-2,-2,-2,-2,-2,-2,0.720754717,-2,-2,-2,-2,-2,-2,-2,-2,-2,-2,-2,-2,-2,-2,0.342820513,0.679260563,0.390681818,0.308064516,0.287724359,0.415217391,-2,0.520909091,0.277258065,0.259304636,-2,-2,-2,-2,-2,0.266655844,-2,-2,-2,-2,-2,-2,-2,0.465097403,-2,-2,-2,0.289580645,-2,0.365876623,-2,0.263237179,-2,-2,-2,0.46525641,-2,-2,-2,-2,-2,-2,0.391794872,0.25099359,-2,0.814198718,-2,0.795833333,-2,-2,-2,-2,-2,-2,-2,-2,-2,-2,-2FRA,0.597687075,0.773095238,-2,0.474251701,0.398543307,0.516746575,-2,-2,-2,-2,-2,-2,-2,-2,-2,0.389795918,-2,0.357266187,0.4775,0.396148148,0.548617021,0.4775,0.536269231,0.630034722,0.507137931,-2,-2,0.441275862,0.553241379,0.532721088,0.408344828,0.470039063,0.464417808,0.405547945,0.497676056,0.805578231,-2,0.773095238,0.805578231,0.834740741,-2,-2,-2,-2,-2,-2,-2,-2,0.220884354,-2,-2,-2,-2,-2,-2,-2,-2,-2,-2,-2,0.337823129,-2,-2,0.545714286,-2,-2,-2,-2,0.220884354,-2,-2,-2,0.220884354,0.220884354,-2,-2,-2,-2,0.656156463,0.656156463,0.695136054,0.614962121,-2,-2,-2,-2,-2,-2,-2,-2,-2,-2,-2,-2,-2,0.411180556,-2,-2,-2,-2,-2,-2,-2,-2,-2,-2,-2,-2,-2,-2,-2,-2,-2,0.374925926,-2,-2,-2,-2,-2,-2,0.693631579,-2,-2,-2,-2,-2,-2,-2,-2,-2,-2,-2,-2,-2,-2,0.36630137,0.651825397,0.395172414,0.313972603,0.311836735,0.425273438,-2,0.493965517,0.307431507,0.284468085,-2,-2,-2,-2,-2,0.313881119,-2,-2,-2,-2,-2,-2,-2,0.46762069,-2,-2,-2,0.300890411,-2,0.375413793,-2,0.28585034,-2,-2,-2,0.454761905,-2,-2,-2,-2,-2,-2,0.36630137,0.279353741,-2,0.818571429,-2,0.786088435,-2,-2,-2,-2,-2,-2,-2,-2,-2,-2,-2MCO,-2,-2,-2,-2,-2,-2,-2,-2,-2,-2,-2,-2,-2,-2,-2,-2,-2,-2,-2,-2,-2,-2,-2,-2,-2,-2,-2,-2,-2,-2,-2,-2,-2,-2,-2,-2,-2,-2,-2,-2,-2,-2,-2,-2,-2,-2,-2,-2,-2,-2,-2,-2,-2,-2,-2,-2,-2,-2,-2,-2,-2,-2,-2,-2,-2,-2,-2,-2,-2,-2,-2,-2,-2,-2,-2,-2,-2,-2,-2,-2,-2,-2,-2,-2,-2,-2,-2,-2,-2,-2,-2,-2,-2,-2,-2,-2,-2,-2,-2,-2,-2,-2,-2,-2,-2,-2,-2,-2,-2,-2,-2,-2,-2,-2,-2,-2,-2,-2,-2,-2,-2,-2,-2,-2,-2,-2,-2,-2,-2,-2,-2,-2,-2,-2,-2,-2,-2,-2,-2,-2,-2,-2,-2,-2,-2,-2,-2,-2,-2,-2,-2,-2,-2,-2,-2,-2,-2,-2,-2,-2,-2,-2,-2,-2,-2,-2,-2,-2,-2,-2,-2,-2,-2,-2,-2,-2,-2,-2,-2,-2,-2,-2,-2,-2,-2,-2,-2,-2,-2,-2,-2,-2,-2,-2LIE,-2,-2,-2,-2,-2,-2,-2,-2,-2,-2,-2,-2,-2,-2,-2,-2,-2,-2,-2,-2,-2,-2,-2,-2,-2,-2,-2,-2,-2,-2,-2,-2,-2,-2,-2,-2,-2,-2,-2,-2,-2,-2,-2,-2,-2,-2,-2,-2,-2,-2,-2,-2,-2,-2,-2,-2,-2,-2,-2,-2,-2,-2,-2,-2,-2,-2,-2,-2,-2,-2,-2,-2,-2,-2,-2,-2,-2,-2,-2,-2,-2,-2,-2,-2,-2,-2,-2,-2,-2,-2,-2,-2,-2,-2,-2,-2,-2,-2,-2,-2,-2,-2,-2,-2,-2,-2,-2,-2,-2,-2,-2,-2,-2,-2,-2,-2,-2,-2,-2,-2,-2,-2,-2,-2,-2,-2,-2,-2,-2,-2,-2,-2,-2,-2,-2,-2,-2,-2,-2,-2,-2,-2,-2,-2,-2,-2,-2,-2,-2,-2,-2,-2,-2,-2,-2,-2,-2,-2,-2,-2,-2,-2,-2,-2,-2,-2,-2,-2,-2,-2,-2,-2,-2,-2,-2,-2,-2,-2,-2,-2,-2,-2,-2,-2,-2,-2,-2,-2,-2,-2,-2,-2,-2,-2CHE,-2,-2,-2,-2,-2,-2,-2,-2,-2,-2,-2,-2,-2,-2,-2,-2,-2,-2,-2,-2,-2,-2,-2,-2,-2,-2,-2,-2,-2,-2,-2,-2,-2,-2,-2,-2,-2,-2,-2,-2,-2,-2,-2,-2,-2,-2,-2,-2,-2,-2,-2,-2,-2,-2,-2,-2,-2,-2,-2,-2,-2,-2,-2,-2,-2,-2,-2,-2,-2,-2,-2,-2,-2,-2,-2,-2,-2,-2,-2,-2,-2,-2,-2,-2,-2,-2,-2,-2,-2,-2,-2,-2,-2,-2,-2,-2,-2,-2,-2,-2,-2,-2,-2,-2,-2,-2,-2,-2,-2,-2,-2,-2,-2,-2,-2,-2,-2,-2,-2,-2,-2,-2,