1951,USA,CAN,BHS,CUB,HTI,DOM,JAM,TTO,BRB,DMA,GRD,LCA,VCT,ATG,KNA,MEX,BLZ,GTM,HND,SLV,NIC,CRI,PAN,COL,VEN,GUY,SUR,ECU,PER,BRA,BOL,PRY,CHL,ARG,URY,GBR,IRL,NLD,BEL,LUX,FRA,MCO,LIE,CHE,ESP,AND,PRT,DEU,POL,AUT,HUN,CZE,SVK,ITA,SMR,MLT,ALB,MNE,MKD,HRV,SRB,BIH,SVN,GRC,CYP,BGR,MDA,ROU,RUS,EST,LVA,LTU,UKR,BLR,ARM,GEO,AZE,FIN,SWE,NOR,DNK,ISL,CPV,STP,GNB,GNQ,GMB,MLI,SEN,BEN,MRT,NER,CIV,GIN,BFA,LBR,SLE,GHA,TGO,CMR,NGA,GAB,CAF,TCD,COG,COD,UGA,KEN,TZA,BDI,RWA,SOM,DJI,ETH,ERI,AGO,MOZ,ZMB,ZWE,MWI,ZAF,NAM,LSO,BWA,SWZ,MDG,COM,MUS,SYC,MAR,DZA,TUN,LBY,SDN,SSD,IRN,TUR,IRQ,EGY,SYR,LBN,JOR,ISR,SAU,YEM,KWT,BHR,QAT,ARE,OMN,AFG,TKM,TJK,KGZ,UZB,KAZ,CHN,MNG,TWN,PRK,KOR,JPN,IND,BTN,PAK,BGD,MMR,LKA,MDV,NPL,THA,KHM,LAO,VNM,MYS,SGP,BRN,PHL,IDN,TLS,AUS,PNG,NZL,VUT,SLB,KIR,TUV,FJI,TON,NRU,MHL,PLW,FSM,WSMUSA,-2,0.732142857,-2,0.666666667,0.540540541,0.610778443,-2,-2,-2,-2,-2,-2,-2,-2,-2,0.482142857,-2,0.43125,0.566878981,0.5,0.660493827,0.607361963,0.682119205,0.654545455,0.590361446,-2,-2,0.554216867,0.63253012,0.69047619,0.5,0.644295302,0.54491018,0.473053892,0.552147239,0.625,-2,0.678571429,0.601190476,0.66025641,0.62585034,-2,-2,-2,-2,-2,-2,-2,0.220238095,-2,-2,-2,-2,-2,-2,-2,-2,-2,-2,-2,0.369047619,-2,-2,0.577380952,-2,-2,-2,-2,0.220238095,-2,-2,-2,0.220238095,0.220238095,-2,-2,-2,-2,0.619047619,0.636904762,0.642857143,0.647058824,-2,-2,-2,-2,-2,-2,-2,-2,-2,-2,-2,-2,-2,0.448484848,-2,-2,-2,-2,-2,-2,-2,-2,-2,-2,-2,-2,-2,-2,-2,-2,-2,0.423076923,-2,-2,-2,-2,-2,-2,0.526315789,-2,-2,-2,-2,-2,-2,-2,-2,-2,-2,-2,-2,-2,-2,0.437125749,0.680272109,0.5,0.365269461,0.339285714,0.469798658,-2,0.584337349,0.329341317,0.320987654,-2,-2,-2,-2,-2,0.31097561,-2,-2,-2,-2,-2,-2,-2,0.63253012,-2,-2,-2,0.335329341,-2,0.457831325,-2,0.297619048,-2,-2,-2,0.55952381,-2,-2,-2,-2,-2,-2,0.550898204,0.303571429,-2,0.630952381,-2,0.660714286,-2,-2,-2,-2,-2,-2,-2,-2,-2,-2,-2CAN,0.732142857,-2,-2,0.571428571,0.459459459,0.574850299,-2,-2,-2,-2,-2,-2,-2,-2,-2,0.476190476,-2,0.45625,0.541401274,0.480769231,0.617283951,0.558282209,0.61589404,0.654545455,0.614457831,-2,-2,0.512048193,0.620481928,0.636904762,0.463855422,0.55704698,0.562874251,0.51497006,0.558282209,0.761904762,-2,0.779761905,0.726190476,0.807692308,0.80952381,-2,-2,-2,-2,-2,-2,-2,0.25,-2,-2,-2,-2,-2,-2,-2,-2,-2,-2,-2,0.392857143,-2,-2,0.619047619,-2,-2,-2,-2,0.25,-2,-2,-2,0.25,0.25,-2,-2,-2,-2,0.696428571,0.708333333,0.744047619,0.673202614,-2,-2,-2,-2,-2,-2,-2,-2,-2,-2,-2,-2,-2,0.466666667,-2,-2,-2,-2,-2,-2,-2,-2,-2,-2,-2,-2,-2,-2,-2,-2,-2,0.435897436,-2,-2,-2,-2,-2,-2,0.578947368,-2,-2,-2,-2,-2,-2,-2,-2,-2,-2,-2,-2,-2,-2,0.425149701,0.693877551,0.475903614,0.377245509,0.363095238,0.496644295,-2,0.584337349,0.353293413,0.339506173,-2,-2,-2,-2,-2,0.341463415,-2,-2,-2,-2,-2,-2,-2,0.554216867,-2,-2,-2,0.395209581,-2,0.451807229,-2,0.357142857,-2,-2,-2,0.523809524,-2,-2,-2,-2,-2,-2,0.449101796,0.339285714,-2,0.75,-2,0.827380952,-2,-2,-2,-2,-2,-2,-2,-2,-2,-2,-2BHS,-2,-2,-2,-2,-2,-2,-2,-2,-2,-2,-2,-2,-2,-2,-2,-2,-2,-2,-2,-2,-2,-2,-2,-2,-2,-2,-2,-2,-2,-2,-2,-2,-2,-2,-2,-2,-2,-2,-2,-2,-2,-2,-2,-2,-2,-2,-2,-2,-2,-2,-2,-2,-2,-2,-2,-2,-2,-2,-2,-2,-2,-2,-2,-2,-2,-2,-2,-2,-2,-2,-2,-2,-2,-2,-2,-2,-2,-2,-2,-2,-2,-2,-2,-2,-2,-2,-2,-2,-2,-2,-2,-2,-2,-2,-2,-2,-2,-2,-2,-2,-2,-2,-2,-2,-2,-2,-2,-2,-2,-2,-2,-2,-2,-2,-2,-2,-2,-2,-2,-2,-2,-2,-2,-2,-2,-2,-2,-2,-2,-2,-2,-2,-2,-2,-2,-2,-2,-2,-2,-2,-2,-2,-2,-2,-2,-2,-2,-2,-2,-2,-2,-2,-2,-2,-2,-2,-2,-2,-2,-2,-2,-2,-2,-2,-2,-2,-2,-2,-2,-2,-2,-2,-2,-2,-2,-2,-2,-2,-2,-2,-2,-2,-2,-2,-2,-2,-2,-2,-2,-2,-2,-2,-2,-2CUB,0.666666667,0.571428571,-2,-2,0.736486486,0.634730539,-2,-2,-2,-2,-2,-2,-2,-2,-2,0.660714286,-2,0.60625,0.74522293,0.724358974,0.697530864,0.687116564,0.768211921,0.690909091,0.680722892,-2,-2,0.759036145,0.608433735,0.755952381,0.680722892,0.691275168,0.688622754,0.574850299,0.687116564,0.476190476,-2,0.511904762,0.452380952,0.525641026,0.496598639,-2,-2,-2,-2,-2,-2,-2,0.380952381,-2,-2,-2,-2,-2,-2,-2,-2,-2,-2,-2,0.55952381,-2,-2,0.625,-2,-2,-2,-2,0.380952381,-2,-2,-2,0.380952381,0.380952381,-2,-2,-2,-2,0.494047619,0.547619048,0.541666667,0.614379085,-2,-2,-2,-2,-2,-2,-2,-2,-2,-2,-2,-2,-2,0.642424242,-2,-2,-2,-2,-2,-2,-2,-2,-2,-2,-2,-2,-2,-2,-2,-2,-2,0.576923077,-2,-2,-2,-2,-2,-2,0.429824561,-2,-2,-2,-2,-2,-2,-2,-2,-2,-2,-2,-2,-2,-2,0.640718563,0.557823129,0.698795181,0.598802395,0.571428571,0.691275168,-2,0.656626506,0.562874251,0.530864198,-2,-2,-2,-2,-2,0.554878049,-2,-2,-2,-2,-2,-2,-2,0.680722892,-2,-2,-2,0.520958084,-2,0.656626506,-2,0.523809524,-2,-2,-2,0.708333333,-2,-2,-2,-2,-2,-2,0.74251497,0.511904762,-2,0.476190476,-2,0.505952381,-2,-2,-2,-2,-2,-2,-2,-2,-2,-2,-2HTI,0.540540541,0.459459459,-2,0.736486486,-2,0.62585034,-2,-2,-2,-2,-2,-2,-2,-2,-2,0.702702703,-2,0.680851064,0.802919708,0.801470588,0.673611111,0.706293706,0.72519084,0.655172414,0.630136986,-2,-2,0.760273973,0.575342466,0.662162162,0.719178082,0.682758621,0.68707483,0.557823129,0.671328671,0.405405405,-2,0.391891892,0.385135135,0.401459854,0.417322835,-2,-2,-2,-2,-2,-2,-2,0.425675676,-2,-2,-2,-2,-2,-2,-2,-2,-2,-2,-2,0.614864865,-2,-2,0.614864865,-2,-2,-2,-2,0.425675676,-2,-2,-2,0.425675676,0.425675676,-2,-2,-2,-2,0.364864865,0.418918919,0.391891892,0.540740741,-2,-2,-2,-2,-2,-2,-2,-2,-2,-2,-2,-2,-2,0.698630137,-2,-2,-2,-2,-2,-2,-2,-2,-2,-2,-2,-2,-2,-2,-2,-2,-2,0.645833333,-2,-2,-2,-2,-2,-2,0.336363636,-2,-2,-2,-2,-2,-2,-2,-2,-2,-2,-2,-2,-2,-2,0.709459459,0.511811024,0.753424658,0.646258503,0.628378378,0.717557252,-2,0.561643836,0.619047619,0.563380282,-2,-2,-2,-2,-2,0.604166667,-2,-2,-2,-2,-2,-2,-2,0.568493151,-2,-2,-2,0.523809524,-2,0.664383562,-2,0.547297297,-2,-2,-2,0.662162162,-2,-2,-2,-2,-2,-2,0.782312925,0.581081081,-2,0.398648649,-2,0.364864865,-2,-2,-2,-2,-2,-2,-2,-2,-2,-2,-2DOM,0.610778443,0.574850299,-2,0.634730539,0.62585034,-2,-2,-2,-2,-2,-2,-2,-2,-2,-2,0.538922156,-2,0.490566038,0.641025641,0.55483871,0.672839506,0.611111111,0.695364238,0.75,0.690909091,-2,-2,0.63030303,0.684848485,0.652694611,0.587878788,0.608108108,0.638554217,0.584337349,0.598765432,0.532934132,-2,0.598802395,0.538922156,0.570512821,0.54109589,-2,-2,-2,-2,-2,-2,-2,0.305389222,-2,-2,-2,-2,-2,-2,-2,-2,-2,-2,-2,0.45508982,-2,-2,0.562874251,-2,-2,-2,-2,0.305389222,-2,-2,-2,0.305389222,0.305389222,-2,-2,-2,-2,0.48502994,0.538922156,0.51497006,0.588235294,-2,-2,-2,-2,-2,-2,-2,-2,-2,-2,-2,-2,-2,0.591463415,-2,-2,-2,-2,-2,-2,-2,-2,-2,-2,-2,-2,-2,-2,-2,-2,-2,0.503225806,-2,-2,-2,-2,-2,-2,0.513274336,-2,-2,-2,-2,-2,-2,-2,-2,-2,-2,-2,-2,-2,-2,0.536144578,0.673469388,0.557575758,0.43373494,0.431137725,0.52027027,-2,0.551515152,0.403614458,0.391304348,-2,-2,-2,-2,-2,0.404907975,-2,-2,-2,-2,-2,-2,-2,0.612121212,-2,-2,-2,0.415662651,-2,0.521212121,-2,0.419161677,-2,-2,-2,0.592814371,-2,-2,-2,-2,-2,-2,0.608433735,0.419161677,-2,0.538922156,-2,0.54491018,-2,-2,-2,-2,-2,-2,-2,-2,-2,-2,-2JAM,-2,-2,-2,-2,-2,-2,-2,-2,-2,-2,-2,-2,-2,-2,-2,-2,-2,-2,-2,-2,-2,-2,-2,-2,-2,-2,-2,-2,-2,-2,-2,-2,-2,-2,-2,-2,-2,-2,-2,-2,-2,-2,-2,-2,-2,-2,-2,-2,-2,-2,-2,-2,-2,-2,-2,-2,-2,-2,-2,-2,-2,-2,-2,-2,-2,-2,-2,-2,-2,-2,-2,-2,-2,-2,-2,-2,-2,-2,-2,-2,-2,-2,-2,-2,-2,-2,-2,-2,-2,-2,-2,-2,-2,-2,-2,-2,-2,-2,-2,-2,-2,-2,-2,-2,-2,-2,-2,-2,-2,-2,-2,-2,-2,-2,-2,-2,-2,-2,-2,-2,-2,-2,-2,-2,-2,-2,-2,-2,-2,-2,-2,-2,-2,-2,-2,-2,-2,-2,-2,-2,-2,-2,-2,-2,-2,-2,-2,-2,-2,-2,-2,-2,-2,-2,-2,-2,-2,-2,-2,-2,-2,-2,-2,-2,-2,-2,-2,-2,-2,-2,-2,-2,-2,-2,-2,-2,-2,-2,-2,-2,-2,-2,-2,-2,-2,-2,-2,-2,-2,-2,-2,-2,-2,-2TTO,-2,-2,-2,-2,-2,-2,-2,-2,-2,-2,-2,-2,-2,-2,-2,-2,-2,-2,-2,-2,-2,-2,-2,-2,-2,-2,-2,-2,-2,-2,-2,-2,-2,-2,-2,-2,-2,-2,-2,-2,-2,-2,-2,-2,-2,-2,-2,-2,-2,-2,-2,-2,-2,-2,-2,-2,-2,-2,-2,-2,-2,-2,-2,-2,-2,-2,-2,-2,-2,-2,-2,-2,-2,-2,-2,-2,-2,-2,-2,-2,-2,-2,-2,-2,-2,-2,-2,-2,-2,-2,-2,-2,-2,-2,-2,-2,-2,-2,-2,-2,-2,-2,-2,-2,-2,-2,-2,-2,-2,-2,-2,-2,-2,-2,-2,-2,-2,-2,-2,-2,-2,-2,-2,-2,-2,-2,-2,-2,-2,-2,-2,-2,-2,-2,-2,-2,-2,-2,-2,-2,-2,-2,-2,-2,-2,-2,-2,-2,-2,-2,-2,-2,-2,-2,-2,-2,-2,-2,-2,-2,-2,-2,-2,-2,-2,-2,-2,-2,-2,-2,-2,-2,-2,-2,-2,-2,-2,-2,-2,-2,-2,-2,-2,-2,-2,-2,-2,-2,-2,-2,-2,-2,-2,-2BRB,-2,-2,-2,-2,-2,-2,-2,-2,-2,-2,-2,-2,-2,-2,-2,-2,-2,-2,-2,-2,-2,-2,-2,-2,-2,-2,-2,-2,-2,-2,-2,-2,-2,-2,-2,-2,-2,-2,-2,-2,-2,-2,-2,-2,-2,-2,-2,-2,-2,-2,-2,-2,-2,-2,-2,-2,-2,-2,-2,-2,-2,-2,-2,-2,-2,-2,-2,-2,-2,-2,-2,-2,-2,-2,-2,-2,-2,-2,-2,-2,-2,-2,-2,-2,-2,-2,-2,-2,-2,-2,-2,-2,-2,-2,-2,-2,-2,-2,-2,-2,-2,-2,-2,-2,-2,-2,-2,-2,-2,-2,-2,-2,-2,-2,-2,-2,-2,-2,-2,-2,-2,-2,-2,-2,-2,-2,-2,-2,-2,-2,-2,-2,-2,-2,-2,-2,-2,-2,-2,-2,-2,-2,-2,-2,-2,-2,-2,-2,-2,-2,-2,-2,-2,-2,-2,-2,-2,-2,-2,-2,-2,-2,-2,-2,-2,-2,-2,-2,-2,-2,-2,-2,-2,-2,-2,-2,-2,-2,-2,-2,-2,-2,-2,-2,-2,-2,-2,-2,-2,-2,-2,-2,-2,-2DMA,-2,-2,-2,-2,-2,-2,-2,-2,-2,-2,-2,-2,-2,-2,-2,-2,-2,-2,-2,-2,-2,-2,-2,-2,-2,-2,-2,-2,-2,-2,-2,-2,-2,-2,-2,-2,-2,-2,-2,-2,-2,-2,-2,-2,-2,-2,-2,-2,-2,-2,-2,-2,-2,-2,-2,-2,-2,-2,-2,-2,-2,-2,-2,-2,-2,-2,-2,-2,-2,-2,-2,-2,-2,-2,-2,-2,-2,-2,-2,-2,-2,-2,-2,-2,-2,-2,-2,-2,-2,-2,-2,-2,-2,-2,-2,-2,-2,-2,-2,-2,-2,-2,-2,-2,-2,-2,-2,-2,-2,-2,-2,-2,-2,-2,-2,-2,-2,-2,-2,-2,-2,-2,-2,-2,-2,-2,-2,-2,-2,-2,-2,-2,-2,-2,-2,-2,-2,-2,-2,-2,-2,-2,-2,-2,-2,-2,-2,-2,-2,-2,-2,-2,-2,-2,-2,-2,-2,-2,-2,-2,-2,-2,-2,-2,-2,-2,-2,-2,-2,-2,-2,-2,-2,-2,-2,-2,-2,-2,-2,-2,-2,-2,-2,-2,-2,-2,-2,-2,-2,-2,-2,-2,-2,-2GRD,-2,-2,-2,-2,-2,-2,-2,-2,-2,-2,-2,-2,-2,-2,-2,-2,-2,-2,-2,-2,-2,-2,-2,-2,-2,-2,-2,-2,-2,-2,-2,-2,-2,-2,-2,-2,-2,-2,-2,-2,-2,-2,-2,-2,-2,-2,-2,-2,-2,-2,-2,-2,-2,-2,-2,-2,-2,-2,-2,-2,-2,-2,-2,-2,-2,-2,-2,-2,-2,-2,-2,-2,-2,-2,-2,-2,-2,-2,-2,-2,-2,-2,-2,-2,-2,-2,-2,-2,-2,-2,-2,-2,-2,-2,-2,-2,-2,-2,-2,-2,-2,-2,-2,-2,-2,-2,-2,-2,-2,-2,-2,-2,-2,-2,-2,-2,-2,-2,-2,-2,-2,-2,-2,-2,-2,-2,-2,-2,-2,-2,-2,-2,-2,-2,-2,-2,-2,-2,-2,-2,-2,-2,-2,-2,-2,-2,-2,-2,-2,-2,-2,-2,-2,-2,-2,-2,-2,-2,-2,-2,-2,-2,-2,-2,-2,-2,-2,-2,-2,-2,-2,-2,-2,-2,-2,-2,-2,-2,-2,-2,-2,-2,-2,-2,-2,-2,-2,-2,-2,-2,-2,-2,-2,-2LCA,-2,-2,-2,-2,-2,-2,-2,-2,-2,-2,-2,-2,-2,-2,-2,-2,-2,-2,-2,-2,-2,-2,-2,-2,-2,-2,-2,-2,-2,-2,-2,-2,-2,-2,-2,-2,-2,-2,-2,-2,-2,-2,-2,-2,-2,-2,-2,-2,-2,-2,-2,-2,-2,-2,-2,-2,-2,-2,-2,-2,-2,-2,-2,-2,-2,-2,-2,-2,-2,-2,-2,-2,-2,-2,-2,-2,-2,-2,-2,-2,-2,-2,-2,-2,-2,-2,-2,-2,-2,-2,-2,-2,-2,-2,-2,-2,-2,-2,-2,-2,-2,-2,-2,-2,-2,-2,-2,-2,-2,-2,-2,-2,-2,-2,-2,-2,-2,-2,-2,-2,-2,-2,-2,-2,-2,-2,-2,-2,-2,-2,-2,-2,-2,-2,-2,-2,-2,-2,-2,-2,-2,-2,-2,-2,-2,-2,-2,-2,-2,-2,-2,-2,-2,-2,-2,-2,-2,-2,-2,-2,-2,-2,-2,-2,-2,-2,-2,-2,-2,-2,-2,-2,-2,-2,-2,-2,-2,-2,-2,-2,-2,-2,-2,-2,-2,-2,-2,-2,-2,-2,-2,-2,-2,-2VCT,-2,-2,-2,-2,-2,-2,-2,-2,-2,-2,-2,-2,-2,-2,-2,-2,-2,-2,-2,-2,-2,-2,-2,-2,-2,-2,-2,-2,-2,-2,-2,-2,-2,-2,-2,-2,-2,-2,-2,-2,-2,-2,-2,-2,-2,-2,-2,-2,-2,-2,-2,-2,-2,-2,-2,-2,-2,-2,-2,-2,-2,-2,-2,-2,-2,-2,-2,-2,-2,-2,-2,-2,-2,-2,-2,-2,-2,-2,-2,-2,-2,-2,-2,-2,-2,-2,-2,-2,-2,-2,-2,-2,-2,-2,-2,-2,-2,-2,-2,-2,-2,-2,-2,-2,-2,-2,-2,-2,-2,-2,-2,-2,-2,-2,-2,-2,-2,-2,-2,-2,-2,-2,-2,-2,-2,-2,-2,-2,-2,-2,-2,-2,-2,-2,-2,-2,-2,-2,-2,-2,-2,-2,-2,-2,-2,-2,-2,-2,-2,-2,-2,-2,-2,-2,-2,-2,-2,-2,-2,-2,-2,-2,-2,-2,-2,-2,-2,-2,-2,-2,-2,-2,-2,-2,-2,-2,-2,-2,-2,-2,-2,-2,-2,-2,-2,-2,-2,-2,-2,-2,-2,-2,-2,-2ATG,-2,-2,-2,-2,-2,-2,-2,-2,-2,-2,-2,-2,-2,-2,-2,-2,-2,-2,-2,-2,-2,-2,-2,-2,-2,-2,-2,-2,-2,-2,-2,-2,-2,-2,-2,-2,-2,-2,-2,-2,-2,-2,-2,-2,-2,-2,-2,-2,-2,-2,-2,-2,-2,-2,-2,-2,-2,-2,-2,-2,-2,-2,-2,-2,-2,-2,-2,-2,-2,-2,-2,-2,-2,-2,-2,-2,-2,-2,-2,-2,-2,-2,-2,-2,-2,-2,-2,-2,-2,-2,-2,-2,-2,-2,-2,-2,-2,-2,-2,-2,-2,-2,-2,-2,-2,-2,-2,-2,-2,-2,-2,-2,-2,-2,-2,-2,-2,-2,-2,-2,-2,-2,-2,-2,-2,-2,-2,-2,-2,-2,-2,-2,-2,-2,-2,-2,-2,-2,-2,-2,-2,-2,-2,-2,-2,-2,-2,-2,-2,-2,-2,-2,-2,-2,-2,-2,-2,-2,-2,-2,-2,-2,-2,-2,-2,-2,-2,-2,-2,-2,-2,-2,-2,-2,-2,-2,-2,-2,-2,-2,-2,-2,-2,-2,-2,-2,-2,-2,-2,-2,-2,-2,-2,-2KNA,-2,-2,-2,-2,-2,-2,-2,-2,-2,-2,-2,-2,-2,-2,-2,-2,-2,-2,-2,-2,-2,-2,-2,-2,-2,-2,-2,-2,-2,-2,-2,-2,-2,-2,-2,-2,-2,-2,-2,-2,-2,-2,-2,-2,-2,-2,-2,-2,-2,-2,-2,-2,-2,-2,-2,-2,-2,-2,-2,-2,-2,-2,-2,-2,-2,-2,-2,-2,-2,-2,-2,-2,-2,-2,-2,-2,-2,-2,-2,-2,-2,-2,-2,-2,-2,-2,-2,-2,-2,-2,-2,-2,-2,-2,-2,-2,-2,-2,-2,-2,-2,-2,-2,-2,-2,-2,-2,-2,-2,-2,-2,-2,-2,-2,-2,-2,-2,-2,-2,-2,-2,-2,-2,-2,-2,-2,-2,-2,-2,-2,-2,-2,-2,-2,-2,-2,-2,-2,-2,-2,-2,-2,-2,-2,-2,-2,-2,-2,-2,-2,-2,-2,-2,-2,-2,-2,-2,-2,-2,-2,-2,-2,-2,-2,-2,-2,-2,-2,-2,-2,-2,-2,-2,-2,-2,-2,-2,-2,-2,-2,-2,-2,-2,-2,-2,-2,-2,-2,-2,-2,-2,-2,-2,-2MEX,0.482142857,0.476190476,-2,0.660714286,0.702702703,0.538922156,-2,-2,-2,-2,-2,-2,-2,-2,-2,-2,-2,0.85,0.694267516,0.769230769,0.598765432,0.674846626,0.655629139,0.56969697,0.620481928,-2,-2,0.759036145,0.56626506,0.636904762,0.771084337,0.630872483,0.682634731,0.646706587,0.736196319,0.363095238,-2,0.357142857,0.363095238,0.397435897,0.408163265,-2,-2,-2,-2,-2,-2,-2,0.535714286,-2,-2,-2,-2,-2,-2,-2,-2,-2,-2,-2,0.755952381,-2,-2,0.583333333,-2,-2,-2,-2,0.535714286,-2,-2,-2,0.535714286,0.535714286,-2,-2,-2,-2,0.470238095,0.505952381,0.494047619,0.653594771,-2,-2,-2,-2,-2,-2,-2,-2,-2,-2,-2,-2,-2,0.812121212,-2,-2,-2,-2,-2,-2,-2,-2,-2,-2,-2,-2,-2,-2,-2,-2,-2,0.730769231,-2,-2,-2,-2,-2,-2,0.298245614,-2,-2,-2,-2,-2,-2,-2,-2,-2,-2,-2,-2,-2,-2,0.766467066,0.462585034,0.801204819,0.748502994,0.720238095,0.785234899,-2,0.512048193,0.724550898,0.716049383,-2,-2,-2,-2,-2,0.68902439,-2,-2,-2,-2,-2,-2,-2,0.572289157,-2,-2,-2,0.616766467,-2,0.759036145,-2,0.708333333,-2,-2,-2,0.720238095,-2,-2,-2,-2,-2,-2,0.778443114,0.666666667,-2,0.392857143,-2,0.392857143,-2,-2,-2,-2,-2,-2,-2,-2,-2,-2,-2BLZ,-2,-2,-2,-2,-2,-2,-2,-2,-2,-2,-2,-2,-2,-2,-2,-2,-2,-2,-2,-2,-2,-2,-2,-2,-2,-2,-2,-2,-2,-2,-2,-2,-2,-2,-2,-2,-2,-2,-2,-2,-2,-2,-2,-2,-2,-2,-2,-2,-2,-2,-2,-2,-2,-2,-2,-2,-2,-2,-2,-2,-2,-2,-2,-2,-2,-2,-2,-2,-2,-2,-2,-2,-2,-2,-2,-2,-2,-2,-2,-2,-2,-2,-2,-2,-2,-2,-2,-2,-2,-2,-2,-2,-2,-2,-2,-2,-2,-2,-2,-2,-2,-2,-2,-2,-2,-2,-2,-2,-2,-2,-2,-2,-2,-2,-2,-2,-2,-2,-2,-2,-2,-2,-2,-2,-2,-2,-2,-2,-2,-2,-2,-2,-2,-2,-2,-2,-2,-2,-2,-2,-2,-2,-2,-2,-2,-2,-2,-2,-2,-2,-2,-2,-2,-2,-2,-2,-2,-2,-2,-2,-2,-2,-2,-2,-2,-2,-2,-2,-2,-2,-2,-2,-2,-2,-2,-2,-2,-2,-2,-2,-2,-2,-2,-2,-2,-2,-2,-2,-2,-2,-2,-2,-2,-2GTM,0.43125,0.45625,-2,0.60625,0.680851064,0.490566038,-2,-2,-2,-2,-2,-2,-2,-2,-2,0.85,-2,-2,0.695364238,0.72,0.525641026,0.632258065,0.639455782,0.496815287,0.594936709,-2,-2,0.670886076,0.525316456,0.56875,0.761006289,0.531468531,0.635220126,0.597484277,0.703225806,0.3875,-2,0.3375,0.3375,0.373333333,0.374100719,-2,-2,-2,-2,-2,-2,-2,0.575,-2,-2,-2,-2,-2,-2,-2,-2,-2,-2,-2,0.76875,-2,-2,0.54375,-2,-2,-2,-2,0.56875,-2,-2,-2,0.575,0.56875,-2,-2,-2,-2,0.45,0.475,0.45625,0.587837838,-2,-2,-2,-2,-2,-2,-2,-2,-2,-2,-2,-2,-2,0.778481013,-2,-2,-2,-2,-2,-2,-2,-2,-2,-2,-2,-2,-2,-2,-2,-2,-2,0.709459459,-2,-2,-2,-2,-2,-2,0.268518519,-2,-2,-2,-2,-2,-2,-2,-2,-2,-2,-2,-2,-2,-2,0.748427673,0.432624113,0.778481013,0.735849057,0.75,0.763888889,-2,0.51875,0.742138365,0.722580645,-2,-2,-2,-2,-2,0.708860759,-2,-2,-2,-2,-2,-2,-2,0.53164557,-2,-2,-2,0.635220126,-2,0.784810127,-2,0.70625,-2,-2,-2,0.66875,-2,-2,-2,-2,-2,-2,0.70625,0.7125,-2,0.4,-2,0.40625,-2,-2,-2,-2,-2,-2,-2,-2,-2,-2,-2HND,0.566878981,0.541401274,-2,0.74522293,0.802919708,0.641025641,-2,-2,-2,-2,-2,-2,-2,-2,-2,0.694267516,-2,0.695364238,-2,0.8,0.725490196,0.823529412,0.791666667,0.66025641,0.677419355,-2,-2,0.787096774,0.632258065,0.700636943,0.741935484,0.7,0.705128205,0.598726115,0.717105263,0.496815287,-2,0.445859873,0.420382166,0.496688742,0.5,-2,-2,-2,-2,-2,-2,-2,0.439490446,-2,-2,-2,-2,-2,-2,-2,-2,-2,-2,-2,0.624203822,-2,-2,0.624203822,-2,-2,-2,-2,0.439490446,-2,-2,-2,0.439490446,0.439490446,-2,-2,-2,-2,0.464968153,0.522292994,0.50955414,0.638157895,-2,-2,-2,-2,-2,-2,-2,-2,-2,-2,-2,-2,-2,0.746753247,-2,-2,-2,-2,-2,-2,-2,-2,-2,-2,-2,-2,-2,-2,-2,-2,-2,0.655172414,-2,-2,-2,-2,-2,-2,0.373831776,-2,-2,-2,-2,-2,-2,-2,-2,-2,-2,-2,-2,-2,-2,0.698717949,0.605633803,0.748387097,0.634615385,0.630573248,0.712230216,-2,0.619354839,0.602564103,0.569536424,-2,-2,-2,-2,-2,0.6,-2,-2,-2,-2,-2,-2,-2,0.6,-2,-2,-2,0.58974359,-2,0.664516129,-2,0.579617834,-2,-2,-2,0.72611465,-2,-2,-2,-2,-2,-2,0.713375796,0.592356688,-2,0.477707006,-2,0.47133758,-2,-2,-2,-2,-2,-2,-2,-2,-2,-2,-2SLV,0.5,0.480769231,-2,0.724358974,0.801470588,0.55483871,-2,-2,-2,-2,-2,-2,-2,-2,-2,0.769230769,-2,0.72,0.8,-2,0.635761589,0.776315789,0.717241379,0.594771242,0.668831169,-2,-2,0.811688312,0.619354839,0.679487179,0.779220779,0.664233577,0.722580645,0.632258065,0.715231788,0.416666667,-2,0.397435897,0.365384615,0.4,0.414814815,-2,-2,-2,-2,-2,-2,-2,0.493589744,-2,-2,-2,-2,-2,-2,-2,-2,-2,-2,-2,0.685897436,-2,-2,0.602564103,-2,-2,-2,-2,0.493589744,-2,-2,-2,0.493589744,0.493589744,-2,-2,-2,-2,0.416666667,0.448717949,0.435897436,0.588652482,-2,-2,-2,-2,-2,-2,-2,-2,-2,-2,-2,-2,-2,0.738562092,-2,-2,-2,-2,-2,-2,-2,-2,-2,-2,-2,-2,-2,-2,-2,-2,-2,0.698630137,-2,-2,-2,-2,-2,-2,0.275229358,-2,-2,-2,-2,-2,-2,-2,-2,-2,-2,-2,-2,-2,-2,0.741935484,0.496296296,0.794871795,0.737179487,0.698717949,0.807142857,-2,0.557692308,0.696774194,0.666666667,-2,-2,-2,-2,-2,0.644736842,-2,-2,-2,-2,-2,-2,-2,0.571428571,-2,-2,-2,0.621794872,-2,0.733766234,-2,0.628205128,-2,-2,-2,0.730769231,-2,-2,-2,-2,-2,-2,0.767741935,0.647435897,-2,0.397435897,-2,0.416666667,-2,-2,-2,-2,-2,-2,-2,-2,-2,-2,-2NIC,0.660493827,0.617283951,-2,0.697530864,0.673611111,0.672839506,-2,-2,-2,-2,-2,-2,-2,-2,-2,0.598765432,-2,0.525641026,0.725490196,0.635761589,-2,0.700636943,0.77027027,0.698113208,0.625,-2,-2,0.73125,0.66875,0.765432099,0.6375,0.772413793,0.695652174,0.50310559,0.624203822,0.592592593,-2,0.592592593,0.561728395,0.653594771,0.574468085,-2,-2,-2,-2,-2,-2,-2,0.339506173,-2,-2,-2,-2,-2,-2,-2,-2,-2,-2,-2,0.5,-2,-2,0.592592593,-2,-2,-2,-2,0.339506173,-2,-2,-2,0.339506173,0.339506173,-2,-2,-2,-2,0.574074074,0.598765432,0.574074074,0.723684211,-2,-2,-2,-2,-2,-2,-2,-2,-2,-2,-2,-2,-2,0.610062893,-2,-2,-2,-2,-2,-2,-2,-2,-2,-2,-2,-2,-2,-2,-2,-2,-2,0.506666667,-2,-2,-2,-2,-2,-2,0.472222222,-2,-2,-2,-2,-2,-2,-2,-2,-2,-2,-2,-2,-2,-2,0.552795031,0.680555556,0.625,0.49068323,0.475308642,0.587412587,-2,0.65,0.465838509,0.435897436,-2,-2,-2,-2,-2,0.46875,-2,-2,-2,-2,-2,-2,-2,0.63125,-2,-2,-2,0.47826087,-2,0.55,-2,0.469135802,-2,-2,-2,0.691358025,-2,-2,-2,-2,-2,-2,0.641975309,0.462962963,-2,0.611111111,-2,0.561728395,-2,-2,-2,-2,-2,-2,-2,-2,-2,-2,-2CRI,0.607361963,0.558282209,-2,0.687116564,0.706293706,0.611111111,-2,-2,-2,-2,-2,-2,-2,-2,-2,0.674846626,-2,0.632258065,0.823529412,0.776315789,0.700636943,-2,0.739726027,0.658385093,0.670807453,-2,-2,0.751552795,0.677018634,0.73006135,0.726708075,0.75,0.693251534,0.62962963,0.734177215,0.472392638,-2,0.484662577,0.447852761,0.490322581,0.5,-2,-2,-2,-2,-2,-2,-2,0.429447853,-2,-2,-2,-2,-2,-2,-2,-2,-2,-2,-2,0.582822086,-2,-2,0.625766871,-2,-2,-2,-2,0.429447853,-2,-2,-2,0.429447853,0.429447853,-2,-2,-2,-2,0.515337423,0.54601227,0.521472393,0.662162162,-2,-2,-2,-2,-2,-2,-2,-2,-2,-2,-2,-2,-2,0.66875,-2,-2,-2,-2,-2,-2,-2,-2,-2,-2,-2,-2,-2,-2,-2,-2,-2,0.609271523,-2,-2,-2,-2,-2,-2,0.318584071,-2,-2,-2,-2,-2,-2,-2,-2,-2,-2,-2,-2,-2,-2,0.672839506,0.605633803,0.720496894,0.62345679,0.619631902,0.710344828,-2,0.608695652,0.592592593,0.569620253,-2,-2,-2,-2,-2,0.578616352,-2,-2,-2,-2,-2,-2,-2,0.571428571,-2,-2,-2,0.574074074,-2,0.658385093,-2,0.54601227,-2,-2,-2,0.687116564,-2,-2,-2,-2,-2,-2,0.685185185,0.54601227,-2,0.478527607,-2,0.496932515,-2,-2,-2,-2,-2,-2,-2,-2,-2,-2,-2PAN,0.682119205,0.61589404,-2,0.768211921,0.72519084,0.695364238,-2,-2,-2,-2,-2,-2,-2,-2,-2,0.655629139,-2,0.639455782,0.791666667,0.717241379,0.77027027,0.739726027,-2,0.763513514,0.691275168,-2,-2,0.77852349,0.713333333,0.754966887,0.711409396,0.798507463,0.8,0.613333333,0.714285714,0.562913907,-2,0.562913907,0.523178808,0.591549296,0.561538462,-2,-2,-2,-2,-2,-2,-2,0.390728477,-2,-2,-2,-2,-2,-2,-2,-2,-2,-2,-2,0.562913907,-2,-2,0.59602649,-2,-2,-2,-2,0.390728477,-2,-2,-2,0.390728477,0.390728477,-2,-2,-2,-2,0.562913907,0.609271523,0.59602649,0.666666667,-2,-2,-2,-2,-2,-2,-2,-2,-2,-2,-2,-2,-2,0.662162162,-2,-2,-2,-2,-2,-2,-2,-2,-2,-2,-2,-2,-2,-2,-2,-2,-2,0.581560284,-2,-2,-2,-2,-2,-2,0.5,-2,-2,-2,-2,-2,-2,-2,-2,-2,-2,-2,-2,-2,-2,0.68,0.616541353,0.721854305,0.582781457,0.569536424,0.686567164,-2,0.635761589,0.553333333,0.517241379,-2,-2,-2,-2,-2,0.536912752,-2,-2,-2,-2,-2,-2,-2,0.624161074,-2,-2,-2,0.553333333,-2,0.657718121,-2,0.503311258,-2,-2,-2,0.721854305,-2,-2,-2,-2,-2,-2,0.675496689,0.509933775,-2,0.57615894,-2,0.582781457,-2,-2,-2,-2,-2,-2,-2,-2,-2,-2,-2COL,0.654545455,0.654545455,-2,0.690909091,0.655172414,0.75,-2,-2,-2,-2,-2,-2,-2,-2,-2,0.56969697,-2,0.496815287,0.66025641,0.594771242,0.698113208,0.658385093,0.763513514,-2,0.668711656,-2,-2,0.63803681,0.650306748,0.709090909,0.607361963,0.671232877,0.676829268,0.612121212,0.64375,0.581818182,-2,0.63030303,0.618181818,0.666666667,0.659722222,-2,-2,-2,-2,-2,-2,-2,0.284848485,-2,-2,-2,-2,-2,-2,-2,-2,-2,-2,-2,0.472727273,-2,-2,0.539393939,-2,-2,-2,-2,0.284848485,-2,-2,-2,0.284848485,0.284848485,-2,-2,-2,-2,0.563636364,0.593939394,0.606060606,0.609271523,-2,-2,-2,-2,-2,-2,-2,-2,-2,-2,-2,-2,-2,0.580246914,-2,-2,-2,-2,-2,-2,-2,-2,-2,-2,-2,-2,-2,-2,-2,-2,-2,0.503267974,-2,-2,-2,-2,-2,-2,0.557522124,-2,-2,-2,-2,-2,-2,-2,-2,-2,-2,-2,-2,-2,-2,0.573170732,0.680555556,0.613496933,0.5,0.478787879,0.585034014,-2,0.576687117,0.469512195,0.446540881,-2,-2,-2,-2,-2,0.459627329,-2,-2,-2,-2,-2,-2,-2,0.595092025,-2,-2,-2,0.414634146,-2,0.564417178,-2,0.424242424,-2,-2,-2,0.587878788,-2,-2,-2,-2,-2,-2,0.597560976,0.43030303,-2,0.6,-2,0.6,-2,-2,-2,-2,-2,-2,-2,-2,-2,-2,-2VEN,0.590361446,0.614457831,-2,0.680722892,0.630136986,0.690909091,-2,-2,-2,-2,-2,-2,-2,-2,-2,0.620481928,-2,0.594936709,0.677419355,0.668831169,0.625,0.670807453,0.691275168,0.668711656,-2,-2,-2,0.664634146,0.731707317,0.698795181,0.670731707,0.62585034,0.63030303,0.757575758,0.658385093,0.524096386,-2,0.487951807,0.463855422,0.512987013,0.531034483,-2,-2,-2,-2,-2,-2,-2,0.379518072,-2,-2,-2,-2,-2,-2,-2,-2,-2,-2,-2,0.56626506,-2,-2,0.656626506,-2,-2,-2,-2,0.379518072,-2,-2,-2,0.379518072,0.379518072,-2,-2,-2,-2,0.481927711,0.530120482,0.542168675,0.582781457,-2,-2,-2,-2,-2,-2,-2,-2,-2,-2,-2,-2,-2,0.668711656,-2,-2,-2,-2,-2,-2,-2,-2,-2,-2,-2,-2,-2,-2,-2,-2,-2,0.577922078,-2,-2,-2,-2,-2,-2,0.383928571,-2,-2,-2,-2,-2,-2,-2,-2,-2,-2,-2,-2,-2,-2,0.612121212,0.64137931,0.701219512,0.557575758,0.542168675,0.666666667,-2,0.530487805,0.521212121,0.50625,-2,-2,-2,-2,-2,0.518518519,-2,-2,-2,-2,-2,-2,-2,0.62195122,-2,-2,-2,0.557575758,-2,0.609756098,-2,0.536144578,-2,-2,-2,0.680722892,-2,-2,-2,-2,-2,-2,0.642424242,0.506024096,-2,0.512048193,-2,0.560240964,-2,-2,-2,-2,-2,-2,-2,-2,-2,-2,-2GUY,-2,-2,-2,-2,-2,-2,-2,-2,-2,-2,-2,-2,-2,-2,-2,-2,-2,-2,-2,-2,-2,-2,-2,-2,-2,-2,-2,-2,-2,-2,-2,-2,-2,-2,-2,-2,-2,-2,-2,-2,-2,-2,-2,-2,-2,-2,-2,-2,-2,-2,-2,-2,-2,-2,-2,-2,-2,-2,-2,-2,-2,-2,-2,-2,-2,-2,-2,-2,-2,-2,-2,-2,-2,-2,-2,-2,-2,-2,-2,-2,-2,-2,-2,-2,-2,-2,-2,-2,-2,-2,-2,-2,-2,-2,-2,-2,-2,-2,-2,-2,-2,-2,-2,-2,-2,-2,-2,-2,-2,-2,-2,-2,-2,-2,-2,-2,-2,-2,-2,-2,-2,-2,-2,-2,-2,-2,-2,-2,-2,-2,-2,-2,-2,-2,-2,-2,-2,-2,-2,-2,-2,-2,-2,-2,-2,-2,-2,-2,-2,-2,-2,-2,-2,-2,-2,-2,-2,-2,-2,-2,-2,-2,-2,-2,-2,-2,-2,-2,-2,-2,-2,-2,-2,-2,-2,-2,-2,-2,-2,-2,-2,-2,-2,-2,-2,-2,-2,-2,-2,-2,-2,-2,-2,-2SUR,-2,-2,-2,-2,-2,-2,-2,-2,-2,-2,-2,-2,-2,-2,-2,-2,-2,-2,-2,-2,-2,-2,-2,-2,-2,-2,-2,-2,-2,-2,-2,-2,-2,-2,-2,-2,-2,-2,-2,-2,-2,-2,-2,-2,-2,-2,-2,-2,-2,-2,-2,-2,-2,-2,-2,-2,-2,-2,-2,-2,-2,-2,-2,-2,-2,-2,-2,-2,-2,-2,-2,-2,-2,-2,-2,-2,-2,-2,-2,-2,-2,-2,-2,-2,-2,-2,-2,-2,-2,-2,-2,-2,-2,-2,-2,-2,-2,-2,-2,-2,-2,-2,-2,-2,-2,-2,-2,-2,-2,-2,-2,-2,-2,-2,-2,-2,-2,-2,-2,-2,-2,-2,-2,-2,-2,-2,-2,-2,-2,-2,-2,-2,-2,-2,-2,-2,-2,-2,-2,-2,-2,-2,-2,-2,-2,-2,-2,-2,-2,-2,-2,-2,-2,-2,-2,-2,-2,-2,-2,-2,-2,-2,-2,-2,-2,-2,-2,-2,-2,-2,-2,-2,-2,-2,-2,-2,-2,-2,-2,-2,-2,-2,-2,-2,-2,-2,-2,-2,-2,-2,-2,-2,-2,-2ECU,0.554216867,0.512048193,-2,0.759036145,0.760273973,0.63030303,-2,-2,-2,-2,-2,-2,-2,-2,-2,0.759036145,-2,0.670886076,0.787096774,0.811688312,0.73125,0.751552795,0.77852349,0.63803681,0.664634146,-2,-2,-2,0.640243902,0.698795181,0.737804878,0.727891156,0.745454545,0.6,0.751552795,0.475903614,-2,0.439759036,0.403614458,0.454545455,0.462068966,-2,-2,-2,-2,-2,-2,-2,0.493975904,-2,-2,-2,-2,-2,-2,-2,-2,-2,-2,-2,0.668674699,-2,-2,0.614457831,-2,-2,-2,-2,0.493975904,-2,-2,-2,0.493975904,0.493975904,-2,-2,-2,-2,0.469879518,0.5,0.493975904,0.662251656,-2,-2,-2,-2,-2,-2,-2,-2,-2,-2,-2,-2,-2,0.737804878,-2,-2,-2,-2,-2,-2,-2,-2,-2,-2,-2,-2,-2,-2,-2,-2,-2,0.664516129,-2,-2,-2,-2,-2,-2,0.383928571,-2,-2,-2,-2,-2,-2,-2,-2,-2,-2,-2,-2,-2,-2,0.733333333,0.524137931,0.762195122,0.690909091,0.644578313,0.741496599,-2,0.603658537,0.660606061,0.6375,-2,-2,-2,-2,-2,0.62962963,-2,-2,-2,-2,-2,-2,-2,0.575757576,-2,-2,-2,0.593939394,-2,0.695121951,-2,0.626506024,-2,-2,-2,0.740963855,-2,-2,-2,-2,-2,-2,0.751515152,0.608433735,-2,0.463855422,-2,0.463855422,-2,-2,-2,-2,-2,-2,-2,-2,-2,-2,-2PER,0.63253012,0.620481928,-2,0.608433735,0.575342466,0.684848485,-2,-2,-2,-2,-2,-2,-2,-2,-2,0.56626506,-2,0.525316456,0.632258065,0.619354839,0.66875,0.677018634,0.713333333,0.650306748,0.731707317,-2,-2,0.640243902,-2,0.674698795,0.591463415,0.693877551,0.654545455,0.612121212,0.583850932,0.548192771,-2,0.548192771,0.536144578,0.545454545,0.579310345,-2,-2,-2,-2,-2,-2,-2,0.313253012,-2,-2,-2,-2,-2,-2,-2,-2,-2,-2,-2,0.463855422,-2,-2,0.626506024,-2,-2,-2,-2,0.313253012,-2,-2,-2,0.313253012,0.313253012,-2,-2,-2,-2,0.590361446,0.638554217,0.614457831,0.622516556,-2,-2,-2,-2,-2,-2,-2,-2,-2,-2,-2,-2,-2,0.552147239,-2,-2,-2,-2,-2,-2,-2,-2,-2,-2,-2,-2,-2,-2,-2,-2,-2,0.525974026,-2,-2,-2,-2,-2,-2,0.389380531,-2,-2,-2,-2,-2,-2,-2,-2,-2,-2,-2,-2,-2,-2,0.539393939,0.703448276,0.597560976,0.478787879,0.457831325,0.578231293,-2,0.548780488,0.460606061,0.475,-2,-2,-2,-2,-2,0.444444444,-2,-2,-2,-2,-2,-2,-2,0.603658537,-2,-2,-2,0.460606061,-2,0.518292683,-2,0.43373494,-2,-2,-2,0.596385542,-2,-2,-2,-2,-2,-2,0.587878788,0.43373494,-2,0.572289157,-2,0.602409639,-2,-2,-2,-2,-2,-2,-2,-2,-2,-2,-2BRA,0.69047619,0.636904762,-2,0.755952381,0.662162162,0.652694611,-2,-2,-2,-2,-2,-2,-2,-2,-2,0.636904762,-2,0.56875,0.700636943,0.679487179,0.765432099,0.73006135,0.754966887,0.709090909,0.698795181,-2,-2,0.698795181,0.674698795,-2,0.692771084,0.66442953,0.706586826,0.592814371,0.656441718,0.547619048,-2,0.541666667,0.511904762,0.58974359,0.557823129,-2,-2,-2,-2,-2,-2,-2,0.351190476,-2,-2,-2,-2,-2,-2,-2,-2,-2,-2,-2,0.505952381,-2,-2,0.56547619,-2,-2,-2,-2,0.351190476,-2,-2,-2,0.351190476,0.351190476,-2,-2,-2,-2,0.56547619,0.589285714,0.595238095,0.666666667,-2,-2,-2,-2,-2,-2,-2,-2,-2,-2,-2,-2,-2,0.63030303,-2,-2,-2,-2,-2,-2,-2,-2,-2,-2,-2,-2,-2,-2,-2,-2,-2,0.551282051,-2,-2,-2,-2,-2,-2,0.447368421,-2,-2,-2,-2,-2,-2,-2,-2,-2,-2,-2,-2,-2,-2,0.598802395,0.659863946,0.674698795,0.54491018,0.517857143,0.66442953,-2,0.638554217,0.51497006,0.481481481,-2,-2,-2,-2,-2,0.5,-2,-2,-2,-2,-2,-2,-2,0.602409639,-2,-2,-2,0.532934132,-2,0.638554217,-2,0.488095238,-2,-2,-2,0.714285714,-2,-2,-2,-2,-2,-2,0.682634731,0.452380952,-2,0.523809524,-2,0.571428571,-2,-2,-2,-2,-2,-2,-2,-2,-2,-2,-2BOL,0.5,0.463855422,-2,0.680722892,0.719178082,0.587878788,-2,-2,-2,-2,-2,-2,-2,-2,-2,0.771084337,-2,0.761006289,0.741935484,0.779220779,0.6375,0.726708075,0.711409396,0.607361963,0.670731707,-2,-2,0.737804878,0.591463415,0.692771084,-2,0.666666667,0.721212121,0.672727273,0.795031056,0.403614458,-2,0.397590361,0.361445783,0.409090909,0.427586207,-2,-2,-2,-2,-2,-2,-2,0.530120482,-2,-2,-2,-2,-2,-2,-2,-2,-2,-2,-2,0.71686747,-2,-2,0.584337349,-2,-2,-2,-2,0.524096386,-2,-2,-2,0.530120482,0.524096386,-2,-2,-2,-2,0.481927711,0.530120482,0.493975904,0.657894737,-2,-2,-2,-2,-2,-2,-2,-2,-2,-2,-2,-2,-2,0.809815951,-2,-2,-2,-2,-2,-2,-2,-2,-2,-2,-2,-2,-2,-2,-2,-2,-2,0.746753247,-2,-2,-2,-2,-2,-2,0.267857143,-2,-2,-2,-2,-2,-2,-2,-2,-2,-2,-2,-2,-2,-2,0.806060606,0.48630137,0.823170732,0.721212121,0.722891566,0.795918367,-2,0.567073171,0.721212121,0.70625,-2,-2,-2,-2,-2,0.703703704,-2,-2,-2,-2,-2,-2,-2,0.634146341,-2,-2,-2,0.696969697,-2,0.804878049,-2,0.662650602,-2,-2,-2,0.795180723,-2,-2,-2,-2,-2,-2,0.787878788,0.698795181,-2,0.391566265,-2,0.409638554,-2,-2,-2,-2,-2,-2,-2,-2,-2,-2,-2PRY,0.644295302,0.55704698,-2,0.691275168,0.682758621,0.608108108,-2,-2,-2,-2,-2,-2,-2,-2,-2,0.630872483,-2,0.531468531,0.7,0.664233577,0.772413793,0.75,0.798507463,0.671232877,0.62585034,-2,-2,0.727891156,0.693877551,0.66442953,0.666666667,-2,0.716216216,0.527027027,0.659722222,0.476510067,-2,0.516778523,0.489932886,0.532374101,0.4921875,-2,-2,-2,-2,-2,-2,-2,0.288590604,-2,-2,-2,-2,-2,-2,-2,-2,-2,-2,-2,0.489932886,-2,-2,0.630872483,-2,-2,-2,-2,0.288590604,-2,-2,-2,0.288590604,0.288590604,-2,-2,-2,-2,0.516778523,0.536912752,0.516778523,0.632352941,-2,-2,-2,-2,-2,-2,-2,-2,-2,-2,-2,-2,-2,0.609589041,-2,-2,-2,-2,-2,-2,-2,-2,-2,-2,-2,-2,-2,-2,-2,-2,-2,0.579310345,-2,-2,-2,-2,-2,-2,0.405405405,-2,-2,-2,-2,-2,-2,-2,-2,-2,-2,-2,-2,-2,-2,0.594594595,0.6,0.653061224,0.5,0.489932886,0.607692308,-2,0.585034014,0.472972973,0.454545455,-2,-2,-2,-2,-2,0.448979592,-2,-2,-2,-2,-2,-2,-2,0.605442177,-2,-2,-2,0.486486486,-2,0.571428571,-2,0.469798658,-2,-2,-2,0.691275168,-2,-2,-2,-2,-2,-2,0.630872483,0.44966443,-2,0.510067114,-2,0.483221477,-2,-2,-2,-2,-2,-2,-2,-2,-2,-2,-2CHL,0.54491018,0.562874251,-2,0.688622754,0.68707483,0.638554217,-2,-2,-2,-2,-2,-2,-2,-2,-2,0.682634731,-2,0.635220126,0.705128205,0.722580645,0.695652174,0.693251534,0.8,0.676829268,0.63030303,-2,-2,0.745454545,0.654545455,0.706586826,0.721212121,0.716216216,-2,0.644578313,0.734567901,0.497005988,-2,0.467065868,0.443113772,0.506410256,0.48630137,-2,-2,-2,-2,-2,-2,-2,0.449101796,-2,-2,-2,-2,-2,-2,-2,-2,-2,-2,-2,0.604790419,-2,-2,0.598802395,-2,-2,-2,-2,0.443113772,-2,-2,-2,0.449101796,0.443113772,-2,-2,-2,-2,0.479041916,0.532934132,0.526946108,0.598684211,-2,-2,-2,-2,-2,-2,-2,-2,-2,-2,-2,-2,-2,0.695121951,-2,-2,-2,-2,-2,-2,-2,-2,-2,-2,-2,-2,-2,-2,-2,-2,-2,0.664516129,-2,-2,-2,-2,-2,-2,0.447368421,-2,-2,-2,-2,-2,-2,-2,-2,-2,-2,-2,-2,-2,-2,0.692771084,0.534246575,0.727272727,0.626506024,0.598802395,0.689189189,-2,0.618181818,0.608433735,0.598765432,-2,-2,-2,-2,-2,0.564417178,-2,-2,-2,-2,-2,-2,-2,0.563636364,-2,-2,-2,0.572289157,-2,0.660606061,-2,0.586826347,-2,-2,-2,0.652694611,-2,-2,-2,-2,-2,-2,0.668674699,0.574850299,-2,0.45508982,-2,0.497005988,-2,-2,-2,-2,-2,-2,-2,-2,-2,-2,-2ARG,0.473053892,0.51497006,-2,0.574850299,0.557823129,0.584337349,-2,-2,-2,-2,-2,-2,-2,-2,-2,0.646706587,-2,0.597484277,0.598726115,0.632258065,0.50310559,0.62962963,0.613333333,0.612121212,0.757575758,-2,-2,0.6,0.612121212,0.592814371,0.672727273,0.527027027,0.644578313,-2,0.648148148,0.437125749,-2,0.407185629,0.365269461,0.432258065,0.424657534,-2,-2,-2,-2,-2,-2,-2,0.437125749,-2,-2,-2,-2,-2,-2,-2,-2,-2,-2,-2,0.568862275,-2,-2,0.610778443,-2,-2,-2,-2,0.437125749,-2,-2,-2,0.437125749,0.437125749,-2,-2,-2,-2,0.449101796,0.479041916,0.497005988,0.529411765,-2,-2,-2,-2,-2,-2,-2,-2,-2,-2,-2,-2,-2,0.62195122,-2,-2,-2,-2,-2,-2,-2,-2,-2,-2,-2,-2,-2,-2,-2,-2,-2,0.580645161,-2,-2,-2,-2,-2,-2,0.333333333,-2,-2,-2,-2,-2,-2,-2,-2,-2,-2,-2,-2,-2,-2,0.680722892,0.554794521,0.709090909,0.656626506,0.604790419,0.668918919,-2,0.496969697,0.602409639,0.633540373,-2,-2,-2,-2,-2,0.582822086,-2,-2,-2,-2,-2,-2,-2,0.521212121,-2,-2,-2,0.584337349,-2,0.63030303,-2,0.556886228,-2,-2,-2,0.616766467,-2,-2,-2,-2,-2,-2,0.626506024,0.598802395,-2,0.395209581,-2,0.443113772,-2,-2,-2,-2,-2,-2,-2,-2,-2,-2,-2URY,0.552147239,0.558282209,-2,0.687116564,0.671328671,0.598765432,-2,-2,-2,-2,-2,-2,-2,-2,-2,0.736196319,-2,0.703225806,0.717105263,0.715231788,0.624203822,0.734177215,0.714285714,0.64375,0.658385093,-2,-2,0.751552795,0.583850932,0.656441718,0.795031056,0.659722222,0.734567901,0.648148148,-2,0.466257669,-2,0.503067485,0.447852761,0.456953642,0.521126761,-2,-2,-2,-2,-2,-2,-2,0.552147239,-2,-2,-2,-2,-2,-2,-2,-2,-2,-2,-2,0.72392638,-2,-2,0.650306748,-2,-2,-2,-2,0.552147239,-2,-2,-2,0.552147239,0.552147239,-2,-2,-2,-2,0.588957055,0.63803681,0.613496933,0.695945946,-2,-2,-2,-2,-2,-2,-2,-2,-2,-2,-2,-2,-2,0.757763975,-2,-2,-2,-2,-2,-2,-2,-2,-2,-2,-2,-2,-2,-2,-2,-2,-2,0.708609272,-2,-2,-2,-2,-2,-2,0.362831858,-2,-2,-2,-2,-2,-2,-2,-2,-2,-2,-2,-2,-2,-2,0.734567901,0.5,0.757763975,0.722222222,0.680981595,0.786206897,-2,0.627329193,0.685185185,0.664556962,-2,-2,-2,-2,-2,0.660377358,-2,-2,-2,-2,-2,-2,-2,0.645962733,-2,-2,-2,0.641975309,-2,0.689440994,-2,0.656441718,-2,-2,-2,0.748466258,-2,-2,-2,-2,-2,-2,0.734567901,0.63803681,-2,0.466257669,-2,0.527607362,-2,-2,-2,-2,-2,-2,-2,-2,-2,-2,-2GBR,0.625,0.761904762,-2,0.476190476,0.405405405,0.532934132,-2,-2,-2,-2,-2,-2,-2,-2,-2,0.363095238,-2,0.3875,0.496815287,0.416666667,0.592592593,0.472392638,0.562913907,0.581818182,0.524096386,-2,-2,0.475903614,0.548192771,0.547619048,0.403614458,0.476510067,0.497005988,0.437125749,0.466257669,-2,-2,0.803571429,0.803571429,0.871794872,0.843537415,-2,-2,-2,-2,-2,-2,-2,0.25,-2,-2,-2,-2,-2,-2,-2,-2,-2,-2,-2,0.357142857,-2,-2,0.529761905,-2,-2,-2,-2,0.244047619,-2,-2,-2,0.25,0.244047619,-2,-2,-2,-2,0.642857143,0.625,0.666666667,0.594771242,-2,-2,-2,-2,-2,-2,-2,-2,-2,-2,-2,-2,-2,0.406060606,-2,-2,-2,-2,-2,-2,-2,-2,-2,-2,-2,-2,-2,-2,-2,-2,-2,0.346153846,-2,-2,-2,-2,-2,-2,0.763157895,-2,-2,-2,-2,-2,-2,-2,-2,-2,-2,-2,-2,-2,-2,0.341317365,0.693877551,0.385542169,0.299401198,0.291666667,0.402684564,-2,0.530120482,0.293413174,0.277777778,-2,-2,-2,-2,-2,0.286585366,-2,-2,-2,-2,-2,-2,-2,0.445783133,-2,-2,-2,0.311377246,-2,0.361445783,-2,0.285714286,-2,-2,-2,0.446428571,-2,-2,-2,-2,-2,-2,0.377245509,0.285714286,-2,0.875,-2,0.839285714,-2,-2,-2,-2,-2,-2,-2,-2,-2,-2,-2IRL,-2,-2,-2,-2,-2,-2,-2,-2,-2,-2,-2,-2,-2,-2,-2,-2,-2,-2,-2,-2,-2,-2,-2,-2,-2,-2,-2,-2,-2,-2,-2,-2,-2,-2,-2,-2,-2,-2,-2,-2,-2,-2,-2,-2,-2,-2,-2,-2,-2,-2,-2,-2,-2,-2,-2,-2,-2,-2,-2,-2,-2,-2,-2,-2,-2,-2,-2,-2,-2,-2,-2,-2,-2,-2,-2,-2,-2,-2,-2,-2,-2,-2,-2,-2,-2,-2,-2,-2,-2,-2,-2,-2,-2,-2,-2,-2,-2,-2,-2,-2,-2,-2,-2,-2,-2,-2,-2,-2,-2,-2,-2,-2,-2,-2,-2,-2,-2,-2,-2,-2,-2,-2,-2,-2,-2,-2,-2,-2,-2,-2,-2,-2,-2,-2,-2,-2,-2,-2,-2,-2,-2,-2,-2,-2,-2,-2,-2,-2,-2,-2,-2,-2,-2,-2,-2,-2,-2,-2,-2,-2,-2,-2,-2,-2,-2,-2,-2,-2,-2,-2,-2,-2,-2,-2,-2,-2,-2,-2,-2,-2,-2,-2,-2,-2,-2,-2,-2,-2,-2,-2,-2,-2,-2,-2NLD,0.678571429,0.779761905,-2,0.511904762,0.391891892,0.598802395,-2,-2,-2,-2,-2,-2,-2,-2,-2,0.357142857,-2,0.3375,0.445859873,0.397435897,0.592592593,0.484662577,0.562913907,0.63030303,0.487951807,-2,-2,0.439759036,0.548192771,0.541666667,0.397590361,0.516778523,0.467065868,0.407185629,0.503067485,0.803571429,-2,-2,0.779761905,0.83974359,0.80952381,-2,-2,-2,-2,-2,-2,-2,0.226190476,-2,-2,-2,-2,-2,-2,-2,-2,-2,-2,-2,0.327380952,-2,-2,0.529761905,-2,-2,-2,-2,0.220238095,-2,-2,-2,0.226190476,0.220238095,-2,-2,-2,-2,0.702380952,0.69047619,0.726190476,0.60130719,-2,-2,-2,-2,-2,-2,-2,-2,-2,-2,-2,-2,-2,0.36969697,-2,-2,-2,-2,-2,-2,-2,-2,-2,-2,-2,-2,-2,-2,-2,-2,-2,0.352564103,-2,-2,-2,-2,-2,-2,0.622807018,-2,-2,-2,-2,-2,-2,-2,-2,-2,-2,-2,-2,-2,-2,0.317365269,0.680272109,0.34939759,0.305389222,0.291666667,0.362416107,-2,0.536144578,0.293413174,0.302469136,-2,-2,-2,-2,-2,0.280487805,-2,-2,-2,-2,-2,-2,-2,0.463855422,-2,-2,-2,0.305389222,-2,0.361445783,-2,0.267857143,-2,-2,-2,0.43452381,-2,-2,-2,-2,-2,-2,0.389221557,0.244047619,-2,0.797619048,-2,0.839285714,-2,-2,-2,-2,-2,-2,-2,-2,-2,-2,-2BEL,0.601190476,0.726190476,-2,0.452380952,0.385135135,0.538922156,-2,-2,-2,-2,-2,-2,-2,-2,-2,0.363095238,-2,0.3375,0.420382166,0.365384615,0.561728395,0.447852761,0.523178808,0.618181818,0.463855422,-2,-2,0.403614458,0.536144578,0.511904762,0.361445783,0.489932886,0.443113772,0.365269461,0.447852761,0.803571429,-2,0.779761905,-2,0.852564103,0.843537415,-2,-2,-2,-2,-2,-2,-2,0.220238095,-2,-2,-2,-2,-2,-2,-2,-2,-2,-2,-2,0.339285714,-2,-2,0.505952381,-2,-2,-2,-2,0.220238095,-2,-2,-2,0.220238095,0.220238095,-2,-2,-2,-2,0.619047619,0.613095238,0.625,0.535947712,-2,-2,-2,-2,-2,-2,-2,-2,-2,-2,-2,-2,-2,0.363636364,-2,-2,-2,-2,-2,-2,-2,-2,-2,-2,-2,-2,-2,-2,-2,-2,-2,0.346153846,-2,-2,-2,-2,-2,-2,0.684210526,-2,-2,-2,-2,-2,-2,-2,-2,-2,-2,-2,-2,-2,-2,0.329341317,0.646258503,0.361445783,0.28742515,0.273809524,0.389261745,-2,0.457831325,0.263473054,0.24691358,-2,-2,-2,-2,-2,0.256097561,-2,-2,-2,-2,-2,-2,-2,0.439759036,-2,-2,-2,0.317365269,-2,0.313253012,-2,0.255952381,-2,-2,-2,0.422619048,-2,-2,-2,-2,-2,-2,0.371257485,0.244047619,-2,0.81547619,-2,0.773809524,-2,-2,-2,-2,-2,-2,-2,-2,-2,-2,-2LUX,0.66025641,0.807692308,-2,0.525641026,0.401459854,0.570512821,-2,-2,-2,-2,-2,-2,-2,-2,-2,0.397435897,-2,0.373333333,0.496688742,0.4,0.653594771,0.490322581,0.591549296,0.666666667,0.512987013,-2,-2,0.454545455,0.545454545,0.58974359,0.409090909,0.532374101,0.506410256,0.432258065,0.456953642,0.871794872,-2,0.83974359,0.852564103,-2,0.874074074,-2,-2,-2,-2,-2,-2,-2,0.211538462,-2,-2,-2,-2,-2,-2,-2,-2,-2,-2,-2,0.346153846,-2,-2,0.557692308,-2,-2,-2,-2,0.211538462,-2,-2,-2,0.211538462,0.211538462,-2,-2,-2,-2,0.66025641,0.641025641,0.685897436,0.614864865,-2,-2,-2,-2,-2,-2,-2,-2,-2,-2,-2,-2,-2,0.418300654,-2,-2,-2,-2,-2,-2,-2,-2,-2,-2,-2,-2,-2,-2,-2,-2,-2,0.361111111,-2,-2,-2,-2,-2,-2,0.754716981,-2,-2,-2,-2,-2,-2,-2,-2,-2,-2,-2,-2,-2,-2,0.358974359,0.711267606,0.409090909,0.322580645,0.301282051,0.434782609,-2,0.545454545,0.290322581,0.271523179,-2,-2,-2,-2,-2,0.279220779,-2,-2,-2,-2,-2,-2,-2,0.487012987,-2,-2,-2,0.303225806,-2,0.383116883,-2,0.275641026,-2,-2,-2,0.487179487,-2,-2,-2,-2,-2,-2,0.41025641,0.262820513,-2,0.852564103,-2,0.833333333,-2,-2,-2,-2,-2,-2,-2,-2,-2,-2,-2FRA,0.62585034,0.80952381,-2,0.496598639,0.417322835,0.54109589,-2,-2,-2,-2,-2,-2,-2,-2,-2,0.408163265,-2,0.374100719,0.5,0.414814815,0.574468085,0.5,0.561538462,0.659722222,0.531034483,-2,-2,0.462068966,0.579310345,0.557823129,0.427586207,0.4921875,0.48630137,0.424657534,0.521126761,0.843537415,-2,0.80952381,0.843537415,0.874074074,-2,-2,-2,-2,-2,-2,-2,-2,0.231292517,-2,-2,-2,-2,-2,-2,-2,-2,-2,-2,-2,0.353741497,-2,-2,0.571428571,-2,-2,-2,-2,0.231292517,-2,-2,-2,0.231292517,0.231292517,-2,-2,-2,-2,0.68707483,0.68707483,0.727891156,0.643939394,-2,-2,-2,-2,-2,-2,-2,-2,-2,-2,-2,-2,-2,0.430555556,-2,-2,-2,-2,-2,-2,-2,-2,-2,-2,-2,-2,-2,-2,-2,-2,-2,0.392592593,-2,-2,-2,-2,-2,-2,0.726315789,-2,-2,-2,-2,-2,-2,-2,-2,-2,-2,-2,-2,-2,-2,0.383561644,0.682539683,0.413793103,0.328767123,0.326530612,0.4453125,-2,0.517241379,0.321917808,0.29787234,-2,-2,-2,-2,-2,0.328671329,-2,-2,-2,-2,-2,-2,-2,0.489655172,-2,-2,-2,0.315068493,-2,0.393103448,-2,0.299319728,-2,-2,-2,0.476190476,-2,-2,-2,-2,-2,-2,0.383561644,0.292517007,-2,0.857142857,-2,0.823129252,-2,-2,-2,-2,-2,-2,-2,-2,-2,-2,-2MCO,-2,-2,-2,-2,-2,-2,-2,-2,-2,-2,-2,-2,-2,-2,-2,-2,-2,-2,-2,-2,-2,-2,-2,-2,-2,-2,-2,-2,-2,-2,-2,-2,-2,-2,-2,-2,-2,-2,-2,-2,-2,-2,-2,-2,-2,-2,-2,-2,-2,-2,-2,-2,-2,-2,-2,-2,-2,-2,-2,-2,-2,-2,-2,-2,-2,-2,-2,-2,-2,-2,-2,-2,-2,-2,-2,-2,-2,-2,-2,-2,-2,-2,-2,-2,-2,-2,-2,-2,-2,-2,-2,-2,-2,-2,-2,-2,-2,-2,-2,-2,-2,-2,-2,-2,-2,-2,-2,-2,-2,-2,-2,-2,-2,-2,-2,-2,-2,-2,-2,-2,-2,-2,-2,-2,-2,-2,-2,-2,-2,-2,-2,-2,-2,-2,-2,-2,-2,-2,-2,-2,-2,-2,-2,-2,-2,-2,-2,-2,-2,-2,-2,-2,-2,-2,-2,-2,-2,-2,-2,-2,-2,-2,-2,-2,-2,-2,-2,-2,-2,-2,-2,-2,-2,-2,-2,-2,-2,-2,-2,-2,-2,-2,-2,-2,-2,-2,-2,-2,-2,-2,-2,-2,-2,-2LIE,-2,-2,-2,-2,-2,-2,-2,-2,-2,-2,-2,-2,-2,-2,-2,-2,-2,-2,-2,-2,-2,-2,-2,-2,-2,-2,-2,-2,-2,-2,-2,-2,-2,-2,-2,-2,-2,-2,-2,-2,-2,-2,-2,-2,-2,-2,-2,-2,-2,-2,-2,-2,-2,-2,-2,-2,-2,-2,-2,-2,-2,-2,-2,-2,-2,-2,-2,-2,-2,-2,-2,-2,-2,-2,-2,-2,-2,-2,-2,-2,-2,-2,-2,-2,-2,-2,-2,-2,-2,-2,-2,-2,-2,-2,-2,-2,-2,-2,-2,-2,-2,-2,-2,-2,-2,-2,-2,-2,-2,-2,-2,-2,-2,-2,-2,-2,-2,-2,-2,-2,-2,-2,-2,-2,-2,-2,-2,-2,-2,-2,-2,-2,-2,-2,-2,-2,-2,-2,-2,-2,-2,-2,-2,-2,-2,-2,-2,-2,-2,-2,-2,-2,-2,-2,-2,-2,-2,-2,-2,-2,-2,-2,-2,-2,-2,-2,-2,-2,-2,-2,-2,-2,-2,-2,-2,-2,-2,-2,-2,-2,-2,-2,-2,-2,-2,-2,-2,-2,-2,-2,-2,-2,-2,-2CHE,-2,-2,-2,-2,-2,-2,-2,-2,-2,-2,-2,-2,-2,-2,-2,-2,-2,-2,-2,-2,-2,-2,-2,-2,-2,-2,-2,-2,-2,-2,-2,-2,-2,-2,-2,-2,-2,-2,-2,-2,-2,-2,-2,-2,-2,-2,-2,-2,-2,-2,-2,-2,-2,-2,-2,-2,-2,-2,-2,-2,-2,-2,-2,-2,-2,-2,-2,-2,-2,-2,-2,-2,-2,-2,-2,-2,-2,-2,-2,-2,-2,-2,-2,-2,-2,-2,-2,-2,-2,-2,-2,-2,-2,-2,-2,-2,-2,-2,-2,-2,-2,-2,-2,-2,-2,-2,-2,-2,-2,-2,-2,-2,-2,-2,-2,-2,-2,-2,-2,-2,-2,-2,-2,-2,-2,-2,-2,-2,-2,-2,-2,-2,-2,-2,-2,-2,-2,-2,-2,-2,-2,-2,-2,-2,-2,-2,-2,-2,-2,-2,-2,-2,-2,-2,-2,-2,-2,-2,-2,-2,-2,-2,-2,-2,-2,-2,-2,-2,-2,-2,-2,-2,-2,-2,-2,-2,-2,-2,-2,-2,-2,-2,-2,-2,-2,-2,-2,-2,-2,-2,-2,-2,-2,-2ESP,-2,-2,-2,-2,-2,-2,-2,-2,-2,-2,-2,-2,-2,-2,-2,-2,-2,-2,-2,-2,-2,-2,-2,-2,-2,-2,-2,-2,-2,-2,-2,-2,-2,-2,-2,-2,-2