1952,USA,CAN,BHS,CUB,HTI,DOM,JAM,TTO,BRB,DMA,GRD,LCA,VCT,ATG,KNA,MEX,BLZ,GTM,HND,SLV,NIC,CRI,PAN,COL,VEN,GUY,SUR,ECU,PER,BRA,BOL,PRY,CHL,ARG,URY,GBR,IRL,NLD,BEL,LUX,FRA,MCO,LIE,CHE,ESP,AND,PRT,DEU,POL,AUT,HUN,CZE,SVK,ITA,SMR,MLT,ALB,MNE,MKD,HRV,SRB,BIH,SVN,GRC,CYP,BGR,MDA,ROU,RUS,EST,LVA,LTU,UKR,BLR,ARM,GEO,AZE,FIN,SWE,NOR,DNK,ISL,CPV,STP,GNB,GNQ,GMB,MLI,SEN,BEN,MRT,NER,CIV,GIN,BFA,LBR,SLE,GHA,TGO,CMR,NGA,GAB,CAF,TCD,COG,COD,UGA,KEN,TZA,BDI,RWA,SOM,DJI,ETH,ERI,AGO,MOZ,ZMB,ZWE,MWI,ZAF,NAM,LSO,BWA,SWZ,MDG,COM,MUS,SYC,MAR,DZA,TUN,LBY,SDN,SSD,IRN,TUR,IRQ,EGY,SYR,LBN,JOR,ISR,SAU,YEM,KWT,BHR,QAT,ARE,OMN,AFG,TKM,TJK,KGZ,UZB,KAZ,CHN,MNG,TWN,PRK,KOR,JPN,IND,BTN,PAK,BGD,MMR,LKA,MDV,NPL,THA,KHM,LAO,VNM,MYS,SGP,BRN,PHL,IDN,TLS,AUS,PNG,NZL,VUT,SLB,KIR,TUV,FJI,TON,NRU,MHL,PLW,FSM,WSMUSA,-2,0.751301115,-2,0.425992509,0.659579832,0.598501873,-2,-2,-2,-2,-2,-2,-2,-2,-2,0.503197026,-2,0.648527132,0.742301587,0.673603239,0.775605381,0.692248062,0.650769231,0.759774436,0.557686567,-2,-2,0.630352941,0.736756757,0.73732342,0.64600823,0.73269962,0.719851301,0.715681818,0.704106464,0.754104478,-2,0.73732342,0.695390335,0.729125475,0.634126984,-2,-2,-2,-2,-2,-2,-2,0.223643123,-2,-2,-2,-2,-2,-2,-2,-2,-2,-2,-2,0.264044944,-2,-2,0.660827068,-2,-2,-2,-2,0.23063197,-2,-2,-2,0.227985075,0.224477612,-2,-2,-2,-2,0.601040892,0.670929368,0.681412639,0.647392996,-2,-2,-2,-2,-2,-2,-2,-2,-2,-2,-2,-2,-2,0.358787879,-2,-2,-2,-2,-2,-2,-2,-2,-2,-2,-2,-2,-2,-2,-2,0.348865979,-2,0.416992481,-2,-2,-2,-2,-2,-2,0.615532995,-2,-2,-2,-2,-2,-2,-2,-2,-2,-2,-2,-2,-2,-2,0.564714829,0.756928839,0.335464684,0.265576208,0.31725,0.413145161,-2,0.618230769,0.279847328,0.259310345,-2,-2,-2,-2,-2,0.277089552,-2,-2,-2,-2,-2,-2,-2,0.705,-2,-2,-2,0.347238806,-2,0.617313433,-2,0.391375465,-2,-2,-2,0.722537313,-2,-2,-2,-2,-2,-2,0.708615385,0.321486989,-2,0.725243446,-2,0.75761194,-2,-2,-2,-2,-2,-2,-2,-2,-2,-2,-2CAN,0.751301115,-2,-2,0.4682397,0.576638655,0.577378277,-2,-2,-2,-2,-2,-2,-2,-2,-2,0.482230483,-2,0.582945736,0.652777778,0.601295547,0.725022422,0.619379845,0.614615385,0.706766917,0.589253731,-2,-2,0.611921569,0.64965251,0.656951673,0.607325103,0.639771863,0.656951673,0.665833333,0.618326996,0.697985075,-2,0.730334572,0.63598513,0.689809886,0.578174603,-2,-2,-2,-2,-2,-2,-2,0.234126394,-2,-2,-2,-2,-2,-2,-2,-2,-2,-2,-2,0.292209738,-2,-2,0.597218045,-2,-2,-2,-2,0.234126394,-2,-2,-2,0.231492537,0.235,-2,-2,-2,-2,0.632490706,0.712862454,0.684907063,0.698599222,-2,-2,-2,-2,-2,-2,-2,-2,-2,-2,-2,-2,-2,0.373333333,-2,-2,-2,-2,-2,-2,-2,-2,-2,-2,-2,-2,-2,-2,-2,0.436082474,-2,0.43112782,-2,-2,-2,-2,-2,-2,0.553502538,-2,-2,-2,-2,-2,-2,-2,-2,-2,-2,-2,-2,-2,-2,0.614752852,0.697078652,0.345947955,0.27605948,0.27025,0.48516129,-2,0.578461538,0.287022901,0.26651341,-2,-2,-2,-2,-2,0.270074627,-2,-2,-2,-2,-2,-2,-2,0.641865672,-2,-2,-2,0.343731343,-2,0.65238806,-2,0.394869888,-2,-2,-2,0.648880597,-2,-2,-2,-2,-2,-2,0.639923077,0.314498141,-2,0.693558052,-2,0.79619403,-2,-2,-2,-2,-2,-2,-2,-2,-2,-2,-2BHS,-2,-2,-2,-2,-2,-2,-2,-2,-2,-2,-2,-2,-2,-2,-2,-2,-2,-2,-2,-2,-2,-2,-2,-2,-2,-2,-2,-2,-2,-2,-2,-2,-2,-2,-2,-2,-2,-2,-2,-2,-2,-2,-2,-2,-2,-2,-2,-2,-2,-2,-2,-2,-2,-2,-2,-2,-2,-2,-2,-2,-2,-2,-2,-2,-2,-2,-2,-2,-2,-2,-2,-2,-2,-2,-2,-2,-2,-2,-2,-2,-2,-2,-2,-2,-2,-2,-2,-2,-2,-2,-2,-2,-2,-2,-2,-2,-2,-2,-2,-2,-2,-2,-2,-2,-2,-2,-2,-2,-2,-2,-2,-2,-2,-2,-2,-2,-2,-2,-2,-2,-2,-2,-2,-2,-2,-2,-2,-2,-2,-2,-2,-2,-2,-2,-2,-2,-2,-2,-2,-2,-2,-2,-2,-2,-2,-2,-2,-2,-2,-2,-2,-2,-2,-2,-2,-2,-2,-2,-2,-2,-2,-2,-2,-2,-2,-2,-2,-2,-2,-2,-2,-2,-2,-2,-2,-2,-2,-2,-2,-2,-2,-2,-2,-2,-2,-2,-2,-2,-2,-2,-2,-2,-2,-2CUB,0.425992509,0.4682397,-2,-2,0.533728814,0.415018868,-2,-2,-2,-2,-2,-2,-2,-2,-2,0.587940075,-2,0.436953125,0.47752,0.491102041,0.47638009,0.499375,0.521007752,0.491363636,0.625488722,-2,-2,0.553596838,0.464513619,0.506966292,0.452448133,0.493409962,0.496404494,0.505877863,0.468199234,0.346315789,-2,0.390786517,0.390786517,0.399770115,0.37976,-2,-2,-2,-2,-2,-2,-2,0.570337079,-2,-2,-2,-2,-2,-2,-2,-2,-2,-2,-2,0.56045283,-2,-2,0.416590909,-2,-2,-2,-2,0.56329588,-2,-2,-2,0.565413534,0.572481203,-2,-2,-2,-2,0.496404494,0.4717603,0.482322097,0.519764706,-2,-2,-2,-2,-2,-2,-2,-2,-2,-2,-2,-2,-2,0.513939394,-2,-2,-2,-2,-2,-2,-2,-2,-2,-2,-2,-2,-2,-2,-2,0.523298969,-2,0.630227273,-2,-2,-2,-2,-2,-2,0.326122449,-2,-2,-2,-2,-2,-2,-2,-2,-2,-2,-2,-2,-2,-2,0.511417625,0.489509434,0.640749064,0.538651685,0.277179487,0.582267206,-2,0.47,0.531461538,0.533513514,-2,-2,-2,-2,-2,0.530075188,-2,-2,-2,-2,-2,-2,-2,0.512406015,-2,-2,-2,0.551278195,-2,0.625488722,-2,0.531610487,-2,-2,-2,0.491203008,-2,-2,-2,-2,-2,-2,0.55379845,0.535131086,-2,0.390188679,-2,0.448796992,-2,-2,-2,-2,-2,-2,-2,-2,-2,-2,-2HTI,0.659579832,0.576638655,-2,0.533728814,-2,0.563206751,-2,-2,-2,-2,-2,-2,-2,-2,-2,0.663529412,-2,0.755283843,0.702920354,0.750313901,0.652906404,0.748744589,0.680689655,0.674261603,0.666329114,-2,-2,0.692844828,0.670854701,0.679327731,0.697419355,0.730214592,0.667478992,0.686160338,0.734248927,0.547341772,-2,0.568739496,0.556890756,0.590512821,0.531674208,-2,-2,-2,-2,-2,-2,-2,0.367310924,-2,-2,-2,-2,-2,-2,-2,-2,-2,-2,-2,0.406271186,-2,-2,0.717890295,-2,-2,-2,-2,0.371260504,-2,-2,-2,0.368860759,0.375210084,-2,-2,-2,-2,0.489747899,0.556890756,0.572689076,0.5869869,-2,-2,-2,-2,-2,-2,-2,-2,-2,-2,-2,-2,-2,0.55890411,-2,-2,-2,-2,-2,-2,-2,-2,-2,-2,-2,-2,-2,-2,-2,0.406486486,-2,0.516,-2,-2,-2,-2,-2,-2,0.508255814,-2,-2,-2,-2,-2,-2,-2,-2,-2,-2,-2,-2,-2,-2,0.649237288,0.674261603,0.497647059,0.379159664,0.519473684,0.541981982,-2,0.547652174,0.394718615,0.376810345,-2,-2,-2,-2,-2,0.372827004,-2,-2,-2,-2,-2,-2,-2,0.674261603,-2,-2,-2,0.424388186,-2,0.666329114,-2,0.481848739,-2,-2,-2,0.749620253,-2,-2,-2,-2,-2,-2,0.735652174,0.430504202,-2,0.583037975,-2,0.567172996,-2,-2,-2,-2,-2,-2,-2,-2,-2,-2,-2DOM,0.598501873,0.577378277,-2,0.415018868,0.563206751,-2,-2,-2,-2,-2,-2,-2,-2,-2,-2,0.447116105,-2,0.503046875,0.629163347,0.521795918,0.664774775,0.558125,0.539224806,0.608863636,0.494736842,-2,-2,0.562519685,0.625447471,0.644269663,0.573360996,0.587049808,0.633707865,0.591984733,0.540229885,0.657293233,-2,0.65835206,0.616104869,0.64467433,0.59784,-2,-2,-2,-2,-2,-2,-2,0.154906367,-2,-2,-2,-2,-2,-2,-2,-2,-2,-2,-2,0.237660377,-2,-2,0.48780303,-2,-2,-2,-2,0.158426966,-2,-2,-2,0.155488722,0.159022556,-2,-2,-2,-2,0.475280899,0.492883895,0.496404494,0.486588235,-2,-2,-2,-2,-2,-2,-2,-2,-2,-2,-2,-2,-2,0.473170732,-2,-2,-2,-2,-2,-2,-2,-2,-2,-2,-2,-2,-2,-2,-2,0.376,-2,0.380984848,-2,-2,-2,-2,-2,-2,0.607384615,-2,-2,-2,-2,-2,-2,-2,-2,-2,-2,-2,-2,-2,-2,0.489808429,0.56754717,0.295730337,0.249962547,0.235,0.393577236,-2,0.506434109,0.263923077,0.254054054,-2,-2,-2,-2,-2,0.25443609,-2,-2,-2,-2,-2,-2,-2,0.583082707,-2,-2,-2,0.303909774,-2,0.505338346,-2,0.352059925,-2,-2,-2,0.579548872,-2,-2,-2,-2,-2,-2,0.582945736,0.295730337,-2,0.617207547,-2,0.597218045,-2,-2,-2,-2,-2,-2,-2,-2,-2,-2,-2JAM,-2,-2,-2,-2,-2,-2,-2,-2,-2,-2,-2,-2,-2,-2,-2,-2,-2,-2,-2,-2,-2,-2,-2,-2,-2,-2,-2,-2,-2,-2,-2,-2,-2,-2,-2,-2,-2,-2,-2,-2,-2,-2,-2,-2,-2,-2,-2,-2,-2,-2,-2,-2,-2,-2,-2,-2,-2,-2,-2,-2,-2,-2,-2,-2,-2,-2,-2,-2,-2,-2,-2,-2,-2,-2,-2,-2,-2,-2,-2,-2,-2,-2,-2,-2,-2,-2,-2,-2,-2,-2,-2,-2,-2,-2,-2,-2,-2,-2,-2,-2,-2,-2,-2,-2,-2,-2,-2,-2,-2,-2,-2,-2,-2,-2,-2,-2,-2,-2,-2,-2,-2,-2,-2,-2,-2,-2,-2,-2,-2,-2,-2,-2,-2,-2,-2,-2,-2,-2,-2,-2,-2,-2,-2,-2,-2,-2,-2,-2,-2,-2,-2,-2,-2,-2,-2,-2,-2,-2,-2,-2,-2,-2,-2,-2,-2,-2,-2,-2,-2,-2,-2,-2,-2,-2,-2,-2,-2,-2,-2,-2,-2,-2,-2,-2,-2,-2,-2,-2,-2,-2,-2,-2,-2,-2TTO,-2,-2,-2,-2,-2,-2,-2,-2,-2,-2,-2,-2,-2,-2,-2,-2,-2,-2,-2,-2,-2,-2,-2,-2,-2,-2,-2,-2,-2,-2,-2,-2,-2,-2,-2,-2,-2,-2,-2,-2,-2,-2,-2,-2,-2,-2,-2,-2,-2,-2,-2,-2,-2,-2,-2,-2,-2,-2,-2,-2,-2,-2,-2,-2,-2,-2,-2,-2,-2,-2,-2,-2,-2,-2,-2,-2,-2,-2,-2,-2,-2,-2,-2,-2,-2,-2,-2,-2,-2,-2,-2,-2,-2,-2,-2,-2,-2,-2,-2,-2,-2,-2,-2,-2,-2,-2,-2,-2,-2,-2,-2,-2,-2,-2,-2,-2,-2,-2,-2,-2,-2,-2,-2,-2,-2,-2,-2,-2,-2,-2,-2,-2,-2,-2,-2,-2,-2,-2,-2,-2,-2,-2,-2,-2,-2,-2,-2,-2,-2,-2,-2,-2,-2,-2,-2,-2,-2,-2,-2,-2,-2,-2,-2,-2,-2,-2,-2,-2,-2,-2,-2,-2,-2,-2,-2,-2,-2,-2,-2,-2,-2,-2,-2,-2,-2,-2,-2,-2,-2,-2,-2,-2,-2,-2BRB,-2,-2,-2,-2,-2,-2,-2,-2,-2,-2,-2,-2,-2,-2,-2,-2,-2,-2,-2,-2,-2,-2,-2,-2,-2,-2,-2,-2,-2,-2,-2,-2,-2,-2,-2,-2,-2,-2,-2,-2,-2,-2,-2,-2,-2,-2,-2,-2,-2,-2,-2,-2,-2,-2,-2,-2,-2,-2,-2,-2,-2,-2,-2,-2,-2,-2,-2,-2,-2,-2,-2,-2,-2,-2,-2,-2,-2,-2,-2,-2,-2,-2,-2,-2,-2,-2,-2,-2,-2,-2,-2,-2,-2,-2,-2,-2,-2,-2,-2,-2,-2,-2,-2,-2,-2,-2,-2,-2,-2,-2,-2,-2,-2,-2,-2,-2,-2,-2,-2,-2,-2,-2,-2,-2,-2,-2,-2,-2,-2,-2,-2,-2,-2,-2,-2,-2,-2,-2,-2,-2,-2,-2,-2,-2,-2,-2,-2,-2,-2,-2,-2,-2,-2,-2,-2,-2,-2,-2,-2,-2,-2,-2,-2,-2,-2,-2,-2,-2,-2,-2,-2,-2,-2,-2,-2,-2,-2,-2,-2,-2,-2,-2,-2,-2,-2,-2,-2,-2,-2,-2,-2,-2,-2,-2DMA,-2,-2,-2,-2,-2,-2,-2,-2,-2,-2,-2,-2,-2,-2,-2,-2,-2,-2,-2,-2,-2,-2,-2,-2,-2,-2,-2,-2,-2,-2,-2,-2,-2,-2,-2,-2,-2,-2,-2,-2,-2,-2,-2,-2,-2,-2,-2,-2,-2,-2,-2,-2,-2,-2,-2,-2,-2,-2,-2,-2,-2,-2,-2,-2,-2,-2,-2,-2,-2,-2,-2,-2,-2,-2,-2,-2,-2,-2,-2,-2,-2,-2,-2,-2,-2,-2,-2,-2,-2,-2,-2,-2,-2,-2,-2,-2,-2,-2,-2,-2,-2,-2,-2,-2,-2,-2,-2,-2,-2,-2,-2,-2,-2,-2,-2,-2,-2,-2,-2,-2,-2,-2,-2,-2,-2,-2,-2,-2,-2,-2,-2,-2,-2,-2,-2,-2,-2,-2,-2,-2,-2,-2,-2,-2,-2,-2,-2,-2,-2,-2,-2,-2,-2,-2,-2,-2,-2,-2,-2,-2,-2,-2,-2,-2,-2,-2,-2,-2,-2,-2,-2,-2,-2,-2,-2,-2,-2,-2,-2,-2,-2,-2,-2,-2,-2,-2,-2,-2,-2,-2,-2,-2,-2,-2GRD,-2,-2,-2,-2,-2,-2,-2,-2,-2,-2,-2,-2,-2,-2,-2,-2,-2,-2,-2,-2,-2,-2,-2,-2,-2,-2,-2,-2,-2,-2,-2,-2,-2,-2,-2,-2,-2,-2,-2,-2,-2,-2,-2,-2,-2,-2,-2,-2,-2,-2,-2,-2,-2,-2,-2,-2,-2,-2,-2,-2,-2,-2,-2,-2,-2,-2,-2,-2,-2,-2,-2,-2,-2,-2,-2,-2,-2,-2,-2,-2,-2,-2,-2,-2,-2,-2,-2,-2,-2,-2,-2,-2,-2,-2,-2,-2,-2,-2,-2,-2,-2,-2,-2,-2,-2,-2,-2,-2,-2,-2,-2,-2,-2,-2,-2,-2,-2,-2,-2,-2,-2,-2,-2,-2,-2,-2,-2,-2,-2,-2,-2,-2,-2,-2,-2,-2,-2,-2,-2,-2,-2,-2,-2,-2,-2,-2,-2,-2,-2,-2,-2,-2,-2,-2,-2,-2,-2,-2,-2,-2,-2,-2,-2,-2,-2,-2,-2,-2,-2,-2,-2,-2,-2,-2,-2,-2,-2,-2,-2,-2,-2,-2,-2,-2,-2,-2,-2,-2,-2,-2,-2,-2,-2,-2LCA,-2,-2,-2,-2,-2,-2,-2,-2,-2,-2,-2,-2,-2,-2,-2,-2,-2,-2,-2,-2,-2,-2,-2,-2,-2,-2,-2,-2,-2,-2,-2,-2,-2,-2,-2,-2,-2,-2,-2,-2,-2,-2,-2,-2,-2,-2,-2,-2,-2,-2,-2,-2,-2,-2,-2,-2,-2,-2,-2,-2,-2,-2,-2,-2,-2,-2,-2,-2,-2,-2,-2,-2,-2,-2,-2,-2,-2,-2,-2,-2,-2,-2,-2,-2,-2,-2,-2,-2,-2,-2,-2,-2,-2,-2,-2,-2,-2,-2,-2,-2,-2,-2,-2,-2,-2,-2,-2,-2,-2,-2,-2,-2,-2,-2,-2,-2,-2,-2,-2,-2,-2,-2,-2,-2,-2,-2,-2,-2,-2,-2,-2,-2,-2,-2,-2,-2,-2,-2,-2,-2,-2,-2,-2,-2,-2,-2,-2,-2,-2,-2,-2,-2,-2,-2,-2,-2,-2,-2,-2,-2,-2,-2,-2,-2,-2,-2,-2,-2,-2,-2,-2,-2,-2,-2,-2,-2,-2,-2,-2,-2,-2,-2,-2,-2,-2,-2,-2,-2,-2,-2,-2,-2,-2,-2VCT,-2,-2,-2,-2,-2,-2,-2,-2,-2,-2,-2,-2,-2,-2,-2,-2,-2,-2,-2,-2,-2,-2,-2,-2,-2,-2,-2,-2,-2,-2,-2,-2,-2,-2,-2,-2,-2,-2,-2,-2,-2,-2,-2,-2,-2,-2,-2,-2,-2,-2,-2,-2,-2,-2,-2,-2,-2,-2,-2,-2,-2,-2,-2,-2,-2,-2,-2,-2,-2,-2,-2,-2,-2,-2,-2,-2,-2,-2,-2,-2,-2,-2,-2,-2,-2,-2,-2,-2,-2,-2,-2,-2,-2,-2,-2,-2,-2,-2,-2,-2,-2,-2,-2,-2,-2,-2,-2,-2,-2,-2,-2,-2,-2,-2,-2,-2,-2,-2,-2,-2,-2,-2,-2,-2,-2,-2,-2,-2,-2,-2,-2,-2,-2,-2,-2,-2,-2,-2,-2,-2,-2,-2,-2,-2,-2,-2,-2,-2,-2,-2,-2,-2,-2,-2,-2,-2,-2,-2,-2,-2,-2,-2,-2,-2,-2,-2,-2,-2,-2,-2,-2,-2,-2,-2,-2,-2,-2,-2,-2,-2,-2,-2,-2,-2,-2,-2,-2,-2,-2,-2,-2,-2,-2,-2ATG,-2,-2,-2,-2,-2,-2,-2,-2,-2,-2,-2,-2,-2,-2,-2,-2,-2,-2,-2,-2,-2,-2,-2,-2,-2,-2,-2,-2,-2,-2,-2,-2,-2,-2,-2,-2,-2,-2,-2,-2,-2,-2,-2,-2,-2,-2,-2,-2,-2,-2,-2,-2,-2,-2,-2,-2,-2,-2,-2,-2,-2,-2,-2,-2,-2,-2,-2,-2,-2,-2,-2,-2,-2,-2,-2,-2,-2,-2,-2,-2,-2,-2,-2,-2,-2,-2,-2,-2,-2,-2,-2,-2,-2,-2,-2,-2,-2,-2,-2,-2,-2,-2,-2,-2,-2,-2,-2,-2,-2,-2,-2,-2,-2,-2,-2,-2,-2,-2,-2,-2,-2,-2,-2,-2,-2,-2,-2,-2,-2,-2,-2,-2,-2,-2,-2,-2,-2,-2,-2,-2,-2,-2,-2,-2,-2,-2,-2,-2,-2,-2,-2,-2,-2,-2,-2,-2,-2,-2,-2,-2,-2,-2,-2,-2,-2,-2,-2,-2,-2,-2,-2,-2,-2,-2,-2,-2,-2,-2,-2,-2,-2,-2,-2,-2,-2,-2,-2,-2,-2,-2,-2,-2,-2,-2KNA,-2,-2,-2,-2,-2,-2,-2,-2,-2,-2,-2,-2,-2,-2,-2,-2,-2,-2,-2,-2,-2,-2,-2,-2,-2,-2,-2,-2,-2,-2,-2,-2,-2,-2,-2,-2,-2,-2,-2,-2,-2,-2,-2,-2,-2,-2,-2,-2,-2,-2,-2,-2,-2,-2,-2,-2,-2,-2,-2,-2,-2,-2,-2,-2,-2,-2,-2,-2,-2,-2,-2,-2,-2,-2,-2,-2,-2,-2,-2,-2,-2,-2,-2,-2,-2,-2,-2,-2,-2,-2,-2,-2,-2,-2,-2,-2,-2,-2,-2,-2,-2,-2,-2,-2,-2,-2,-2,-2,-2,-2,-2,-2,-2,-2,-2,-2,-2,-2,-2,-2,-2,-2,-2,-2,-2,-2,-2,-2,-2,-2,-2,-2,-2,-2,-2,-2,-2,-2,-2,-2,-2,-2,-2,-2,-2,-2,-2,-2,-2,-2,-2,-2,-2,-2,-2,-2,-2,-2,-2,-2,-2,-2,-2,-2,-2,-2,-2,-2,-2,-2,-2,-2,-2,-2,-2,-2,-2,-2,-2,-2,-2,-2,-2,-2,-2,-2,-2,-2,-2,-2,-2,-2,-2,-2MEX,0.503197026,0.482230483,-2,0.587940075,0.663529412,0.447116105,-2,-2,-2,-2,-2,-2,-2,-2,-2,-2,-2,0.619379845,0.55952381,0.624129555,0.497399103,0.593875969,0.661615385,0.55481203,0.719029851,-2,-2,0.674588235,0.526254826,0.569591078,0.611193416,0.568288973,0.566096654,0.598181818,0.55756654,0.37880597,-2,0.412342007,0.401858736,0.407452471,0.369285714,-2,-2,-2,-2,-2,-2,-2,0.461263941,-2,-2,-2,-2,-2,-2,-2,-2,-2,-2,-2,0.485842697,-2,-2,0.561879699,-2,-2,-2,-2,0.457769517,-2,-2,-2,0.455970149,0.455970149,-2,-2,-2,-2,0.527657993,0.489219331,0.492713755,0.56692607,-2,-2,-2,-2,-2,-2,-2,-2,-2,-2,-2,-2,-2,0.64969697,-2,-2,-2,-2,-2,-2,-2,-2,-2,-2,-2,-2,-2,-2,-2,0.562061856,-2,0.568947368,-2,-2,-2,-2,-2,-2,0.362639594,-2,-2,-2,-2,-2,-2,-2,-2,-2,-2,-2,-2,-2,-2,0.593307985,0.528089888,0.566096654,0.468252788,0.50525,0.579919355,-2,0.480846154,0.516641221,0.468199234,-2,-2,-2,-2,-2,0.484029851,-2,-2,-2,-2,-2,-2,-2,0.52261194,-2,-2,-2,0.480522388,-2,0.603283582,-2,0.545130112,-2,-2,-2,0.575223881,-2,-2,-2,-2,-2,-2,0.611,0.475241636,-2,0.415430712,-2,0.498059701,-2,-2,-2,-2,-2,-2,-2,-2,-2,-2,-2BLZ,-2,-2,-2,-2,-2,-2,-2,-2,-2,-2,-2,-2,-2,-2,-2,-2,-2,-2,-2,-2,-2,-2,-2,-2,-2,-2,-2,-2,-2,-2,-2,-2,-2,-2,-2,-2,-2,-2,-2,-2,-2,-2,-2,-2,-2,-2,-2,-2,-2,-2,-2,-2,-2,-2,-2,-2,-2,-2,-2,-2,-2,-2,-2,-2,-2,-2,-2,-2,-2,-2,-2,-2,-2,-2,-2,-2,-2,-2,-2,-2,-2,-2,-2,-2,-2,-2,-2,-2,-2,-2,-2,-2,-2,-2,-2,-2,-2,-2,-2,-2,-2,-2,-2,-2,-2,-2,-2,-2,-2,-2,-2,-2,-2,-2,-2,-2,-2,-2,-2,-2,-2,-2,-2,-2,-2,-2,-2,-2,-2,-2,-2,-2,-2,-2,-2,-2,-2,-2,-2,-2,-2,-2,-2,-2,-2,-2,-2,-2,-2,-2,-2,-2,-2,-2,-2,-2,-2,-2,-2,-2,-2,-2,-2,-2,-2,-2,-2,-2,-2,-2,-2,-2,-2,-2,-2,-2,-2,-2,-2,-2,-2,-2,-2,-2,-2,-2,-2,-2,-2,-2,-2,-2,-2,-2GTM,0.648527132,0.582945736,-2,0.436953125,0.755283843,0.503046875,-2,-2,-2,-2,-2,-2,-2,-2,-2,0.619379845,-2,-2,0.711659919,0.812345679,0.676972477,0.758795181,0.707808765,0.683968872,0.593875969,-2,-2,0.671428571,0.70312,0.648527132,0.740847458,0.743083004,0.703178295,0.694782609,0.732755906,0.559610895,-2,0.579302326,0.521007752,0.556627451,0.50107438,-2,-2,-2,-2,-2,-2,-2,0.327906977,-2,-2,-2,-2,-2,-2,-2,-2,-2,-2,-2,0.38921875,-2,-2,0.718823529,-2,-2,-2,-2,0.327906977,-2,-2,-2,0.325525292,0.325525292,-2,-2,-2,-2,0.499147287,0.564728682,0.542868217,0.612712551,-2,-2,-2,-2,-2,-2,-2,-2,-2,-2,-2,-2,-2,0.62278481,-2,-2,-2,-2,-2,-2,-2,-2,-2,-2,-2,-2,-2,-2,-2,0.367356322,-2,0.505019608,-2,-2,-2,-2,-2,-2,0.539263158,-2,-2,-2,-2,-2,-2,-2,-2,-2,-2,-2,-2,-2,-2,0.663968254,0.664609375,0.440852713,0.389844961,0.55225,0.539409283,-2,0.53768,0.393227092,0.387936508,-2,-2,-2,-2,-2,0.376731518,-2,-2,-2,-2,-2,-2,-2,0.644883721,-2,-2,-2,0.405992218,-2,0.610817121,-2,0.455426357,-2,-2,-2,0.705914397,-2,-2,-2,-2,-2,-2,0.721044177,0.411705426,-2,0.576484375,-2,0.559610895,-2,-2,-2,-2,-2,-2,-2,-2,-2,-2,-2HND,0.742301587,0.652777778,-2,0.47752,0.702920354,0.629163347,-2,-2,-2,-2,-2,-2,-2,-2,-2,0.55952381,-2,0.711659919,-2,0.722773109,0.812018779,0.787154472,0.668699187,0.767729084,0.614183267,-2,-2,0.647731092,0.748943089,0.738571429,0.706026201,0.757327935,0.783333333,0.749716599,0.707854251,0.674103586,-2,0.686349206,0.622936508,0.663306452,0.6,-2,-2,-2,-2,-2,-2,-2,0.238730159,-2,-2,-2,-2,-2,-2,-2,-2,-2,-2,-2,0.284621514,-2,-2,0.6392,-2,-2,-2,-2,0.235,-2,-2,-2,0.232191235,0.239681275,-2,-2,-2,-2,0.537142857,0.622936508,0.641587302,0.618833333,-2,-2,-2,-2,-2,-2,-2,-2,-2,-2,-2,-2,-2,0.597402597,-2,-2,-2,-2,-2,-2,-2,-2,-2,-2,-2,-2,-2,-2,-2,0.360697674,-2,0.430361446,-2,-2,-2,-2,-2,-2,0.601397849,-2,-2,-2,-2,-2,-2,-2,-2,-2,-2,-2,-2,-2,-2,0.557886179,0.68808,0.369285714,0.305873016,0.284473684,0.432635983,-2,0.635655738,0.308259109,0.309512195,-2,-2,-2,-2,-2,0.333306773,-2,-2,-2,-2,-2,-2,-2,0.677848606,-2,-2,-2,0.344541833,-2,0.614183267,-2,0.38047619,-2,-2,-2,0.722788845,-2,-2,-2,-2,-2,-2,0.728114754,0.343174603,-2,0.658,-2,0.666613546,-2,-2,-2,-2,-2,-2,-2,-2,-2,-2,-2SLV,0.673603239,0.601295547,-2,0.491102041,0.750313901,0.521795918,-2,-2,-2,-2,-2,-2,-2,-2,-2,0.624129555,-2,0.812345679,0.722773109,-2,0.70827907,0.750420168,0.732416667,0.716557377,0.635546559,-2,-2,0.719748954,0.70697479,0.681214575,0.698761062,0.762786885,0.738299595,0.741300813,0.719506173,0.596097561,-2,0.620323887,0.55562753,0.58942623,0.543565217,-2,-2,-2,-2,-2,-2,-2,0.319676113,-2,-2,-2,-2,-2,-2,-2,-2,-2,-2,-2,0.368326531,-2,-2,0.740489796,-2,-2,-2,-2,0.315870445,-2,-2,-2,0.313333333,0.312064777,-2,-2,-2,-2,0.521376518,0.586072874,0.57465587,0.629322034,-2,-2,-2,-2,-2,-2,-2,-2,-2,-2,-2,-2,-2,0.590849673,-2,-2,-2,-2,-2,-2,-2,-2,-2,-2,-2,-2,-2,-2,-2,0.380759494,-2,0.496967213,-2,-2,-2,-2,-2,-2,0.506555556,-2,-2,-2,-2,-2,-2,-2,-2,-2,-2,-2,-2,-2,-2,0.649876543,0.691626016,0.430040486,0.350121457,0.45825,0.535391304,-2,0.534895397,0.366639004,0.356416667,-2,-2,-2,-2,-2,0.36300813,-2,-2,-2,-2,-2,-2,-2,0.680162602,-2,-2,-2,0.397398374,-2,0.64195122,-2,0.452874494,-2,-2,-2,0.722195122,-2,-2,-2,-2,-2,-2,0.719748954,0.391983806,-2,0.617714286,-2,0.584634146,-2,-2,-2,-2,-2,-2,-2,-2,-2,-2,-2NIC,0.775605381,0.725022422,-2,0.47638009,0.652906404,0.664774775,-2,-2,-2,-2,-2,-2,-2,-2,-2,0.497399103,-2,0.676972477,0.812018779,0.70827907,-2,0.743255814,0.667096774,0.808738739,0.581704036,-2,-2,0.615115207,0.790454545,0.767174888,0.663791469,0.786181818,0.792466368,0.766396396,0.692181818,0.749459459,-2,0.750313901,0.666008969,0.736756757,0.623696682,-2,-2,-2,-2,-2,-2,-2,0.210762332,-2,-2,-2,-2,-2,-2,-2,-2,-2,-2,-2,0.25520362,-2,-2,0.650769231,-2,-2,-2,-2,0.210762332,-2,-2,-2,0.207477477,0.215945946,-2,-2,-2,-2,0.585919283,0.644932735,0.661793722,0.648732394,-2,-2,-2,-2,-2,-2,-2,-2,-2,-2,-2,-2,-2,0.488050314,-2,-2,-2,-2,-2,-2,-2,-2,-2,-2,-2,-2,-2,-2,-2,0.321265823,-2,0.423,-2,-2,-2,-2,-2,-2,0.648074534,-2,-2,-2,-2,-2,-2,-2,-2,-2,-2,-2,-2,-2,-2,0.57086758,0.732522523,0.333004484,0.261345291,0.268571429,0.43102439,-2,0.636915888,0.284587156,0.275963303,-2,-2,-2,-2,-2,0.296396396,-2,-2,-2,-2,-2,-2,-2,0.729237668,-2,-2,-2,0.334504505,-2,0.635135135,-2,0.366726457,-2,-2,-2,0.740990991,-2,-2,-2,-2,-2,-2,0.742336449,0.316143498,-2,0.701809955,-2,0.753693694,-2,-2,-2,-2,-2,-2,-2,-2,-2,-2,-2CRI,0.692248062,0.619379845,-2,0.499375,0.748744589,0.558125,-2,-2,-2,-2,-2,-2,-2,-2,-2,0.593875969,-2,0.758795181,0.787154472,0.750420168,0.743255814,-2,0.715298805,0.724202335,0.625447471,-2,-2,0.685737705,0.70312,0.692248062,0.747179487,0.769090909,0.765116279,0.776521739,0.714251969,0.588871595,-2,0.615736434,0.546511628,0.581023622,0.54768595,-2,-2,-2,-2,-2,-2,-2,0.306046512,-2,-2,-2,-2,-2,-2,-2,-2,-2,-2,-2,0.348828125,-2,-2,0.689333333,-2,-2,-2,-2,0.29875969,-2,-2,-2,0.296264591,0.307237354,-2,-2,-2,-2,0.550155039,0.590232558,0.615736434,0.635546559,-2,-2,-2,-2,-2,-2,-2,-2,-2,-2,-2,-2,-2,0.535,-2,-2,-2,-2,-2,-2,-2,-2,-2,-2,-2,-2,-2,-2,-2,0.376,-2,0.499375,-2,-2,-2,-2,-2,-2,0.539263158,-2,-2,-2,-2,-2,-2,-2,-2,-2,-2,-2,-2,-2,-2,0.611746032,0.7196875,0.42627907,0.367984496,0.402857143,0.491631799,-2,0.56248996,0.384206349,0.373015873,-2,-2,-2,-2,-2,0.395019455,-2,-2,-2,-2,-2,-2,-2,0.680311284,-2,-2,-2,0.40233463,-2,0.640077821,-2,0.440852713,-2,-2,-2,0.779689922,-2,-2,-2,-2,-2,-2,0.762570281,0.404418605,-2,0.591171875,-2,0.643735409,-2,-2,-2,-2,-2,-2,-2,-2,-2,-2,-2PAN,0.650769231,0.614615385,-2,0.521007752,0.680689655,0.539224806,-2,-2,-2,-2,-2,-2,-2,-2,-2,0.661615385,-2,0.707808765,0.668699187,0.732416667,0.667096774,0.715298805,-2,0.729498069,0.671428571,-2,-2,0.704048583,0.678888889,0.668846154,0.675378151,0.717952756,0.705,0.729882353,0.648784314,0.551660232,-2,0.589307692,0.524230769,0.5728125,0.526090535,-2,-2,-2,-2,-2,-2,-2,0.339846154,-2,-2,-2,-2,-2,-2,-2,-2,-2,-2,-2,0.375271318,-2,-2,0.652170543,-2,-2,-2,-2,0.325384615,-2,-2,-2,0.323011583,0.332615385,-2,-2,-2,-2,0.560384615,0.578461538,0.600153846,0.66064257,-2,-2,-2,-2,-2,-2,-2,-2,-2,-2,-2,-2,-2,0.52972973,-2,-2,-2,-2,-2,-2,-2,-2,-2,-2,-2,-2,-2,-2,-2,0.394193548,-2,0.526692607,-2,-2,-2,-2,-2,-2,0.492380952,-2,-2,-2,-2,-2,-2,-2,-2,-2,-2,-2,-2,-2,-2,0.611921569,0.652170543,0.444692308,0.394076923,0.427272727,0.534356846,-2,0.561752988,0.414488189,0.403385827,-2,-2,-2,-2,-2,0.394076923,-2,-2,-2,-2,-2,-2,-2,0.646023166,-2,-2,-2,0.402857143,-2,0.638764479,-2,0.462769231,-2,-2,-2,0.70046332,-2,-2,-2,-2,-2,-2,0.749003984,0.401307692,-2,0.564728682,-2,0.616988417,-2,-2,-2,-2,-2,-2,-2,-2,-2,-2,-2COL,0.759774436,0.706766917,-2,0.491363636,0.674261603,0.608863636,-2,-2,-2,-2,-2,-2,-2,-2,-2,0.55481203,-2,0.683968872,0.767729084,0.716557377,0.808738739,0.724202335,0.729498069,-2,0.588830189,-2,-2,0.663968254,0.761472868,0.756240602,0.671983471,0.784538462,0.780977444,0.752720307,0.68789272,0.684603774,-2,0.696165414,0.621954887,0.674503817,0.604016064,-2,-2,-2,-2,-2,-2,-2,0.25443609,-2,-2,-2,-2,-2,-2,-2,-2,-2,-2,-2,0.320454545,-2,-2,0.646920152,-2,-2,-2,-2,0.247368421,-2,-2,-2,0.244754717,0.251849057,-2,-2,-2,-2,0.611353383,0.660827068,0.678496241,0.673543307,-2,-2,-2,-2,-2,-2,-2,-2,-2,-2,-2,-2,-2,0.464197531,-2,-2,-2,-2,-2,-2,-2,-2,-2,-2,-2,-2,-2,-2,-2,0.336421053,-2,0.45391635,-2,-2,-2,-2,-2,-2,0.581443299,-2,-2,-2,-2,-2,-2,-2,-2,-2,-2,-2,-2,-2,-2,0.560384615,0.705,0.378120301,0.318045113,0.333164557,0.44122449,-2,0.632762646,0.326640927,0.325384615,-2,-2,-2,-2,-2,0.336981132,-2,-2,-2,-2,-2,-2,-2,0.705886792,-2,-2,-2,0.365358491,-2,0.645584906,-2,0.402857143,-2,-2,-2,0.741358491,-2,-2,-2,-2,-2,-2,0.73151751,0.353383459,-2,0.672954545,-2,0.727169811,-2,-2,-2,-2,-2,-2,-2,-2,-2,-2,-2VEN,0.557686567,0.589253731,-2,0.625488722,0.666329114,0.494736842,-2,-2,-2,-2,-2,-2,-2,-2,-2,0.719029851,-2,0.593875969,0.614183267,0.635546559,0.581704036,0.625447471,0.671428571,0.588830189,-2,-2,-2,0.714251969,0.579302326,0.599776119,0.626666667,0.620687023,0.620820896,0.654068441,0.62904943,0.436554307,-2,0.466492537,0.452462687,0.482509506,0.44940239,-2,-2,-2,-2,-2,-2,-2,0.396343284,-2,-2,-2,-2,-2,-2,-2,-2,-2,-2,-2,0.42406015,-2,-2,0.546264151,-2,-2,-2,-2,0.392835821,-2,-2,-2,0.387265918,0.397827715,-2,-2,-2,-2,0.543656716,0.540149254,0.547164179,0.618132296,-2,-2,-2,-2,-2,-2,-2,-2,-2,-2,-2,-2,-2,0.534969325,-2,-2,-2,-2,-2,-2,-2,-2,-2,-2,-2,-2,-2,-2,-2,0.616875,-2,0.532075472,-2,-2,-2,-2,-2,-2,0.388469388,-2,-2,-2,-2,-2,-2,-2,-2,-2,-2,-2,-2,-2,-2,0.631450382,0.586616541,0.536641791,0.424402985,0.329,0.605101215,-2,0.504478764,0.464597701,0.430230769,-2,-2,-2,-2,-2,0.436554307,-2,-2,-2,-2,-2,-2,-2,0.598501873,-2,-2,-2,0.454157303,-2,0.672434457,-2,0.515597015,-2,-2,-2,0.633707865,-2,-2,-2,-2,-2,-2,0.660540541,0.448955224,-2,0.466466165,-2,0.556254682,-2,-2,-2,-2,-2,-2,-2,-2,-2,-2,-2GUY,-2,-2,-2,-2,-2,-2,-2,-2,-2,-2,-2,-2,-2,-2,-2,-2,-2,-2,-2,-2,-2,-2,-2,-2,-2,-2,-2,-2,-2,-2,-2,-2,-2,-2,-2,-2,-2,-2,-2,-2,-2,-2,-2,-2,-2,-2,-2,-2,-2,-2,-2,-2,-2,-2,-2,-2,-2,-2,-2,-2,-2,-2,-2,-2,-2,-2,-2,-2,-2,-2,-2,-2,-2,-2,-2,-2,-2,-2,-2,-2,-2,-2,-2,-2,-2,-2,-2,-2,-2,-2,-2,-2,-2,-2,-2,-2,-2,-2,-2,-2,-2,-2,-2,-2,-2,-2,-2,-2,-2,-2,-2,-2,-2,-2,-2,-2,-2,-2,-2,-2,-2,-2,-2,-2,-2,-2,-2,-2,-2,-2,-2,-2,-2,-2,-2,-2,-2,-2,-2,-2,-2,-2,-2,-2,-2,-2,-2,-2,-2,-2,-2,-2,-2,-2,-2,-2,-2,-2,-2,-2,-2,-2,-2,-2,-2,-2,-2,-2,-2,-2,-2,-2,-2,-2,-2,-2,-2,-2,-2,-2,-2,-2,-2,-2,-2,-2,-2,-2,-2,-2,-2,-2,-2,-2SUR,-2,-2,-2,-2,-2,-2,-2,-2,-2,-2,-2,-2,-2,-2,-2,-2,-2,-2,-2,-2,-2,-2,-2,-2,-2,-2,-2,-2,-2,-2,-2,-2,-2,-2,-2,-2,-2,-2,-2,-2,-2,-2,-2,-2,-2,-2,-2,-2,-2,-2,-2,-2,-2,-2,-2,-2,-2,-2,-2,-2,-2,-2,-2,-2,-2,-2,-2,-2,-2,-2,-2,-2,-2,-2,-2,-2,-2,-2,-2,-2,-2,-2,-2,-2,-2,-2,-2,-2,-2,-2,-2,-2,-2,-2,-2,-2,-2,-2,-2,-2,-2,-2,-2,-2,-2,-2,-2,-2,-2,-2,-2,-2,-2,-2,-2,-2,-2,-2,-2,-2,-2,-2,-2,-2,-2,-2,-2,-2,-2,-2,-2,-2,-2,-2,-2,-2,-2,-2,-2,-2,-2,-2,-2,-2,-2,-2,-2,-2,-2,-2,-2,-2,-2,-2,-2,-2,-2,-2,-2,-2,-2,-2,-2,-2,-2,-2,-2,-2,-2,-2,-2,-2,-2,-2,-2,-2,-2,-2,-2,-2,-2,-2,-2,-2,-2,-2,-2,-2,-2,-2,-2,-2,-2,-2ECU,0.630352941,0.611921569,-2,0.553596838,0.692844828,0.562519685,-2,-2,-2,-2,-2,-2,-2,-2,-2,0.674588235,-2,0.671428571,0.647731092,0.719748954,0.615115207,0.685737705,0.704048583,0.663968254,0.714251969,-2,-2,-2,0.630441767,0.659843137,0.726180258,0.698393574,0.689333333,0.677244094,0.694618474,0.507007874,-2,0.556627451,0.493960784,0.517188755,0.454201681,-2,-2,-2,-2,-2,-2,-2,0.353882353,-2,-2,-2,-2,-2,-2,-2,-2,-2,-2,-2,0.416126482,-2,-2,0.600555556,-2,-2,-2,-2,0.357568627,-2,-2,-2,0.355275591,0.353882353,-2,-2,-2,-2,0.541882353,0.578745098,0.571372549,0.626666667,-2,-2,-2,-2,-2,-2,-2,-2,-2,-2,-2,-2,-2,0.590243902,-2,-2,-2,-2,-2,-2,-2,-2,-2,-2,-2,-2,-2,-2,-2,0.497647059,-2,0.525952381,-2,-2,-2,-2,-2,-2,0.447135135,-2,-2,-2,-2,-2,-2,-2,-2,-2,-2,-2,-2,-2,-2,0.68808,0.635335968,0.479215686,0.409176471,0.40974359,0.588,-2,0.557886179,0.435887097,0.414817814,-2,-2,-2,-2,-2,0.418188976,-2,-2,-2,-2,-2,-2,-2,0.610629921,-2,-2,-2,0.436692913,-2,0.64023622,-2,0.516078431,-2,-2,-2,0.688346457,-2,-2,-2,-2,-2,-2,0.691626016,0.457098039,-2,0.527588933,-2,0.581023622,-2,-2,-2,-2,-2,-2,-2,-2,-2,-2,-2PER,0.736756757,0.64965251,-2,0.464513619,0.670854701,0.625447471,-2,-2,-2,-2,-2,-2,-2,-2,-2,0.526254826,-2,0.70312,0.748943089,0.70697479,0.790454545,0.70312,0.678888889,0.761472868,0.579302326,-2,-2,0.630441767,-2,0.736756757,0.647731092,0.731936759,0.722239382,0.707764706,0.710551181,0.637596899,-2,0.653281853,0.584324324,0.634039216,0.594297521,-2,-2,-2,-2,-2,-2,-2,0.246795367,-2,-2,-2,-2,-2,-2,-2,-2,-2,-2,-2,0.292607004,-2,-2,0.64625,-2,-2,-2,-2,0.243166023,-2,-2,-2,0.240465116,0.247751938,-2,-2,-2,-2,0.566177606,0.616988417,0.635135135,0.650769231,-2,-2,-2,-2,-2,-2,-2,-2,-2,-2,-2,-2,-2,0.441717791,-2,-2,-2,-2,-2,-2,-2,-2,-2,-2,-2,-2,-2,-2,-2,0.376,-2,0.429609375,-2,-2,-2,-2,-2,-2,0.61828877,-2,-2,-2,-2,-2,-2,-2,-2,-2,-2,-2,-2,-2,-2,0.587035573,0.694941634,0.373822394,0.304864865,0.325384615,0.45825,-2,0.6204,0.328253968,0.315810277,-2,-2,-2,-2,-2,0.327906977,-2,-2,-2,-2,-2,-2,-2,0.659457364,-2,-2,-2,0.375271318,-2,0.601162791,-2,0.417374517,-2,-2,-2,0.717751938,-2,-2,-2,-2,-2,-2,0.711553785,0.362934363,-2,0.610817121,-2,0.655813953,-2,-2,-2,-2,-2,-2,-2,-2,-2,-2,-2BRA,0.73732342,0.656951673,-2,0.506966292,0.679327731,0.644269663,-2,-2,-2,-2,-2,-2,-2,-2,-2,0.569591078,-2,0.648527132,0.738571429,0.681214575,0.767174888,0.692248062,0.668846154,0.756240602,0.599776119,-2,-2,0.659843137,0.736756757,-2,0.707901235,0.725551331,0.73732342,0.72280303,0.686235741,0.645373134,-2,0.66394052,0.622007435,0.654068441,0.566984127,-2,-2,-2,-2,-2,-2,-2,0.283048327,-2,-2,-2,-2,-2,-2,-2,-2,-2,-2,-2,0.33093633,-2,-2,0.63962406,-2,-2,-2,-2,0.290037175,-2,-2,-2,0.28761194,0.280597015,-2,-2,-2,-2,0.56260223,0.622007435,0.632490706,0.629105058,-2,-2,-2,-2,-2,-2,-2,-2,-2,-2,-2,-2,-2,0.504242424,-2,-2,-2,-2,-2,-2,-2,-2,-2,-2,-2,-2,-2,-2,-2,0.387628866,-2,0.462932331,-2,-2,-2,-2,-2,-2,0.563045685,-2,-2,-2,-2,-2,-2,-2,-2,-2,-2,-2,-2,-2,-2,0.593307985,0.65835206,0.394869888,0.317992565,0.36425,0.45483871,-2,0.636307692,0.337251908,0.324137931,-2,-2,-2,-2,-2,0.322686567,-2,-2,-2,-2,-2,-2,-2,0.673432836,-2,-2,-2,0.392835821,-2,0.634850746,-2,0.447286245,-2,-2,-2,0.733059701,-2,-2,-2,-2,-2,-2,0.719461538,0.373903346,-2,0.619625468,-2,0.669925373,-2,-2,-2,-2,-2,-2,-2,-2,-2,-2,-2BOL,0.64600823,0.607325103,-2,0.452448133,0.697419355,0.573360996,-2,-2,-2,-2,-2,-2,-2,-2,-2,0.611193416,-2,0.740847458,0.706026201,0.698761062,0.663791469,0.747179487,0.675378151,0.671983471,0.626666667,-2,-2,0.726180258,0.647731092,0.707901235,-2,0.690126582,0.704032922,0.704016736,0.711882845,0.567107438,-2,0.549300412,0.510617284,0.532666667,0.465840708,-2,-2,-2,-2,-2,-2,-2,0.309465021,-2,-2,-2,-2,-2,-2,-2,-2,-2,-2,-2,0.374439834,-2,-2,0.658,-2,-2,-2,-2,0.313333333,-2,-2,-2,0.310743802,0.309465021,-2,-2,-2,-2,0.557037037,0.576378601,0.584115226,0.584978541,-2,-2,-2,-2,-2,-2,-2,-2,-2,-2,-2,-2,-2,0.647852761,-2,-2,-2,-2,-2,-2,-2,-2,-2,-2,-2,-2,-2,-2,-2,0.384545455,-2,0.536583333,-2,-2,-2,-2,-2,-2,0.472625698,-2,-2,-2,-2,-2,-2,-2,-2,-2,-2,-2,-2,-2,-2,0.624033613,0.604564315,0.452592593,0.398436214,0.518205128,0.52690583,-2,0.512,0.418220339,0.412970711,-2,-2,-2,-2,-2,0.40785124,-2,-2,-2,-2,-2,-2,-2,0.598181818,-2,-2,-2,0.442809917,-2,0.602066116,-2,0.487407407,-2,-2,-2,0.714710744,-2,-2,-2,-2,-2,-2,0.715042735,0.440987654,-2,0.553858921,-2,0.594297521,-2,-2,-2,-2,-2,-2,-2,-2,-2,-2,-2PRY,0.73269962,0.639771863,-2,0.493409962,0.730214592,0.587049808,-2,-2,-2,-2,-2,-2,-2,-2,-2,0.568288973,-2,0.743083004,0.757327935,0.762786885,0.786181818,0.769090909,0.717952756,0.784538462,0.620687023,-2,-2,0.698393574,0.731936759,0.725551331,0.690126582,-2,0.789885932,0.797906977,0.727859922,0.638625954,-2,0.643346008,0.571863118,0.619379845,0.53495935,-2,-2,-2,-2,-2,-2,-2,0.27878327,-2,-2,-2,-2,-2,-2,-2,-2,-2,-2,-2,0.331340996,-2,-2,0.668846154,-2,-2,-2,-2,0.268060837,-2,-2,-2,0.265496183,0.276259542,-2,-2,-2,-2,0.553992395,0.607604563,0.62904943,0.617928287,-2,-2,-2,-2,-2,-2,-2,-2,-2,-2,-2,-2,-2,0.487671233,-2,-2,-2,-2,-2,-2,-2,-2,-2,-2,-2,-2,-2,-2,-2,0.39,-2,0.466384615,-2,-2,-2,-2,-2,-2,0.545492228,-2,-2,-2,-2,-2,-2,-2,-2,-2,-2,-2,-2,-2,-2,0.603501946,0.738314176,0.378859316,0.325247148,0.349487179,0.456460905,-2,0.629133858,0.334140625,0.331764706,-2,-2,-2,-2,-2,0.351603053,-2,-2,-2,-2,-2,-2,-2,0.717557252,-2,-2,-2,0.391068702,-2,0.645801527,-2,0.436045627,-2,-2,-2,0.760610687,-2,-2,-2,-2,-2,-2,0.774117647,0.375285171,-2,0.641072797,-2,0.670916031,-2,-2,-2,-2,-2,-2,-2,-2,-2,-2,-2CHL,0.719851301,0.656951673,-2,0.496404494,0.667478992,0.633707865,-2,-2,-2,-2,-2,-2,-2,-2,-2,0.566096654,-2,0.703178295,0.783333333,0.738299595,0.792466368,0.765116279,0.705,0.780977444,0.620820896,-2,-2,0.689333333,0.722239382,0.73732342,0.704032922,0.789885932,-2,0.769090909,0.69338403,0.655895522,-2,0.656951673,0.583568773,0.618326996,0.552063492,-2,-2,-2,-2,-2,-2,-2,0.279553903,-2,-2,-2,-2,-2,-2,-2,-2,-2,-2,-2,0.334456929,-2,-2,0.625488722,-2,-2,-2,-2,0.27605948,-2,-2,-2,0.27358209,0.280597015,-2,-2,-2,-2,0.573085502,0.622007435,0.639479554,0.632762646,-2,-2,-2,-2,-2,-2,-2,-2,-2,-2,-2,-2,-2,0.556097561,-2,-2,-2,-2,-2,-2,-2,-2,-2,-2,-2,-2,-2,-2,-2,0.387628866,-2,0.473533835,-2,-2,-2,-2,-2,-2,0.553502538,-2,-2,-2,-2,-2,-2,-2,-2,-2,-2,-2,-2,-2,-2,0.586159696,0.682996255,0.398364312,0.356431227,0.3525,0.47,-2,0.596538462,0.380305344,0.360153257,-2,-2,-2,-2,-2,0.361268657,-2,-2,-2,-2,-2,-2,-2,0.719029851,-2,-2,-2,0.382313433,-2,0.627835821,-2,0.412342007,-2,-2,-2,0.722537313,-2,-2,-2,-2,-2,-2,0.712230769,0.380892193,-2,0.651310861,-2,0.680447761,-2,-2,-2,-2,-2,-2,-2,-2,-2,-2,-2ARG,0.715681818,0.665833333,-2,0.505877863,0.686160338,0.591984733,-2,-2,-2,-2,-2,-2,-2,-2,-2,0.598181818,-2,0.694782609,0.749716599,0.741300813,0.766396396,0.776521739,0.729882353,0.752720307,0.654068441,-2,-2,0.677244094,0.707764706,0.72280303,0.704016736,0.797906977,0.769090909,-2,0.714108527,0.621901141,-2,0.651590909,0.598181818,0.633953488,0.582267206,-2,-2,-2,-2,-2,-2,-2,0.295530303,-2,-2,-2,-2,-2,-2,-2,-2,-2,-2,-2,0.337251908,-2,-2,0.677088123,-2,-2,-2,-2,0.291969697,-2,-2,-2,0.289505703,0.296653992,-2,-2,-2,-2,0.591060606,0.626666667,0.662272727,0.649047619,-2,-2,-2,-2,-2,-2,-2,-2,-2,-2,-2,-2,-2,0.497560976,-2,-2,-2,-2,-2,-2,-2,-2,-2,-2,-2,-2,-2,-2,-2,0.38826087,-2,0.471800766,-2,-2,-2,-2,-2,-2,0.553229167,-2,-2,-2,-2,-2,-2,-2,-2,-2,-2,-2,-2,-2,-2,0.593875969,0.753435115,0.384545455,0.33469697,0.29375,0.464197531,-2,0.578745098,0.332840467,0.326796875,-2,-2,-2,-2,-2,0.364562738,-2,-2,-2,-2,-2,-2,-2,0.714828897,-2,-2,-2,0.375285171,-2,0.654068441,-2,0.423712121,-2,-2,-2,0.754144487,-2,-2,-2,-2,-2,-2,0.75640625,0.384545455,-2,0.625475285,-2,0.694318182,-2,-2,-2,-2,-2,-2,-2,-2,-2,-2,-2URY,0.704106464,0.618326996,-2,0.468199234,0.734248927,0.540229885,-2,-2,-2,-2,-2,-2,-2,-2,-2,0.55756654,-2,0.732755906,0.707854251,0.719506173,0.692181818,0.714251969,0.648784314,0.68789272,0.62904943,-2,-2,0.694618474,0.710551181,0.686235741,0.711882845,0.727859922,0.69338403,0.714108527,-2,0.588396947,-2,0.614752852,0.582585551,0.603769231,0.527317073,-2,-2,-2,-2,-2,-2,-2,0.303802281,-2,-2,-2,-2,-2,-2,-2,-2,-2,-2,-2,0.342145594,-2,-2,0.672461538,-2,-2,-2,-2,0.307376426,-2,-2,-2,0.301374046,0.29778626,-2,-2,-2,-2,0.507528517,0.593307985,0.593307985,0.614330709,-2,-2,-2,-2,-2,-2,-2,-2,-2,-2,-2,-2,-2,0.60621118,-2,-2,-2,-2,-2,-2,-2,-2,-2,-2,-2,-2,-2,-2,-2,0.357608696,-2,0.459153846,-2,-2,-2,-2,-2,-2,0.531518325,-2,-2,-2,-2,-2,-2,-2,-2,-2,-2,-2,-2,-2,-2,0.629105058,0.669885057,0.403878327,0.321673004,0.423,0.493305785,-2,0.584724409,0.346124031,0.323125,-2,-2,-2,-2,-2,0.337251908,-2,-2,-2,-2,-2,-2,-2,0.638625954,-2,-2,-2,0.394656489,-2,0.620687023,-2,0.439619772,-2,-2,-2,0.703206107,-2,-2,-2,-2,-2,-2,0.703149606,0.368136882,-2,0.612260536,-2,0.606335878,-2,-2,-2,-2,-2,-2,-2,-2,-2,-2,-2GBR,0.754104478,0.697985075,-2,0.346315789,0.547341772,0.657293233,-2,-2,-2,-2,-2,-2,-2,-2,-2,0.37880597,-2,0.559610895,0.674103586,0.596097561,0.749459459,0.588871595,0.551660232,0.684603774,0.436554307,-2,-2,0.507007874,0.637596899,0.645373134,0.567107438,0.638625954,0.655895522,0.621901141,0.588396947,-2,-2,0.775149254,0.782164179,0.789312977,0.727380952,-2,-2,-2,-2,-2,-2,-2,0.133283582,-2,-2,-2,-2,-2,-2,-2,-2,-2,-2,-2,0.173157895,-2,-2,0.553358491,-2,-2,-2,-2,0.140298507,-2,-2,-2,0.137303371,0.133782772,-2,-2,-2,-2,0.540149254,0.571716418,0.582238806,0.569140625,-2,-2,-2,-2,-2,-2,-2,-2,-2,-2,-2,-2,-2,0.324848485,-2,-2,-2,-2,-2,-2,-2,-2,-2,-2,-2,-2,-2,-2,-2,0.23257732,-2,0.326339623,-2,-2,-2,-2,-2,-2,0.67622449,-2,-2,-2,-2,-2,-2,-2,-2,-2,-2,-2,-2,-2,-2,0.459236641,0.632556391,0.224477612,0.164850746,0.22325,0.315870445,-2,0.548030888,0.180076628,0.169923077,-2,-2,-2,-2,-2,0.193632959,-2,-2,-2,-2,-2,-2,-2,0.644269663,-2,-2,-2,0.249962547,-2,0.51752809,-2,0.28761194,-2,-2,-2,0.616104869,-2,-2,-2,-2,-2,-2,0.606100386,0.217462687,-2,0.862255639,-2,0.732284644,-2,-2,-2,-2,-2,-2,-2,-2,-2,-2,-2IRL,-2,-2,-2,-2,-2,-2,-2,-2,-2,-2,-2,-2,-2,-2,-2,-2,-2,-2,-2,-2,-2,-2,-2,-2,-2,-2,-2,-2,-2,-2,-2,-2,-2,-2,-2,-2,-2,-2,-2,-2,-2,-2,-2,-2,-2,-2,-2,-2,-2,-2,-2,-2,-2,-2,-2,-2,-2,-2,-2,-2,-2,-2,-2,-2,-2,-2,-2,-2,-2,-2,-2,-2,-2,-2,-2,-2,-2,-2,-2,-2,-2,-2,-2,-2,-2,-2,-2,-2,-2,-2,-2,-2,-2,-2,-2,-2,-2,-2,-2,-2,-2,-2,-2,-2,-2,-2,-2,-2,-2,-2,-2,-2,-2,-2,-2,-2,-2,-2,-2,-2,-2,-2,-2,-2,-2,-2,-2,-2,-2,-2,-2,-2,-2,-2,-2,-2,-2,-2,-2,-2,-2,-2,-2,-2,-2,-2,-2,-2,-2,-2,-2,-2,-2,-2,-2,-2,-2,-2,-2,-2,-2,-2,-2,-2,-2,-2,-2,-2,-2,-2,-2,-2,-2,-2,-2,-2,-2,-2,-2,-2,-2,-2,-2,-2,-2,-2,-2,-2,-2,-2,-2,-2,-2,-2NLD,0.73732342,0.730334572,-2,0.390786517,0.568739496,0.65835206,-2,-2,-2,-2,-2,-2,-2,-2,-2,0.412342007,-2,0.579302326,0.686349206,0.620323887,0.750313901,0.615736434,0.589307692,0.696165414,0.466492537,-2,-2,0.556627451,0.653281853,0.66394052,0.549300412,0.643346008,0.656951673,0.651590909,0.614752852,0.775149254,-2,-2,0.758289963,0.814904943,0.697539683,-2,-2,-2,-2,-2,-2,-2,0.157249071,-2,-2,-2,-2,-2,-2,-2,-2,-2,-2,-2,0.193632959,-2,-2,0.597218045,-2,-2,-2,-2,0.153754647,-2,-2,-2,0.150820896,0.150820896,-2,-2,-2,-2,0.527657993,0.625501859,0.615018587,0.614474708,-2,-2,-2,-2,-2,-2,-2,-2,-2,-2,-2,-2,-2,0.295757576,-2,-2,-2,-2,-2,-2,-2,-2,-2,-2,-2,-2,-2,-2,-2,0.300412371,-2,0.321578947,-2,-2,-2,-2,-2,-2,0.672791878,-2,-2,-2,-2,-2,-2,-2,-2,-2,-2,-2,-2,-2,-2,0.507528517,0.693558052,0.255092937,0.185204461,0.2115,0.360080645,-2,0.582076923,0.197328244,0.180076628,-2,-2,-2,-2,-2,0.19641791,-2,-2,-2,-2,-2,-2,-2,0.66641791,-2,-2,-2,0.238507463,-2,0.554179104,-2,0.297026022,-2,-2,-2,0.634850746,-2,-2,-2,-2,-2,-2,0.621846154,0.216654275,-2,0.771011236,-2,0.75761194,-2,-2,-2,-2,-2,-2,-2,-2,-2,-2,-2BEL,0.695390335,0.63598513,-2,0.390786517,0.556890756,0.616104869,-2,-2,-2,-2,-2,-2,-2,-2,-2,0.401858736,-2,0.521007752,0.622936508,0.55562753,0.666008969,0.546511628,0.524230769,0.621954887,0.452462687,-2,-2,0.493960784,0.584324324,0.622007435,0.510617284,0.571863118,0.583568773,0.598181818,0.582585551,0.782164179,-2,0.758289963,-2,0.83634981,0.801984127,-2,-2,-2,-2,-2,-2,-2,0.153754647,-2,-2,-2,-2,-2,-2,-2,-2,-2,-2,-2,0.172509363,-2,-2,0.523007519,-2,-2,-2,-2,0.153754647,-2,-2,-2,0.150820896,0.154328358,-2,-2,-2,-2,0.471747212,0.527657993,0.531152416,0.530350195,-2,-2,-2,-2,-2,-2,-2,-2,-2,-2,-2,-2,-2,0.290909091,-2,-2,-2,-2,-2,-2,-2,-2,-2,-2,-2,-2,-2,-2,-2,0.164742268,-2,0.250902256,-2,-2,-2,-2,-2,-2,0.730050761,-2,-2,-2,-2,-2,-2,-2,-2,-2,-2,-2,-2,-2,-2,0.411026616,0.60906367,0.251598513,0.153754647,0.19975,0.284274194,-2,0.502538462,0.139923664,0.144061303,-2,-2,-2,-2,-2,0.164850746,-2,-2,-2,-2,-2,-2,-2,0.645373134,-2,-2,-2,0.178880597,-2,0.491044776,-2,0.234126394,-2,-2,-2,0.557686567,-2,-2,-2,-2,-2,-2,0.549538462,0.17472119,-2,0.79917603,-2,0.648880597,-2,-2,-2,-2,-2,-2,-2,-2,-2,-2,-2LUX,0.729125475,0.689809886,-2,0.399770115,0.590512821,0.64467433,-2,-2,-2,-2,-2,-2,-2,-2,-2,0.407452471,-2,0.556627451,0.663306452,0.58942623,0.736756757,0.581023622,0.5728125,0.674503817,0.482509506,-2,-2,0.517188755,0.634039216,0.654068441,0.532666667,0.619379845,0.618326996,0.633953488,0.603769231,0.789312977,-2,0.814904943,0.83634981,-2,0.76804878,-2,-2,-2,-2,-2,-2,-2,0.146539924,-2,-2,-2,-2,-2,-2,-2,-2,-2,-2,-2,0.158467433,-2,-2,0.567615385,-2,-2,-2,-2,0.150114068,-2,-2,-2,0.147099237,0.154274809,-2,-2,-2,-2,0.500380228,0.582585551,0.58973384,0.566984127,-2,-2,-2,-2,-2,-2,-2,-2,-2,-2,-2,-2,-2,0.334640523,-2,-2,-2,-2,-2,-2,-2,-2,-2,-2,-2,-2,-2,-2,-2,0.262795699,-2,0.285615385,-2,-2,-2,-2,-2,-2,0.729479167,-2,-2,-2,-2,-2,-2,-2,-2,-2,-2,-2,-2,-2,-2,0.444496124,0.655478927,0.250190114,0.146539924,0.166582278,0.302975207,-2,0.577322835,0.146875,0.142093023,-2,-2,-2,-2,-2,0.161450382,-2,-2,-2,-2,-2,-2,-2,0.667328244,-2,-2,-2,0.190152672,-2,0.545343511,-2,0.253764259,-2,-2,-2,0.606335878,-2,-2,-2,-2,-2,-2,0.603228346,0.178707224,-2,0.79954023,-2,0.713969466,-2,-2,-2,-2,-2,-2,-2,-2,-2,-2,-2FRA,0.634126984,0.578174603,-2,0.37976,0.531674208,0.59784,-2,-2,-2,-2,-2,-2,-2,-2,-2,0.369285714,-2,0.50107438,0.6,0.543565217,0.623696682,0.54768595,0.526090535,0.604016064,0.44940239,-2,-2,0.454201681,0.594297521,0.566984127,0.465840708,0.53495935,0.552063492,0.582267206,0.527317073,0.727380952,-2,0.697539683,0.801984127,0.76804878,-2,-2,-2,-2,-2,-2,-2,-2,0.126825397,-2,-2,-2,-2,-2,-2,-2,-2,-2,-2,-2,0.19176,-2,-2,0.509638554,-2,-2,-2,-2,0.126825397,-2,-2,-2,0.123585657,0.134820717,-2,-2,-2,-2,0.436428571,0.473730159,0.49984127,0.520916667,-2,-2,-2,-2,-2,-2,-2,-2,-2,-2,-2,-2,-2,0.344444444,-2,-2,-2,-2,-2,-2,-2,-2,-2,-2,-2,-2,-2,-2,-2,0.15326087,-2,0.27935743,-2,-2,-2,-2,-2,-2,0.772324324,-2,-2,-2,-2,-2,-2,-2,-2,-2,-2,-2,-2,-2,-2,0.393577236,0.59032,0.276031746,0.17531746,0.190379747,0.297056277,-2,0.483539095,0.168816327,0.181065574,-2,-2,-2,-2,-2,0.190996016,-2,-2,-2,-2,-2,-2,-2,0.625418327,-2,-2,-2,0.183505976,-2,0.48310757,-2,0.238730159,-2,-2,-2,0.528047809,-2,-2,-2,-2,-2,-2,0.526090535,0.193968254,-2,0.74072,-2,0.599203187,-2,-2,-2,-2,-2,-2,-2,-2,-2,-2,-2MCO,-2,-2,-2,-2,-2,-2,-2,-2,-2,-2,-2,-2,-2,-2,-2,-2,-2,-2,-2,-2,-2,-2,-2,-2,-2,-2,-2,-2,-2,-2,-2,-2,-2,-2,-2,-2,-2,-2,-2,-2,-2,-2,-2,-2,-2,-2,-2,-2,-2,-2,-2,-2,-2,-2,-2,-2,-2,-2,-2,-2,-2,-2,-2,-2,-2,-2,-2,-2,-2,-2,-2,-2,-2,-2,-2,-2,-2,-2,-2,-2,-2,-2,-2,-2,-2,-2,-2,-2,-2,-2,-2,-2,-2,-2,-2,-2,-2,-2,-2,-2,-2,-2,-2,-2,-2,-2,-2,-2,-2,-2,-2,-2,-2,-2,-2,-2,-2,-2,-2,-2,-2,-2,-2,-2,-2,-2,-2,-2,-2,-2,-2,-2,-2,-2,-2,-2,-2,-2,-2,-2,-2,-2,-2,-2,-2,-2,-2,-2,-2,-2,-2,-2,-2,-2,-2,-2,-2,-2,-2,-2,-2,-2,-2,-2,-2,-2,-2,-2,-2,-2,-2,-2,-2,-2,-2,-2,-2,-2,-2,-2,-2,-2,-2,-2,-2,-2,-2,-2,-2,-2,-2,-2,-2,-2LIE,-2,-2,-2,-2,-2,-2,-2,-2,-2,-2,-2,-2,-2,-2,-2,-2,-2,-2,-2,-2,-2,-2,-2,-2,-2,-2,-2,-2,-2,-2,-2,-2,-2,-2,-2,-2,-2,-2,-2,-2,-2,-2,-2,-2,-2,-2,-2,-2,-2,-2,-2,-2,-2,-2,-2,-2,-2,-2,-2,-2,-2,-2,-2,-2,-2,-2,-2,-2,-2,-2,-2,-2,-2,-2,-2,-2,-2,-2,-2,-2,-2,-2,-2,-2,-2,-2,-2,-2,-2,-2,-2,-2,-2,-2,-2,-2,-2,-2,-2,-2,-2,-2,-2,-2,-2,-2,-2,-2,-2,-2,-2,-2,-2,-2,-2,-2,-2,-2,-2,-2,-2,-2,-2,-2,-2,-2,-2,-2,-2,-2,-2,-2,-2,-2,-2,-2,-2,-2,-2,-2,-2,-2,-2,-2,-2,-2,-2,-2,-2,-2,-2,-2,-2,-2,-2,-2,-2,-2,-2,-2,-2,-2,-2,-2,-2,-2,-2,-2,-2,-2,-2,-2,-2,-2,-2,-2,-2,-2,-2,-2,-2,-2,-2,-2,-2,-2,-2,-2,-2,-2,-2,-2,-2,-2CHE,-2,-2,-2,-2,-2,-2,-2,-2,-2,-2,-2,-2,-2,-2,-2,-2,-2,-2,-2,-2,-2,-2,-2,-2,-2,-2,-2,-2,-2,-2,-2,-2,-2,-2,-2,-2,-2,-2,-2,-2,-2,-2,-2,-2,-2,-2