1955,USA,CAN,BHS,CUB,HTI,DOM,JAM,TTO,BRB,DMA,GRD,LCA,VCT,ATG,KNA,MEX,BLZ,GTM,HND,SLV,NIC,CRI,PAN,COL,VEN,GUY,SUR,ECU,PER,BRA,BOL,PRY,CHL,ARG,URY,GBR,IRL,NLD,BEL,LUX,FRA,MCO,LIE,CHE,ESP,AND,PRT,DEU,POL,AUT,HUN,CZE,SVK,ITA,SMR,MLT,ALB,MNE,MKD,HRV,SRB,BIH,SVN,GRC,CYP,BGR,MDA,ROU,RUS,EST,LVA,LTU,UKR,BLR,ARM,GEO,AZE,FIN,SWE,NOR,DNK,ISL,CPV,STP,GNB,GNQ,GMB,MLI,SEN,BEN,MRT,NER,CIV,GIN,BFA,LBR,SLE,GHA,TGO,CMR,NGA,GAB,CAF,TCD,COG,COD,UGA,KEN,TZA,BDI,RWA,SOM,DJI,ETH,ERI,AGO,MOZ,ZMB,ZWE,MWI,ZAF,NAM,LSO,BWA,SWZ,MDG,COM,MUS,SYC,MAR,DZA,TUN,LBY,SDN,SSD,IRN,TUR,IRQ,EGY,SYR,LBN,JOR,ISR,SAU,YEM,KWT,BHR,QAT,ARE,OMN,AFG,TKM,TJK,KGZ,UZB,KAZ,CHN,MNG,TWN,PRK,KOR,JPN,IND,BTN,PAK,BGD,MMR,LKA,MDV,NPL,THA,KHM,LAO,VNM,MYS,SGP,BRN,PHL,IDN,TLS,AUS,PNG,NZL,VUT,SLB,KIR,TUV,FJI,TON,NRU,MHL,PLW,FSM,WSMUSA,-2,0.706223048,-2,0.400432959,0.620005042,0.56259176,-2,-2,-2,-2,-2,-2,-2,-2,-2,0.473005204,-2,0.609615504,0.697763492,0.633187045,0.729069058,0.650713178,0.611723077,0.71418797,0.524225373,-2,-2,0.592531765,0.692551351,0.693084015,0.607247737,0.688737643,0.676660223,0.672740909,0.661860076,0.708858209,-2,0.693084015,0.653666914,0.685377947,0.596079365,-2,-2,-2,0.647288372,-2,0.526034241,-2,0.210224535,0.620819331,0.195172691,-2,-2,0.716077323,-2,-2,0.213509294,-2,-2,-2,0.248202247,-2,-2,0.621177444,0.450462745,0.216794052,-2,0.206939777,0.216794052,-2,-2,-2,0.21430597,0.211008955,-2,-2,-2,0.413879554,0.564978439,0.630673606,0.640527881,0.608549416,-2,-2,-2,-2,-2,0.1786,0.4418,0.482897674,-2,0.503556989,0.487820833,0.159157764,0.364485,0.523491321,-2,0.289250224,0.258832323,0.453128205,0.316943478,0.451404348,0.387702041,0.433137255,0.45257561,0.535954098,-2,-2,-2,-2,-2,0.327934021,-2,0.391972932,-2,-2,-2,-2,-2,-2,0.578601015,-2,-2,-2,-2,0.459832653,-2,-2,-2,0.234648963,-2,0.372398467,0.306759245,0.268478462,-2,0.530831939,0.711513109,0.315336803,0.249641636,0.298215,0.388356452,0.378685714,0.581136923,0.263056489,0.243751724,-2,-2,-2,-2,-2,0.260464179,-2,-2,-2,-2,-2,-2,-2,0.6627,-2,-2,-2,0.326404478,-2,0.580274627,-2,0.367892937,0.36132342,-2,0.322853846,0.679185075,0.35677434,0.537843478,-2,0.49529148,-2,-2,0.666098462,0.30219777,-2,0.681728839,-2,0.712155224,-2,-2,-2,-2,-2,-2,-2,-2,-2,-2,-2CAN,0.706223048,-2,-2,0.440145318,0.542040336,0.542735581,-2,-2,-2,-2,-2,-2,-2,-2,-2,0.453296654,-2,0.547968992,0.613611111,0.565217814,0.681521076,0.582217054,0.577738462,0.664360902,0.553898507,-2,-2,0.575206275,0.610673359,0.617534572,0.570885597,0.601385551,0.617534572,0.625883333,0.581227376,0.65610597,-2,0.686514498,0.597826022,0.648421293,0.543484127,-2,-2,-2,0.578792248,-2,0.512281712,-2,0.22007881,0.617534572,0.20226988,-2,-2,0.693084015,-2,-2,0.223363569,-2,-2,-2,0.274677154,-2,-2,0.561384962,0.467788235,0.22007881,-2,0.216794052,0.22007881,-2,-2,-2,0.217602985,0.2209,-2,-2,-2,0.459866171,0.594541264,0.670090706,0.643812639,0.656683268,-2,-2,-2,-2,-2,0.188,0.432964,0.472623256,-2,0.465552688,0.460208333,0.214039752,0.408665,0.540163019,-2,0.297174888,0.339159596,0.373830769,0.364965217,0.412986957,0.4418,0.415811765,0.398697561,0.521468852,-2,-2,-2,-2,-2,0.409917526,-2,0.40526015,-2,-2,-2,-2,-2,-2,0.520292386,-2,-2,-2,-2,0.432783673,-2,-2,-2,0.260313693,-2,0.406252874,0.330099623,0.312658462,-2,0.577867681,0.655253933,0.325191078,0.259495911,0.254035,0.456051613,0.43437479,0.543753846,0.269801527,0.250522605,-2,-2,-2,-2,-2,0.253870149,-2,-2,-2,-2,-2,-2,-2,0.603353731,-2,-2,-2,0.323107463,-2,0.613244776,-2,0.371177695,0.364608178,-2,0.336447692,0.609947761,0.35677434,0.502918577,-2,0.507178475,-2,-2,0.601527692,0.295628253,-2,0.651944569,-2,0.748422388,-2,-2,-2,-2,-2,-2,-2,-2,-2,-2,-2BHS,-2,-2,-2,-2,-2,-2,-2,-2,-2,-2,-2,-2,-2,-2,-2,-2,-2,-2,-2,-2,-2,-2,-2,-2,-2,-2,-2,-2,-2,-2,-2,-2,-2,-2,-2,-2,-2,-2,-2,-2,-2,-2,-2,-2,-2,-2,-2,-2,-2,-2,-2,-2,-2,-2,-2,-2,-2,-2,-2,-2,-2,-2,-2,-2,-2,-2,-2,-2,-2,-2,-2,-2,-2,-2,-2,-2,-2,-2,-2,-2,-2,-2,-2,-2,-2,-2,-2,-2,-2,-2,-2,-2,-2,-2,-2,-2,-2,-2,-2,-2,-2,-2,-2,-2,-2,-2,-2,-2,-2,-2,-2,-2,-2,-2,-2,-2,-2,-2,-2,-2,-2,-2,-2,-2,-2,-2,-2,-2,-2,-2,-2,-2,-2,-2,-2,-2,-2,-2,-2,-2,-2,-2,-2,-2,-2,-2,-2,-2,-2,-2,-2,-2,-2,-2,-2,-2,-2,-2,-2,-2,-2,-2,-2,-2,-2,-2,-2,-2,-2,-2,-2,-2,-2,-2,-2,-2,-2,-2,-2,-2,-2,-2,-2,-2,-2,-2,-2,-2,-2,-2,-2,-2,-2,-2CUB,0.400432959,0.440145318,-2,-2,0.501705085,0.390117736,-2,-2,-2,-2,-2,-2,-2,-2,-2,0.55266367,-2,0.410735938,0.4488688,0.461635918,0.447797285,0.4694125,0.489747287,0.461881818,0.587959398,-2,-2,0.520381028,0.436642802,0.476548315,0.425301245,0.463805364,0.466620225,0.475525191,0.44010728,0.325536842,-2,0.367339326,0.367339326,0.375783908,0.3569744,-2,-2,-2,0.338253125,-2,0.332649412,-2,0.536116854,0.436835955,0.558063158,-2,-2,0.413670412,-2,-2,0.529498127,-2,-2,-2,0.52682566,-2,-2,0.391595455,0.372498039,0.529498127,-2,0.539426217,0.529498127,-2,-2,-2,0.531488722,0.538132331,-2,-2,-2,0.377267416,0.466620225,0.443454682,0.453382772,0.488578824,-2,-2,-2,-2,-2,0.7144,0.39762,0.339055814,-2,0.399045161,0.3589625,0.702489441,0.342395,0.530831939,-2,0.559746606,0.526589899,0.328517949,0.57626087,0.288130435,0.342620408,0.415811765,0.377146341,0.304190164,-2,-2,-2,-2,-2,0.491901031,-2,0.592413636,-2,-2,-2,-2,-2,-2,0.306555102,-2,-2,-2,-2,0.360653061,-2,-2,-2,0.575623237,-2,0.542441699,0.542209091,0.510296124,-2,0.480732567,0.460138868,0.60230412,0.506332584,0.260548718,0.547331174,0.510772996,0.4418,0.499573846,0.501502703,-2,-2,-2,-2,-2,0.498270677,-2,-2,-2,-2,-2,-2,-2,0.481661654,-2,-2,-2,0.518201504,-2,0.587959398,-2,0.499713858,0.542735581,-2,0.54111938,0.461730827,0.430041065,0.401316335,-2,0.547752036,-2,-2,0.520570543,0.503023221,-2,0.366777358,-2,0.421869173,-2,-2,-2,-2,-2,-2,-2,-2,-2,-2,-2HTI,0.620005042,0.542040336,-2,0.501705085,-2,0.529414346,-2,-2,-2,-2,-2,-2,-2,-2,-2,0.623717647,-2,0.709966812,0.660745133,0.705295067,0.61373202,0.703819913,0.639848276,0.633805907,0.626349367,-2,-2,0.651274138,0.630603419,0.638568067,0.655574194,0.686401717,0.627430252,0.644990717,0.690193991,0.514501266,-2,0.534615126,0.523477311,0.555082051,0.499773756,-2,-2,-2,0.506546552,-2,0.393127119,-2,0.345272269,0.556890756,0.329341818,-2,-2,0.575453782,-2,-2,0.348984874,-2,-2,-2,0.381894915,-2,-2,0.674816878,0.577738462,0.348984874,-2,0.348984874,0.348984874,-2,-2,-2,0.346729114,0.352697479,-2,-2,-2,0.360122689,0.460363025,0.523477311,0.538327731,0.551767686,-2,-2,-2,-2,-2,0.248901408,0.459012987,0.470303226,-2,0.471253333,0.490888889,0.296731343,0.4418,0.547529915,-2,0.350707216,0.351174359,0.508739394,0.435397101,0.492291429,0.465681081,0.475784615,0.461008696,0.603434146,-2,-2,-2,-2,-2,0.382097297,-2,0.48504,-2,-2,-2,-2,-2,-2,0.477760465,-2,-2,-2,-2,0.511557895,-2,-2,-2,0.385570909,-2,0.499426087,0.45872,0.403382609,-2,0.610283051,0.633805907,0.467788235,0.356410084,0.488305263,0.509463063,0.510247887,0.514793043,0.371035498,0.354201724,-2,-2,-2,-2,-2,0.350457384,-2,-2,-2,-2,-2,-2,-2,0.633805907,-2,-2,-2,0.398924895,-2,0.626349367,-2,0.452937815,0.43437479,-2,0.468692174,0.704643038,0.423079661,0.583807143,-2,0.480715026,-2,-2,0.691513043,0.40467395,-2,0.548055696,-2,0.533142616,-2,-2,-2,-2,-2,-2,-2,-2,-2,-2,-2DOM,0.56259176,0.542735581,-2,0.390117736,0.529414346,-2,-2,-2,-2,-2,-2,-2,-2,-2,-2,0.420289139,-2,0.472864063,0.591413546,0.490488163,0.624888288,0.5246375,0.506871318,0.572331818,0.465052632,-2,-2,0.528768504,0.587920623,0.605613483,0.538959336,0.55182682,0.595685393,0.556465649,0.507816092,0.617855639,-2,0.618850936,0.579138577,0.60599387,0.5619696,-2,-2,-2,0.59366875,-2,0.488578824,-2,0.145611985,0.496404494,0.132361134,-2,-2,0.608922846,-2,-2,0.145611985,-2,-2,-2,0.223400755,-2,-2,0.458534848,0.344604,0.148921348,-2,0.145611985,0.148921348,-2,-2,-2,0.146159398,0.149481203,-2,-2,-2,0.420289139,0.446764045,0.463310861,0.466620225,0.457392941,-2,-2,-2,-2,-2,0.172878261,0.369669388,0.273495238,-2,0.301006593,0.329,0.150045283,0.317189744,0.456918631,-2,0.235893213,0.318824742,0.383668421,0.333804444,0.330136264,0.340554167,0.30926,0.28717,0.304190164,-2,-2,-2,-2,-2,0.35344,-2,0.358125758,-2,-2,-2,-2,-2,-2,0.570941538,-2,-2,-2,-2,0.309715464,-2,-2,-2,0.184853556,-2,0.327511969,0.268775665,0.246586047,-2,0.460419923,0.53349434,0.277986517,0.234964794,0.2209,0.369962602,0.378150847,0.476048062,0.248087692,0.238810811,-2,-2,-2,-2,-2,0.239169925,-2,-2,-2,-2,-2,-2,-2,0.548097744,-2,-2,-2,0.285675188,-2,0.475018045,-2,0.33093633,0.30115206,-2,0.300219305,0.54477594,0.376285932,0.450600797,-2,0.363835294,-2,-2,0.547968992,0.277986517,-2,0.580175094,-2,0.561384962,-2,-2,-2,-2,-2,-2,-2,-2,-2,-2,-2JAM,-2,-2,-2,-2,-2,-2,-2,-2,-2,-2,-2,-2,-2,-2,-2,-2,-2,-2,-2,-2,-2,-2,-2,-2,-2,-2,-2,-2,-2,-2,-2,-2,-2,-2,-2,-2,-2,-2,-2,-2,-2,-2,-2,-2,-2,-2,-2,-2,-2,-2,-2,-2,-2,-2,-2,-2,-2,-2,-2,-2,-2,-2,-2,-2,-2,-2,-2,-2,-2,-2,-2,-2,-2,-2,-2,-2,-2,-2,-2,-2,-2,-2,-2,-2,-2,-2,-2,-2,-2,-2,-2,-2,-2,-2,-2,-2,-2,-2,-2,-2,-2,-2,-2,-2,-2,-2,-2,-2,-2,-2,-2,-2,-2,-2,-2,-2,-2,-2,-2,-2,-2,-2,-2,-2,-2,-2,-2,-2,-2,-2,-2,-2,-2,-2,-2,-2,-2,-2,-2,-2,-2,-2,-2,-2,-2,-2,-2,-2,-2,-2,-2,-2,-2,-2,-2,-2,-2,-2,-2,-2,-2,-2,-2,-2,-2,-2,-2,-2,-2,-2,-2,-2,-2,-2,-2,-2,-2,-2,-2,-2,-2,-2,-2,-2,-2,-2,-2,-2,-2,-2,-2,-2,-2,-2TTO,-2,-2,-2,-2,-2,-2,-2,-2,-2,-2,-2,-2,-2,-2,-2,-2,-2,-2,-2,-2,-2,-2,-2,-2,-2,-2,-2,-2,-2,-2,-2,-2,-2,-2,-2,-2,-2,-2,-2,-2,-2,-2,-2,-2,-2,-2,-2,-2,-2,-2,-2,-2,-2,-2,-2,-2,-2,-2,-2,-2,-2,-2,-2,-2,-2,-2,-2,-2,-2,-2,-2,-2,-2,-2,-2,-2,-2,-2,-2,-2,-2,-2,-2,-2,-2,-2,-2,-2,-2,-2,-2,-2,-2,-2,-2,-2,-2,-2,-2,-2,-2,-2,-2,-2,-2,-2,-2,-2,-2,-2,-2,-2,-2,-2,-2,-2,-2,-2,-2,-2,-2,-2,-2,-2,-2,-2,-2,-2,-2,-2,-2,-2,-2,-2,-2,-2,-2,-2,-2,-2,-2,-2,-2,-2,-2,-2,-2,-2,-2,-2,-2,-2,-2,-2,-2,-2,-2,-2,-2,-2,-2,-2,-2,-2,-2,-2,-2,-2,-2,-2,-2,-2,-2,-2,-2,-2,-2,-2,-2,-2,-2,-2,-2,-2,-2,-2,-2,-2,-2,-2,-2,-2,-2,-2BRB,-2,-2,-2,-2,-2,-2,-2,-2,-2,-2,-2,-2,-2,-2,-2,-2,-2,-2,-2,-2,-2,-2,-2,-2,-2,-2,-2,-2,-2,-2,-2,-2,-2,-2,-2,-2,-2,-2,-2,-2,-2,-2,-2,-2,-2,-2,-2,-2,-2,-2,-2,-2,-2,-2,-2,-2,-2,-2,-2,-2,-2,-2,-2,-2,-2,-2,-2,-2,-2,-2,-2,-2,-2,-2,-2,-2,-2,-2,-2,-2,-2,-2,-2,-2,-2,-2,-2,-2,-2,-2,-2,-2,-2,-2,-2,-2,-2,-2,-2,-2,-2,-2,-2,-2,-2,-2,-2,-2,-2,-2,-2,-2,-2,-2,-2,-2,-2,-2,-2,-2,-2,-2,-2,-2,-2,-2,-2,-2,-2,-2,-2,-2,-2,-2,-2,-2,-2,-2,-2,-2,-2,-2,-2,-2,-2,-2,-2,-2,-2,-2,-2,-2,-2,-2,-2,-2,-2,-2,-2,-2,-2,-2,-2,-2,-2,-2,-2,-2,-2,-2,-2,-2,-2,-2,-2,-2,-2,-2,-2,-2,-2,-2,-2,-2,-2,-2,-2,-2,-2,-2,-2,-2,-2,-2DMA,-2,-2,-2,-2,-2,-2,-2,-2,-2,-2,-2,-2,-2,-2,-2,-2,-2,-2,-2,-2,-2,-2,-2,-2,-2,-2,-2,-2,-2,-2,-2,-2,-2,-2,-2,-2,-2,-2,-2,-2,-2,-2,-2,-2,-2,-2,-2,-2,-2,-2,-2,-2,-2,-2,-2,-2,-2,-2,-2,-2,-2,-2,-2,-2,-2,-2,-2,-2,-2,-2,-2,-2,-2,-2,-2,-2,-2,-2,-2,-2,-2,-2,-2,-2,-2,-2,-2,-2,-2,-2,-2,-2,-2,-2,-2,-2,-2,-2,-2,-2,-2,-2,-2,-2,-2,-2,-2,-2,-2,-2,-2,-2,-2,-2,-2,-2,-2,-2,-2,-2,-2,-2,-2,-2,-2,-2,-2,-2,-2,-2,-2,-2,-2,-2,-2,-2,-2,-2,-2,-2,-2,-2,-2,-2,-2,-2,-2,-2,-2,-2,-2,-2,-2,-2,-2,-2,-2,-2,-2,-2,-2,-2,-2,-2,-2,-2,-2,-2,-2,-2,-2,-2,-2,-2,-2,-2,-2,-2,-2,-2,-2,-2,-2,-2,-2,-2,-2,-2,-2,-2,-2,-2,-2,-2GRD,-2,-2,-2,-2,-2,-2,-2,-2,-2,-2,-2,-2,-2,-2,-2,-2,-2,-2,-2,-2,-2,-2,-2,-2,-2,-2,-2,-2,-2,-2,-2,-2,-2,-2,-2,-2,-2,-2,-2,-2,-2,-2,-2,-2,-2,-2,-2,-2,-2,-2,-2,-2,-2,-2,-2,-2,-2,-2,-2,-2,-2,-2,-2,-2,-2,-2,-2,-2,-2,-2,-2,-2,-2,-2,-2,-2,-2,-2,-2,-2,-2,-2,-2,-2,-2,-2,-2,-2,-2,-2,-2,-2,-2,-2,-2,-2,-2,-2,-2,-2,-2,-2,-2,-2,-2,-2,-2,-2,-2,-2,-2,-2,-2,-2,-2,-2,-2,-2,-2,-2,-2,-2,-2,-2,-2,-2,-2,-2,-2,-2,-2,-2,-2,-2,-2,-2,-2,-2,-2,-2,-2,-2,-2,-2,-2,-2,-2,-2,-2,-2,-2,-2,-2,-2,-2,-2,-2,-2,-2,-2,-2,-2,-2,-2,-2,-2,-2,-2,-2,-2,-2,-2,-2,-2,-2,-2,-2,-2,-2,-2,-2,-2,-2,-2,-2,-2,-2,-2,-2,-2,-2,-2,-2,-2LCA,-2,-2,-2,-2,-2,-2,-2,-2,-2,-2,-2,-2,-2,-2,-2,-2,-2,-2,-2,-2,-2,-2,-2,-2,-2,-2,-2,-2,-2,-2,-2,-2,-2,-2,-2,-2,-2,-2,-2,-2,-2,-2,-2,-2,-2,-2,-2,-2,-2,-2,-2,-2,-2,-2,-2,-2,-2,-2,-2,-2,-2,-2,-2,-2,-2,-2,-2,-2,-2,-2,-2,-2,-2,-2,-2,-2,-2,-2,-2,-2,-2,-2,-2,-2,-2,-2,-2,-2,-2,-2,-2,-2,-2,-2,-2,-2,-2,-2,-2,-2,-2,-2,-2,-2,-2,-2,-2,-2,-2,-2,-2,-2,-2,-2,-2,-2,-2,-2,-2,-2,-2,-2,-2,-2,-2,-2,-2,-2,-2,-2,-2,-2,-2,-2,-2,-2,-2,-2,-2,-2,-2,-2,-2,-2,-2,-2,-2,-2,-2,-2,-2,-2,-2,-2,-2,-2,-2,-2,-2,-2,-2,-2,-2,-2,-2,-2,-2,-2,-2,-2,-2,-2,-2,-2,-2,-2,-2,-2,-2,-2,-2,-2,-2,-2,-2,-2,-2,-2,-2,-2,-2,-2,-2,-2VCT,-2,-2,-2,-2,-2,-2,-2,-2,-2,-2,-2,-2,-2,-2,-2,-2,-2,-2,-2,-2,-2,-2,-2,-2,-2,-2,-2,-2,-2,-2,-2,-2,-2,-2,-2,-2,-2,-2,-2,-2,-2,-2,-2,-2,-2,-2,-2,-2,-2,-2,-2,-2,-2,-2,-2,-2,-2,-2,-2,-2,-2,-2,-2,-2,-2,-2,-2,-2,-2,-2,-2,-2,-2,-2,-2,-2,-2,-2,-2,-2,-2,-2,-2,-2,-2,-2,-2,-2,-2,-2,-2,-2,-2,-2,-2,-2,-2,-2,-2,-2,-2,-2,-2,-2,-2,-2,-2,-2,-2,-2,-2,-2,-2,-2,-2,-2,-2,-2,-2,-2,-2,-2,-2,-2,-2,-2,-2,-2,-2,-2,-2,-2,-2,-2,-2,-2,-2,-2,-2,-2,-2,-2,-2,-2,-2,-2,-2,-2,-2,-2,-2,-2,-2,-2,-2,-2,-2,-2,-2,-2,-2,-2,-2,-2,-2,-2,-2,-2,-2,-2,-2,-2,-2,-2,-2,-2,-2,-2,-2,-2,-2,-2,-2,-2,-2,-2,-2,-2,-2,-2,-2,-2,-2,-2ATG,-2,-2,-2,-2,-2,-2,-2,-2,-2,-2,-2,-2,-2,-2,-2,-2,-2,-2,-2,-2,-2,-2,-2,-2,-2,-2,-2,-2,-2,-2,-2,-2,-2,-2,-2,-2,-2,-2,-2,-2,-2,-2,-2,-2,-2,-2,-2,-2,-2,-2,-2,-2,-2,-2,-2,-2,-2,-2,-2,-2,-2,-2,-2,-2,-2,-2,-2,-2,-2,-2,-2,-2,-2,-2,-2,-2,-2,-2,-2,-2,-2,-2,-2,-2,-2,-2,-2,-2,-2,-2,-2,-2,-2,-2,-2,-2,-2,-2,-2,-2,-2,-2,-2,-2,-2,-2,-2,-2,-2,-2,-2,-2,-2,-2,-2,-2,-2,-2,-2,-2,-2,-2,-2,-2,-2,-2,-2,-2,-2,-2,-2,-2,-2,-2,-2,-2,-2,-2,-2,-2,-2,-2,-2,-2,-2,-2,-2,-2,-2,-2,-2,-2,-2,-2,-2,-2,-2,-2,-2,-2,-2,-2,-2,-2,-2,-2,-2,-2,-2,-2,-2,-2,-2,-2,-2,-2,-2,-2,-2,-2,-2,-2,-2,-2,-2,-2,-2,-2,-2,-2,-2,-2,-2,-2KNA,-2,-2,-2,-2,-2,-2,-2,-2,-2,-2,-2,-2,-2,-2,-2,-2,-2,-2,-2,-2,-2,-2,-2,-2,-2,-2,-2,-2,-2,-2,-2,-2,-2,-2,-2,-2,-2,-2,-2,-2,-2,-2,-2,-2,-2,-2,-2,-2,-2,-2,-2,-2,-2,-2,-2,-2,-2,-2,-2,-2,-2,-2,-2,-2,-2,-2,-2,-2,-2,-2,-2,-2,-2,-2,-2,-2,-2,-2,-2,-2,-2,-2,-2,-2,-2,-2,-2,-2,-2,-2,-2,-2,-2,-2,-2,-2,-2,-2,-2,-2,-2,-2,-2,-2,-2,-2,-2,-2,-2,-2,-2,-2,-2,-2,-2,-2,-2,-2,-2,-2,-2,-2,-2,-2,-2,-2,-2,-2,-2,-2,-2,-2,-2,-2,-2,-2,-2,-2,-2,-2,-2,-2,-2,-2,-2,-2,-2,-2,-2,-2,-2,-2,-2,-2,-2,-2,-2,-2,-2,-2,-2,-2,-2,-2,-2,-2,-2,-2,-2,-2,-2,-2,-2,-2,-2,-2,-2,-2,-2,-2,-2,-2,-2,-2,-2,-2,-2,-2,-2,-2,-2,-2,-2,-2MEX,0.473005204,0.453296654,-2,0.55266367,0.623717647,0.420289139,-2,-2,-2,-2,-2,-2,-2,-2,-2,-2,-2,0.582217054,0.525952381,0.586681781,0.467555157,0.558243411,0.621918462,0.521523308,0.67588806,-2,-2,0.634112941,0.494679537,0.535415613,0.574521811,0.534191635,0.532130855,0.562290909,0.524112548,0.356077612,-2,0.387601487,0.377747212,0.383005323,0.347128571,-2,-2,-2,0.41440155,-2,0.354127626,-2,0.433588104,0.56169368,0.422282731,-2,-2,0.423733829,-2,-2,0.427018587,-2,-2,-2,0.456692135,-2,-2,0.528166917,0.467788235,0.430303346,-2,0.427018587,0.430303346,-2,-2,-2,0.42861194,0.42861194,-2,-2,-2,0.407310037,0.495998513,0.459866171,0.463150929,0.532910506,-2,-2,-2,-2,-2,0.4042,0.344604,0.36987907,-2,0.389544086,0.386575,0.461008696,0.39762,0.576840755,-2,0.423969507,0.499814141,0.41914359,0.480217391,0.35536087,0.396718367,0.433137255,0.42024878,0.463527869,-2,-2,-2,-2,-2,0.528338144,-2,0.534810526,-2,-2,-2,-2,-2,-2,0.340881218,-2,-2,-2,-2,0.378685714,-2,-2,-2,0.469297925,-2,0.616150192,0.556834717,0.492776923,-2,0.557709506,0.496404494,0.532130855,0.440157621,0.474935,0.545124194,0.530902521,0.451995385,0.485642748,0.44010728,-2,-2,-2,-2,-2,0.45498806,-2,-2,-2,-2,-2,-2,-2,0.491255224,-2,-2,-2,0.451691045,-2,0.567086567,-2,0.512422305,0.48285948,-2,0.540355385,0.540710448,0.510153962,0.492441107,-2,0.530952466,-2,-2,0.57434,0.446727138,-2,0.390504869,-2,0.468176119,-2,-2,-2,-2,-2,-2,-2,-2,-2,-2,-2BLZ,-2,-2,-2,-2,-2,-2,-2,-2,-2,-2,-2,-2,-2,-2,-2,-2,-2,-2,-2,-2,-2,-2,-2,-2,-2,-2,-2,-2,-2,-2,-2,-2,-2,-2,-2,-2,-2,-2,-2,-2,-2,-2,-2,-2,-2,-2,-2,-2,-2,-2,-2,-2,-2,-2,-2,-2,-2,-2,-2,-2,-2,-2,-2,-2,-2,-2,-2,-2,-2,-2,-2,-2,-2,-2,-2,-2,-2,-2,-2,-2,-2,-2,-2,-2,-2,-2,-2,-2,-2,-2,-2,-2,-2,-2,-2,-2,-2,-2,-2,-2,-2,-2,-2,-2,-2,-2,-2,-2,-2,-2,-2,-2,-2,-2,-2,-2,-2,-2,-2,-2,-2,-2,-2,-2,-2,-2,-2,-2,-2,-2,-2,-2,-2,-2,-2,-2,-2,-2,-2,-2,-2,-2,-2,-2,-2,-2,-2,-2,-2,-2,-2,-2,-2,-2,-2,-2,-2,-2,-2,-2,-2,-2,-2,-2,-2,-2,-2,-2,-2,-2,-2,-2,-2,-2,-2,-2,-2,-2,-2,-2,-2,-2,-2,-2,-2,-2,-2,-2,-2,-2,-2,-2,-2,-2GTM,0.609615504,0.547968992,-2,0.410735938,0.709966812,0.472864063,-2,-2,-2,-2,-2,-2,-2,-2,-2,0.582217054,-2,-2,0.668960324,0.763604938,0.636354128,0.71326747,0.665340239,0.642930739,0.558243411,-2,-2,0.631142857,0.6609328,0.609615504,0.69639661,0.698498024,0.660987597,0.653095652,0.688790551,0.526034241,-2,0.544544186,0.489747287,0.523229804,0.471009917,-2,-2,-2,0.5372288,-2,0.415185542,-2,0.308232558,0.558243411,0.289583193,-2,-2,0.592491473,-2,-2,0.308232558,-2,-2,-2,0.365865625,-2,-2,0.675694118,0.495204396,0.308232558,-2,0.304807752,0.308232558,-2,-2,-2,0.305993774,0.305993774,-2,-2,-2,0.321931783,0.46919845,0.530844961,0.510296124,0.575949798,-2,-2,-2,-2,-2,0.149040964,0.416979775,0.488305263,-2,0.46335122,0.519764706,0.217954667,0.382097297,0.528768504,-2,0.320930189,0.363257778,0.454794118,0.316350617,0.436345679,0.421718182,0.436945055,0.423132394,0.55225,-2,-2,-2,-2,-2,0.345314943,-2,0.474718431,-2,-2,-2,-2,-2,-2,0.506907368,-2,-2,-2,-2,0.49765977,-2,-2,-2,0.326547826,-2,0.4524032,0.413970079,0.386796787,-2,0.624130159,0.624732813,0.41440155,0.366454264,0.519115,0.507044726,0.503267826,0.5054192,0.369633466,0.364660317,-2,-2,-2,-2,-2,0.354127626,-2,-2,-2,-2,-2,-2,-2,0.606190698,-2,-2,-2,0.381632685,-2,0.574168093,-2,0.428100775,0.407551938,-2,0.425831325,0.663559533,0.420927559,0.570885597,-2,0.495983019,-2,-2,0.677781526,0.387003101,-2,0.541895313,-2,0.526034241,-2,-2,-2,-2,-2,-2,-2,-2,-2,-2,-2HND,0.697763492,0.613611111,-2,0.4488688,0.660745133,0.591413546,-2,-2,-2,-2,-2,-2,-2,-2,-2,0.525952381,-2,0.668960324,-2,0.679406723,0.763297653,0.739925203,0.628577236,0.721665339,0.577332271,-2,-2,0.608867227,0.704006504,0.694257143,0.663664629,0.711888259,0.736333333,0.704733603,0.665382996,0.633657371,-2,0.645168254,0.585560317,0.623508065,0.564,-2,-2,-2,0.607026016,-2,0.504914286,-2,0.224406349,0.582053968,0.2209,-2,-2,0.659193651,-2,-2,0.2209,-2,-2,-2,0.267544223,-2,-2,0.600848,0.475784615,0.2209,-2,0.227912698,0.2209,-2,-2,-2,0.218259761,0.225300398,-2,-2,-2,0.371673016,0.504914286,0.585560317,0.603092063,0.581703333,-2,-2,-2,-2,-2,0.17882381,0.387195506,0.481963636,-2,0.504914286,0.503446512,0.191048649,0.370156757,0.498806452,-2,0.268921739,0.314168889,0.467045714,0.283624691,0.447122892,0.421718182,0.456364835,0.411539726,0.536471429,-2,-2,-2,-2,-2,0.339055814,-2,0.404539759,-2,-2,-2,-2,-2,-2,0.565313978,-2,-2,-2,-2,0.486476404,-2,-2,-2,0.254132743,-2,0.377146341,0.327787097,0.289704918,-2,0.524413008,0.6467952,0.347128571,0.287520635,0.267405263,0.406677824,0.418132143,0.597516393,0.289763563,0.290941463,-2,-2,-2,-2,-2,0.313308367,-2,-2,-2,-2,-2,-2,-2,0.637177689,-2,-2,-2,0.323869323,-2,0.577332271,-2,0.357647619,0.371673016,-2,0.351267213,0.679421514,0.384793548,0.55225,-2,0.499426087,-2,-2,0.684427869,0.322584127,-2,0.61852,-2,0.626616733,-2,-2,-2,-2,-2,-2,-2,-2,-2,-2,-2SLV,0.633187045,0.565217814,-2,0.461635918,0.705295067,0.490488163,-2,-2,-2,-2,-2,-2,-2,-2,-2,0.586681781,-2,0.763604938,0.679406723,-2,0.665782326,0.705394958,0.688471667,0.673563934,0.597413765,-2,-2,0.676564017,0.664556303,0.6403417,0.656835398,0.717019672,0.694001619,0.696822764,0.676335802,0.560331707,-2,0.583104453,0.522289879,0.554060656,0.510951304,-2,-2,-2,0.566976667,-2,0.447345607,-2,0.300495547,0.547331174,0.279031579,-2,-2,0.608145749,-2,-2,0.300495547,-2,-2,-2,0.346226939,-2,-2,0.696060408,0.4418,0.296918219,-2,0.296918219,0.296918219,-2,-2,-2,0.294533333,0.293340891,-2,-2,-2,0.357732794,0.490093927,0.550908502,0.540176518,0.591562712,-2,-2,-2,-2,-2,0.158594872,0.404539759,0.459956164,-2,0.470488312,0.492131646,0.214588571,0.35344,0.559976955,-2,0.325305473,0.327259259,0.406736508,0.274632432,0.418547368,0.389204762,0.462838095,0.380627692,0.5452,-2,-2,-2,-2,-2,0.357913924,-2,0.46714918,-2,-2,-2,-2,-2,-2,0.476162222,-2,-2,-2,-2,0.495678049,-2,-2,-2,0.319855204,-2,0.469297925,0.405586885,0.37553,-2,0.610883951,0.650128455,0.404238057,0.32911417,0.430755,0.503267826,0.472339171,0.502801674,0.344640664,0.335031667,-2,-2,-2,-2,-2,0.341227642,-2,-2,-2,-2,-2,-2,-2,0.639352846,-2,-2,-2,0.373554472,-2,0.603434146,-2,0.425702024,0.411392713,-2,0.432557322,0.678863415,0.405881301,0.60417094,-2,0.509938308,-2,-2,0.676564017,0.368464777,-2,0.580651429,-2,0.549556098,-2,-2,-2,-2,-2,-2,-2,-2,-2,-2,-2NIC,0.729069058,0.681521076,-2,0.447797285,0.61373202,0.624888288,-2,-2,-2,-2,-2,-2,-2,-2,-2,0.467555157,-2,0.636354128,0.763297653,0.665782326,-2,0.698660465,0.627070968,0.760214414,0.546801794,-2,-2,0.578208295,0.743027273,0.721144395,0.623963981,0.739010909,0.744918386,0.720412613,0.650650909,0.704491892,-2,0.705295067,0.62604843,0.692551351,0.586274882,-2,-2,-2,0.641860377,-2,0.549153271,-2,0.198116592,0.570575785,0.185340488,-2,-2,0.725106726,-2,-2,0.198116592,-2,-2,-2,0.239891403,-2,-2,0.611723077,0.489706024,0.198116592,-2,0.202078924,0.198116592,-2,-2,-2,0.195028829,0.202989189,-2,-2,-2,0.360572197,0.550764126,0.606236771,0.622086099,0.609808451,-2,-2,-2,-2,-2,0.162768421,0.4418,0.490888889,-2,0.518378667,0.525686076,0.161292063,0.35344,0.517423423,-2,0.260171111,0.301717073,0.456051613,0.29049863,0.471253333,0.37260241,0.457768675,0.434787302,0.5452,-2,-2,-2,-2,-2,0.301989873,-2,0.39762,-2,-2,-2,-2,-2,-2,0.609190062,-2,-2,-2,-2,0.512706173,-2,-2,-2,0.22201005,-2,0.366470046,0.313276364,0.264672811,-2,0.536615525,0.688571171,0.313024215,0.245664574,0.252457143,0.405162927,0.410242857,0.598700935,0.267511927,0.259405505,-2,-2,-2,-2,-2,0.278612613,-2,-2,-2,-2,-2,-2,-2,0.685483408,-2,-2,-2,0.314434234,-2,0.597027027,-2,0.34472287,0.352647534,-2,0.318741553,0.696531532,0.341390909,0.537662264,-2,0.48598,-2,-2,0.697796262,0.297174888,-2,0.659701357,-2,0.708472072,-2,-2,-2,-2,-2,-2,-2,-2,-2,-2,-2CRI,0.650713178,0.582217054,-2,0.4694125,0.703819913,0.5246375,-2,-2,-2,-2,-2,-2,-2,-2,-2,0.558243411,-2,0.71326747,0.739925203,0.705394958,0.698660465,-2,0.672380876,0.680750195,0.587920623,-2,-2,0.644593443,0.6609328,0.650713178,0.702348718,0.722945455,0.719209302,0.729930435,0.67139685,0.5535393,-2,0.578792248,0.51372093,0.546162205,0.514824793,-2,-2,-2,0.546483534,-2,0.424128,-2,0.287683721,0.558243411,0.292068619,-2,-2,0.582217054,-2,-2,0.284258915,-2,-2,-2,0.327898438,-2,-2,0.647973333,0.492955789,0.280834109,-2,0.291108527,0.280834109,-2,-2,-2,0.278488716,0.288803113,-2,-2,-2,0.366454264,0.517145736,0.554818605,0.578792248,0.597413765,-2,-2,-2,-2,-2,0.200818182,0.4324,0.512706173,-2,0.522127273,0.506332584,0.252457143,0.370156757,0.553119685,-2,0.348461972,0.3572,0.506597333,0.322254118,0.472623256,0.446654945,0.465052632,0.475784615,0.536471429,-2,-2,-2,-2,-2,0.35344,-2,0.4694125,-2,-2,-2,-2,-2,-2,0.506907368,-2,-2,-2,-2,0.504914286,-2,-2,-2,0.308498276,-2,0.4488688,0.389618898,0.365505221,-2,0.57504127,0.67650625,0.400702326,0.345905426,0.378685714,0.462133891,0.464850435,0.528740562,0.361153968,0.350634921,-2,-2,-2,-2,-2,0.371318288,-2,-2,-2,-2,-2,-2,-2,0.639492607,-2,-2,-2,0.378194553,-2,0.601673152,-2,0.41440155,0.424675969,-2,0.400991165,0.732908527,0.410491339,0.562290909,-2,0.560028169,-2,-2,0.716816064,0.380153488,-2,0.555701563,-2,0.605111284,-2,-2,-2,-2,-2,-2,-2,-2,-2,-2,-2PAN,0.611723077,0.577738462,-2,0.489747287,0.639848276,0.506871318,-2,-2,-2,-2,-2,-2,-2,-2,-2,0.621918462,-2,0.665340239,0.628577236,0.688471667,0.627070968,0.672380876,-2,0.685728185,0.631142857,-2,-2,0.661805668,0.638155556,0.628715385,0.634855462,0.674875591,0.6627,0.686089412,0.609857255,0.518560618,-2,0.553949231,0.492776923,0.53844375,0.494525103,-2,-2,-2,0.5372288,-2,0.429478884,-2,0.319455385,0.591332308,0.306704132,-2,-2,0.581136923,-2,-2,0.312658462,-2,-2,-2,0.352755039,-2,-2,0.61304031,0.432783673,0.305861538,-2,0.316056923,0.305861538,-2,-2,-2,0.303630888,0.312658462,-2,-2,-2,0.380627692,0.526761538,0.543753846,0.564144615,0.621004016,-2,-2,-2,-2,-2,0.215991111,0.4418,0.46335122,-2,0.506332584,0.499426087,0.302134194,0.337163158,0.56605625,-2,0.374613825,0.391698969,0.447690667,0.301227273,0.502045455,0.4606,0.4418,0.487112821,0.554122034,-2,-2,-2,-2,-2,0.370541935,-2,0.495091051,-2,-2,-2,-2,-2,-2,0.462838095,-2,-2,-2,-2,0.4888,-2,-2,-2,0.342775862,-2,0.506411067,0.421090625,0.390755378,-2,0.575206275,0.61304031,0.418010769,0.370432308,0.401636364,0.502295436,0.483694828,0.528047809,0.389618898,0.379182677,-2,-2,-2,-2,-2,0.370432308,-2,-2,-2,-2,-2,-2,-2,0.607261776,-2,-2,-2,0.378685714,-2,0.60043861,-2,0.435003077,0.431604615,-2,0.4418,0.658435521,0.443519066,0.533021862,-2,0.549705069,-2,-2,0.704063745,0.377229231,-2,0.530844961,-2,0.579969112,-2,-2,-2,-2,-2,-2,-2,-2,-2,-2,-2COL,0.71418797,0.664360902,-2,0.461881818,0.633805907,0.572331818,-2,-2,-2,-2,-2,-2,-2,-2,-2,0.521523308,-2,0.642930739,0.721665339,0.673563934,0.760214414,0.680750195,0.685728185,-2,0.553500377,-2,-2,0.624130159,0.715784496,0.710866165,0.631664463,0.737466154,0.734118797,0.707557088,0.646619157,0.643527547,-2,0.654395489,0.584637594,0.634033588,0.5677751,-2,-2,-2,0.613322353,-2,0.514282813,-2,0.239169925,0.604568421,0.228948988,-2,-2,0.694257143,-2,-2,0.23584812,-2,-2,-2,0.301227273,-2,-2,0.608104943,0.4418,0.232526316,-2,0.239169925,0.232526316,-2,-2,-2,0.230069434,0.236738113,-2,-2,-2,0.388651128,0.57467218,0.621177444,0.637786466,0.633130709,-2,-2,-2,-2,-2,0.201691304,0.46884898,0.525952381,-2,0.563173626,0.5546,0.211174843,0.396487179,0.529485496,-2,0.315857014,0.357010101,0.481963636,0.284715556,0.510524444,0.451004167,0.477144,0.50807,0.593895082,-2,-2,-2,-2,-2,0.316235789,-2,0.426681369,-2,-2,-2,-2,-2,-2,0.546556701,-2,-2,-2,-2,0.533841667,-2,-2,-2,0.271020168,-2,0.404127132,0.337251908,0.309431907,-2,0.526761538,0.6627,0.355433083,0.298962406,0.313174684,0.41475102,0.413837975,0.594796887,0.307042471,0.305861538,-2,-2,-2,-2,-2,0.316762264,-2,-2,-2,-2,-2,-2,-2,0.663533585,-2,-2,-2,0.343436981,-2,0.606849811,-2,0.378685714,0.391972932,-2,0.354127626,0.696876981,0.384467176,0.547832,-2,0.495775566,-2,-2,0.687626459,0.332180451,-2,0.632577273,-2,0.683539623,-2,-2,-2,-2,-2,-2,-2,-2,-2,-2,-2VEN,0.524225373,0.553898507,-2,0.587959398,0.626349367,0.465052632,-2,-2,-2,-2,-2,-2,-2,-2,-2,0.67588806,-2,0.558243411,0.577332271,0.597413765,0.546801794,0.587920623,0.631142857,0.553500377,-2,-2,-2,0.67139685,0.544544186,0.563789552,0.589066667,0.583445802,0.583571642,0.614824335,0.591306464,0.410361049,-2,0.438502985,0.425314925,0.453558935,0.422438247,-2,-2,-2,0.429766537,-2,0.348607813,-2,0.372562687,0.547304478,0.374104839,-2,-2,0.478067164,-2,-2,0.375859701,-2,-2,-2,0.398616541,-2,-2,0.513488302,0.568653465,0.369265672,-2,0.372562687,0.369265672,-2,-2,-2,0.364029963,0.373958052,-2,-2,-2,0.405532836,0.511037313,0.507740299,0.514334328,0.581044358,-2,-2,-2,-2,-2,0.370541935,0.401636364,0.400702326,-2,0.412986957,0.437149474,0.4473225,0.386575,0.629230303,-2,0.43383964,0.495897959,0.355735065,0.504914286,0.398105495,0.4418,0.428677228,0.381802469,0.412346667,-2,-2,-2,-2,-2,0.5798625,-2,0.500150943,-2,-2,-2,-2,-2,-2,0.365161224,-2,-2,-2,-2,0.391698969,-2,-2,-2,0.434436667,-2,0.557347692,0.515433333,0.443505792,-2,0.593563359,0.551419549,0.504443284,0.398938806,0.30926,0.568795142,0.568028571,0.474210039,0.436721839,0.404416923,-2,-2,-2,-2,-2,0.410361049,-2,-2,-2,-2,-2,-2,-2,0.56259176,-2,-2,-2,0.426907865,-2,0.63208839,-2,0.484661194,0.46158209,-2,0.515149035,0.595685393,0.498698485,0.501407937,-2,0.569165766,-2,-2,0.620908108,0.42201791,-2,0.438478195,-2,0.522879401,-2,-2,-2,-2,-2,-2,-2,-2,-2,-2,-2GUY,-2,-2,-2,-2,-2,-2,-2,-2,-2,-2,-2,-2,-2,-2,-2,-2,-2,-2,-2,-2,-2,-2,-2,-2,-2,-2,-2,-2,-2,-2,-2,-2,-2,-2,-2,-2,-2,-2,-2,-2,-2,-2,-2,-2,-2,-2,-2,-2,-2,-2,-2,-2,-2,-2,-2,-2,-2,-2,-2,-2,-2,-2,-2,-2,-2,-2,-2,-2,-2,-2,-2,-2,-2,-2,-2,-2,-2,-2,-2,-2,-2,-2,-2,-2,-2,-2,-2,-2,-2,-2,-2,-2,-2,-2,-2,-2,-2,-2,-2,-2,-2,-2,-2,-2,-2,-2,-2,-2,-2,-2,-2,-2,-2,-2,-2,-2,-2,-2,-2,-2,-2,-2,-2,-2,-2,-2,-2,-2,-2,-2,-2,-2,-2,-2,-2,-2,-2,-2,-2,-2,-2,-2,-2,-2,-2,-2,-2,-2,-2,-2,-2,-2,-2,-2,-2,-2,-2,-2,-2,-2,-2,-2,-2,-2,-2,-2,-2,-2,-2,-2,-2,-2,-2,-2,-2,-2,-2,-2,-2,-2,-2,-2,-2,-2,-2,-2,-2,-2,-2,-2,-2,-2,-2,-2SUR,-2,-2,-2,-2,-2,-2,-2,-2,-2,-2,-2,-2,-2,-2,-2,-2,-2,-2,-2,-2,-2,-2,-2,-2,-2,-2,-2,-2,-2,-2,-2,-2,-2,-2,-2,-2,-2,-2,-2,-2,-2,-2,-2,-2,-2,-2,-2,-2,-2,-2,-2,-2,-2,-2,-2,-2,-2,-2,-2,-2,-2,-2,-2,-2,-2,-2,-2,-2,-2,-2,-2,-2,-2,-2,-2,-2,-2,-2,-2,-2,-2,-2,-2,-2,-2,-2,-2,-2,-2,-2,-2,-2,-2,-2,-2,-2,-2,-2,-2,-2,-2,-2,-2,-2,-2,-2,-2,-2,-2,-2,-2,-2,-2,-2,-2,-2,-2,-2,-2,-2,-2,-2,-2,-2,-2,-2,-2,-2,-2,-2,-2,-2,-2,-2,-2,-2,-2,-2,-2,-2,-2,-2,-2,-2,-2,-2,-2,-2,-2,-2,-2,-2,-2,-2,-2,-2,-2,-2,-2,-2,-2,-2,-2,-2,-2,-2,-2,-2,-2,-2,-2,-2,-2,-2,-2,-2,-2,-2,-2,-2,-2,-2,-2,-2,-2,-2,-2,-2,-2,-2,-2,-2,-2,-2ECU,0.592531765,0.575206275,-2,0.520381028,0.651274138,0.528768504,-2,-2,-2,-2,-2,-2,-2,-2,-2,0.634112941,-2,0.631142857,0.608867227,0.676564017,0.578208295,0.644593443,0.661805668,0.624130159,0.67139685,-2,-2,-2,0.592615261,0.620252549,0.682609442,0.65648996,0.647973333,0.636609449,0.652941365,0.476587402,-2,0.523229804,0.464323137,0.48615743,0.42694958,-2,-2,-2,0.499740984,-2,0.393111837,-2,0.332649412,0.606392157,0.316902954,-2,-2,0.561345882,-2,-2,0.339579608,-2,-2,-2,0.391158893,-2,-2,0.564522222,0.539977778,0.33611451,-2,0.329184314,0.33611451,-2,-2,-2,0.333959055,0.332649412,-2,-2,-2,0.38809098,0.509369412,0.544020392,0.537090196,0.589066667,-2,-2,-2,-2,-2,0.336609524,0.456692135,0.4418,-2,0.479980247,0.473357143,0.338021477,0.467045714,0.587893227,-2,0.39972381,0.406252874,0.454794118,0.430755,0.46389,0.452074419,0.481071111,0.490888889,0.424807692,-2,-2,-2,-2,-2,0.467788235,-2,0.494395238,-2,-2,-2,-2,-2,-2,0.420307027,-2,-2,-2,-2,0.452074419,-2,-2,-2,0.365896035,-2,0.490093927,0.450600797,0.43461626,-2,0.6467952,0.59721581,0.450462745,0.384625882,0.385158974,0.55272,0.518378667,0.524413008,0.409733871,0.389928745,-2,-2,-2,-2,-2,0.393097638,-2,-2,-2,-2,-2,-2,-2,0.573992126,-2,-2,-2,0.410491339,-2,0.601822047,-2,0.485113725,0.450462745,-2,0.46335122,0.647045669,0.497901587,0.581703333,-2,0.534367619,-2,-2,0.650128455,0.429672157,-2,0.495933597,-2,0.546162205,-2,-2,-2,-2,-2,-2,-2,-2,-2,-2,-2PER,0.692551351,0.610673359,-2,0.436642802,0.630603419,0.587920623,-2,-2,-2,-2,-2,-2,-2,-2,-2,0.494679537,-2,0.6609328,0.704006504,0.664556303,0.743027273,0.6609328,0.638155556,0.715784496,0.544544186,-2,-2,0.592615261,-2,0.692551351,0.608867227,0.688020553,0.678905019,0.665298824,0.66791811,0.599341085,-2,0.614084942,0.549264865,0.595996863,0.558639669,-2,-2,-2,0.602130645,-2,0.489706024,-2,0.231987645,0.620908108,0.22921841,-2,-2,0.66867027,-2,-2,0.228576062,-2,-2,-2,0.275050584,-2,-2,0.607475,0.502256842,0.228576062,-2,0.235399228,0.228576062,-2,-2,-2,0.226037209,0.232886822,-2,-2,-2,0.375274131,0.53220695,0.579969112,0.597027027,0.611723077,-2,-2,-2,-2,-2,0.182813793,0.446550538,0.503316456,-2,0.472623256,0.506332584,0.183605195,0.375227397,0.53016,-2,0.319423474,0.376,0.478616667,0.35344,0.426207059,0.417525275,0.465052632,0.459472,0.536471429,-2,-2,-2,-2,-2,0.35344,-2,0.403832813,-2,-2,-2,-2,-2,-2,0.581191444,-2,-2,-2,-2,0.495204396,-2,-2,-2,0.260107359,-2,0.397796016,0.349974902,0.300424,-2,0.551813439,0.653245136,0.35139305,0.286572973,0.305861538,0.430755,0.407224348,0.583176,0.30855873,0.29686166,-2,-2,-2,-2,-2,0.308232558,-2,-2,-2,-2,-2,-2,-2,0.619889922,-2,-2,-2,0.352755039,-2,0.565093023,-2,0.392332046,0.388920463,-2,0.35344,0.674686822,0.412346667,0.563613169,-2,0.501951174,-2,-2,0.668860558,0.341158301,-2,0.574168093,-2,0.616465116,-2,-2,-2,-2,-2,-2,-2,-2,-2,-2,-2BRA,0.693084015,0.617534572,-2,0.476548315,0.638568067,0.605613483,-2,-2,-2,-2,-2,-2,-2,-2,-2,0.535415613,-2,0.609615504,0.694257143,0.6403417,0.721144395,0.650713178,0.628715385,0.710866165,0.563789552,-2,-2,0.620252549,0.692551351,-2,0.66542716,0.682018251,0.693084015,0.679434848,0.645061597,0.606650746,-2,0.624104089,0.584686989,0.614824335,0.532965079,-2,-2,-2,0.58564186,-2,0.495091051,-2,0.266065428,0.584686989,0.255498795,-2,-2,0.66352119,-2,-2,0.269350186,-2,-2,-2,0.31108015,-2,-2,0.601246617,0.467788235,0.272634944,-2,0.262780669,0.272634944,-2,-2,-2,0.270355224,0.263761194,-2,-2,-2,0.371177695,0.528846097,0.584686989,0.594541264,0.591358755,-2,-2,-2,-2,-2,0.235,0.450636,0.452074419,-2,0.513058065,0.506229167,0.252457143,0.364485,0.536828679,-2,0.316986547,0.348084848,0.453128205,0.35536087,0.4418,0.405734694,0.42447451,0.43102439,0.478013115,-2,-2,-2,-2,-2,0.364371134,-2,0.435156391,-2,-2,-2,-2,-2,-2,0.529262944,-2,-2,-2,-2,0.477865306,-2,-2,-2,0.296977593,-2,0.423180077,0.35677434,0.329650769,-2,0.557709506,0.618850936,0.371177695,0.298913011,0.342395,0.427548387,0.42694958,0.598129231,0.317016794,0.304689655,-2,-2,-2,-2,-2,0.303325373,-2,-2,-2,-2,-2,-2,-2,0.633026866,-2,-2,-2,0.369265672,-2,0.596759701,-2,0.420449071,0.404025279,-2,0.377229231,0.689076119,0.400120755,0.527366008,-2,0.503216143,-2,-2,0.676293846,0.351469145,-2,0.58244794,-2,0.629729851,-2,-2,-2,-2,-2,-2,-2,-2,-2,-2,-2BOL,0.607247737,0.570885597,-2,0.425301245,0.655574194,0.538959336,-2,-2,-2,-2,-2,-2,-2,-2,-2,0.574521811,-2,0.69639661,0.663664629,0.656835398,0.623963981,0.702348718,0.634855462,0.631664463,0.589066667,-2,-2,0.682609442,0.608867227,0.66542716,-2,0.648718987,0.661790947,0.661775732,0.669169874,0.533080992,-2,0.516342387,0.479980247,0.500706667,0.437890265,-2,-2,-2,0.506546552,-2,0.376,-2,0.290897119,0.567249383,0.269438565,-2,-2,0.530887243,-2,-2,0.294533333,-2,-2,-2,0.351973444,-2,-2,0.61852,0.465552688,0.294533333,-2,0.287260905,0.294533333,-2,-2,-2,0.292099174,0.290897119,-2,-2,-2,0.381802469,0.523614815,0.541795885,0.549068313,0.549879828,-2,-2,-2,-2,-2,0.267134884,0.427235165,0.458577215,-2,0.462838095,0.502045455,0.262691892,0.411539726,0.553624896,-2,0.340881218,0.393778261,0.479668571,0.378685714,0.431280952,0.417525275,0.437049462,0.447852055,0.473357143,-2,-2,-2,-2,-2,0.361472727,-2,0.504388333,-2,-2,-2,-2,-2,-2,0.444268156,-2,-2,-2,-2,0.451617778,-2,-2,-2,0.342949772,-2,0.449288136,0.428860251,0.391468354,-2,0.586591597,0.568290456,0.425437037,0.374530041,0.487112821,0.49529148,0.509611163,0.48128,0.393127119,0.388192469,-2,-2,-2,-2,-2,0.383380165,-2,-2,-2,-2,-2,-2,-2,0.562290909,-2,-2,-2,0.416241322,-2,0.565942149,-2,0.458162963,0.450890535,-2,0.430662185,0.671828099,0.449163333,0.542561404,-2,0.524777665,-2,-2,0.672140171,0.414528395,-2,0.520627386,-2,0.558639669,-2,-2,-2,-2,-2,-2,-2,-2,-2,-2,-2PRY,0.688737643,0.601385551,-2,0.463805364,0.686401717,0.55182682,-2,-2,-2,-2,-2,-2,-2,-2,-2,0.534191635,-2,0.698498024,0.711888259,0.717019672,0.739010909,0.722945455,0.674875591,0.737466154,0.583445802,-2,-2,0.65648996,0.688020553,0.682018251,0.648718987,-2,0.742492776,0.750032558,0.684188327,0.600308397,-2,0.604745247,0.537551331,0.582217054,0.502861789,-2,-2,-2,0.564522222,-2,0.473357143,-2,0.262056274,0.571148289,0.253491803,-2,-2,0.63498251,-2,-2,0.255336882,-2,-2,-2,0.311460536,-2,-2,0.628715385,0.517664646,0.251977186,-2,0.262056274,0.251977186,-2,-2,-2,0.249566412,0.259683969,-2,-2,-2,0.383005323,0.520752852,0.571148289,0.591306464,0.58085259,-2,-2,-2,-2,-2,0.211295652,0.510119588,0.525952381,-2,0.53016,0.551062366,0.213864968,0.424587013,0.549264865,-2,0.330845662,0.395779167,0.506597333,0.337555056,0.490888889,0.483654737,0.490888889,0.492131646,0.62900339,-2,-2,-2,-2,-2,0.3666,-2,0.438401538,-2,-2,-2,-2,-2,-2,0.512762694,-2,-2,-2,-2,0.55225,-2,-2,-2,0.25944,-2,0.412346667,0.344569884,0.313086614,-2,0.567291829,0.694015326,0.356127757,0.305732319,0.328517949,0.429073251,0.426565517,0.591385827,0.314092188,0.311858824,-2,-2,-2,-2,-2,0.33050687,-2,-2,-2,-2,-2,-2,-2,0.674503817,-2,-2,-2,0.36760458,-2,0.607053435,-2,0.40988289,0.40988289,-2,0.365267717,0.714974046,0.414612308,0.62455261,-2,0.544684932,-2,-2,0.727670588,0.352768061,-2,0.602608429,-2,0.630661069,-2,-2,-2,-2,-2,-2,-2,-2,-2,-2,-2CHL,0.676660223,0.617534572,-2,0.466620225,0.627430252,0.595685393,-2,-2,-2,-2,-2,-2,-2,-2,-2,0.532130855,-2,0.660987597,0.736333333,0.694001619,0.744918386,0.719209302,0.6627,0.734118797,0.583571642,-2,-2,0.647973333,0.678905019,0.693084015,0.661790947,0.742492776,-2,0.722945455,0.651780989,0.616541791,-2,0.617534572,0.548554647,0.581227376,0.518939683,-2,-2,-2,0.571942636,-2,0.474462257,-2,0.262780669,0.574832714,0.251950201,-2,-2,0.656951673,-2,-2,0.266065428,-2,-2,-2,0.314389513,-2,-2,0.587959398,0.467788235,0.259495911,-2,0.259495911,0.259495911,-2,-2,-2,0.257167164,0.263761194,-2,-2,-2,0.387601487,0.538700372,0.584686989,0.601110781,0.594796887,-2,-2,-2,-2,-2,0.2538,0.477144,0.4418,-2,0.475053763,0.487820833,0.246968944,0.41971,0.53016,-2,0.316986547,0.357010101,0.475784615,0.326547826,0.489821739,0.41475102,0.45912549,0.4418,0.506983607,-2,-2,-2,-2,-2,0.364371134,-2,0.445121805,-2,-2,-2,-2,-2,-2,0.520292386,-2,-2,-2,-2,0.450816327,-2,-2,-2,0.293311203,-2,0.413023755,0.376780377,0.343244615,-2,0.550990114,0.642016479,0.374462454,0.335045353,0.33135,0.4418,0.46407563,0.560746154,0.357487023,0.338544061,-2,-2,-2,-2,-2,0.339592537,-2,-2,-2,-2,-2,-2,-2,0.67588806,-2,-2,-2,0.359374627,-2,0.590165672,-2,0.387601487,0.404025279,-2,0.380627692,0.679185075,0.400120755,0.565783399,-2,0.515103139,-2,-2,0.669496923,0.358038662,-2,0.61223221,-2,0.639620896,-2,-2,-2,-2,-2,-2,-2,-2,-2,-2,-2ARG,0.672740909,0.625883333,-2,0.475525191,0.644990717,0.556465649,-2,-2,-2,-2,-2,-2,-2,-2,-2,0.562290909,-2,0.653095652,0.704733603,0.696822764,0.720412613,0.729930435,0.686089412,0.707557088,0.614824335,-2,-2,0.636609449,0.665298824,0.679434848,0.661775732,0.750032558,0.722945455,-2,0.671262016,0.584587072,-2,0.612495455,0.562290909,0.595916279,0.547331174,-2,-2,-2,0.611185771,-2,0.469850794,-2,0.277798485,0.575678788,0.270489796,-2,-2,0.639271212,-2,-2,0.274451515,-2,-2,-2,0.317016794,-2,-2,0.636462835,0.473682474,0.274451515,-2,0.281145455,0.274451515,-2,-2,-2,0.272135361,0.278854753,-2,-2,-2,0.404983333,0.55559697,0.589066667,0.622536364,0.610104762,-2,-2,-2,-2,-2,0.218417978,0.432595833,0.501797531,-2,0.542209091,0.514624176,0.254884615,0.412346667,0.543753846,-2,0.312097248,0.3384,0.484164384,0.314845977,0.507816092,0.456051613,0.473682474,0.504914286,0.599585714,-2,-2,-2,-2,-2,0.364965217,-2,0.44349272,-2,-2,-2,-2,-2,-2,0.520035417,-2,-2,-2,-2,0.503556989,-2,-2,-2,0.295781356,-2,0.417639063,0.350041538,0.329184314,-2,0.558243411,0.708229008,0.361472727,0.314615152,0.276125,0.436345679,0.432319313,0.544020392,0.312870039,0.307189063,-2,-2,-2,-2,-2,0.342688973,-2,-2,-2,-2,-2,-2,-2,0.671939163,-2,-2,-2,0.352768061,-2,0.614824335,-2,0.398289394,0.398289394,-2,0.37076549,0.708895817,0.39762,0.56293871,-2,0.530970642,-2,-2,0.711021875,0.361472727,-2,0.587946768,-2,0.652659091,-2,-2,-2,-2,-2,-2,-2,-2,-2,-2,-2URY,0.661860076,0.581227376,-2,0.44010728,0.690193991,0.507816092,-2,-2,-2,-2,-2,-2,-2,-2,-2,0.524112548,-2,0.688790551,0.665382996,0.676335802,0.650650909,0.67139685,0.609857255,0.646619157,0.591306464,-2,-2,0.652941365,0.66791811,0.645061597,0.669169874,0.684188327,0.651780989,0.671262016,-2,0.55309313,-2,0.577867681,0.547630418,0.567543077,0.495678049,-2,-2,-2,0.536471429,-2,0.424268254,-2,0.285574144,0.561069202,0.269079835,-2,-2,0.611464639,-2,-2,0.28893384,-2,-2,-2,0.321616858,-2,-2,0.632113846,0.537447423,0.28893384,-2,0.282214449,0.28893384,-2,-2,-2,0.283291603,0.279919084,-2,-2,-2,0.362847148,0.477076806,0.557709506,0.557709506,0.577470866,-2,-2,-2,-2,-2,0.198561798,0.432595833,0.498974118,-2,0.461881818,0.456364835,0.216624516,0.34425974,0.523363077,-2,0.333894931,0.306934737,0.471253333,0.335158621,0.416979775,0.390644211,0.446354639,0.385158974,0.480554386,-2,-2,-2,-2,-2,0.336152174,-2,0.431604615,-2,-2,-2,-2,-2,-2,0.499627225,-2,-2,-2,-2,0.437049462,-2,-2,-2,0.29704,-2,0.422741961,0.377229231,0.344395276,-2,0.591358755,0.629691954,0.379645627,0.302372624,0.39762,0.463707438,0.443664135,0.549640945,0.325356589,0.3037375,-2,-2,-2,-2,-2,0.317016794,-2,-2,-2,-2,-2,-2,-2,0.600308397,-2,-2,-2,0.370977099,-2,0.583445802,-2,0.413242586,0.403163498,-2,0.407012598,0.66101374,0.423036293,0.57237247,-2,0.504914286,-2,-2,0.66096063,0.346048669,-2,0.575524904,-2,0.569955725,-2,-2,-2,-2,-2,-2,-2,-2,-2,-2,-2GBR,0.708858209,0.65610597,-2,0.325536842,0.514501266,0.617855639,-2,-2,-2,-2,-2,-2,-2,-2,-2,0.356077612,-2,0.526034241,0.633657371,0.560331707,0.704491892,0.5535393,0.518560618,0.643527547,0.410361049,-2,-2,0.476587402,0.599341085,0.606650746,0.533080992,0.600308397,0.616541791,0.584587072,0.55309313,-2,-2,0.728640299,0.735234328,0.741954198,0.683738095,-2,-2,