1956,USA,CAN,BHS,CUB,HTI,DOM,JAM,TTO,BRB,DMA,GRD,LCA,VCT,ATG,KNA,MEX,BLZ,GTM,HND,SLV,NIC,CRI,PAN,COL,VEN,GUY,SUR,ECU,PER,BRA,BOL,PRY,CHL,ARG,URY,GBR,IRL,NLD,BEL,LUX,FRA,MCO,LIE,CHE,ESP,AND,PRT,DEU,POL,AUT,HUN,CZE,SVK,ITA,SMR,MLT,ALB,MNE,MKD,HRV,SRB,BIH,SVN,GRC,CYP,BGR,MDA,ROU,RUS,EST,LVA,LTU,UKR,BLR,ARM,GEO,AZE,FIN,SWE,NOR,DNK,ISL,CPV,STP,GNB,GNQ,GMB,MLI,SEN,BEN,MRT,NER,CIV,GIN,BFA,LBR,SLE,GHA,TGO,CMR,NGA,GAB,CAF,TCD,COG,COD,UGA,KEN,TZA,BDI,RWA,SOM,DJI,ETH,ERI,AGO,MOZ,ZMB,ZWE,MWI,ZAF,NAM,LSO,BWA,SWZ,MDG,COM,MUS,SYC,MAR,DZA,TUN,LBY,SDN,SSD,IRN,TUR,IRQ,EGY,SYR,LBN,JOR,ISR,SAU,YEM,KWT,BHR,QAT,ARE,OMN,AFG,TKM,TJK,KGZ,UZB,KAZ,CHN,MNG,TWN,PRK,KOR,JPN,IND,BTN,PAK,BGD,MMR,LKA,MDV,NPL,THA,KHM,LAO,VNM,MYS,SGP,BRN,PHL,IDN,TLS,AUS,PNG,NZL,VUT,SLB,KIR,TUV,FJI,TON,NRU,MHL,PLW,FSM,WSMUSA,-2,0.751301115,-2,0.425992509,0.659579832,0.598501873,-2,-2,-2,-2,-2,-2,-2,-2,-2,0.503197026,-2,0.648527132,0.742301587,0.673603239,0.775605381,0.692248062,0.650769231,0.759774436,0.557686567,-2,-2,0.630352941,0.736756757,0.73732342,0.64600823,0.73269962,0.719851301,0.715681818,0.704106464,0.754104478,0.594052045,0.73732342,0.695390335,0.729125475,0.634126984,-2,-2,-2,0.688604651,-2,0.559610895,-2,0.223643123,0.660446097,0.207630522,-2,-2,0.761784387,-2,-2,0.227137546,-2,-2,-2,0.264044944,-2,-2,0.660827068,0.479215686,0.23063197,-2,0.220148699,0.23063197,-2,-2,-2,0.227985075,0.224477612,-2,-2,-2,0.440297398,0.601040892,0.670929368,0.681412639,0.647392996,-2,-2,-2,-2,-2,0.19,0.47,0.51372093,-2,0.535698925,0.518958333,0.16931677,0.38775,0.55690566,-2,0.307713004,0.275353535,0.482051282,0.337173913,0.480217391,0.41244898,0.460784314,0.481463415,0.570163934,-2,-2,-2,-2,-2,0.348865979,-2,0.416992481,-2,-2,-2,-2,-2,-2,0.615532995,-2,-2,-2,-2,0.489183673,-2,-2,-2,0.249626556,-2,0.396168582,0.326339623,0.285615385,-2,0.564714829,0.756928839,0.335464684,0.265576208,0.31725,0.413145161,0.402857143,0.618230769,0.279847328,0.259310345,-2,-2,-2,-2,-2,0.277089552,-2,-2,-2,-2,-2,-2,-2,0.705,-2,-2,0.748879668,0.347238806,-2,0.617313433,-2,0.391375465,0.384386617,-2,0.343461538,0.722537313,0.37954717,0.572173913,-2,0.52690583,-2,-2,0.708615385,0.321486989,-2,0.725243446,-2,0.75761194,-2,-2,-2,-2,-2,-2,-2,-2,-2,-2,-2CAN,0.751301115,-2,-2,0.4682397,0.576638655,0.577378277,-2,-2,-2,-2,-2,-2,-2,-2,-2,0.482230483,-2,0.582945736,0.652777778,0.601295547,0.725022422,0.619379845,0.614615385,0.706766917,0.589253731,-2,-2,0.611921569,0.64965251,0.656951673,0.607325103,0.639771863,0.656951673,0.665833333,0.618326996,0.697985075,0.615018587,0.730334572,0.63598513,0.689809886,0.578174603,-2,-2,-2,0.615736434,-2,0.544980545,-2,0.234126394,0.656951673,0.215180723,-2,-2,0.73732342,-2,-2,0.237620818,-2,-2,-2,0.292209738,-2,-2,0.597218045,0.497647059,0.234126394,-2,0.23063197,0.234126394,-2,-2,-2,0.231492537,0.235,-2,-2,-2,0.489219331,0.632490706,0.712862454,0.684907063,0.698599222,-2,-2,-2,-2,-2,0.2,0.4606,0.502790698,-2,0.495268817,0.489583333,0.227701863,0.43475,0.574641509,-2,0.316143498,0.360808081,0.397692308,0.38826087,0.439347826,0.47,0.442352941,0.424146341,0.554754098,-2,-2,-2,-2,-2,0.436082474,-2,0.43112782,-2,-2,-2,-2,-2,-2,0.553502538,-2,-2,-2,-2,0.460408163,-2,-2,-2,0.276929461,-2,0.432183908,0.351169811,0.332615385,-2,0.614752852,0.697078652,0.345947955,0.27605948,0.27025,0.48516129,0.46210084,0.578461538,0.287022901,0.26651341,-2,-2,-2,-2,-2,0.270074627,-2,-2,-2,-2,-2,-2,-2,0.641865672,-2,-2,0.682572614,0.343731343,-2,0.65238806,-2,0.394869888,0.387881041,-2,0.357923077,0.648880597,0.37954717,0.535019763,-2,0.53955157,-2,-2,0.639923077,0.314498141,-2,0.693558052,-2,0.79619403,-2,-2,-2,-2,-2,-2,-2,-2,-2,-2,-2BHS,-2,-2,-2,-2,-2,-2,-2,-2,-2,-2,-2,-2,-2,-2,-2,-2,-2,-2,-2,-2,-2,-2,-2,-2,-2,-2,-2,-2,-2,-2,-2,-2,-2,-2,-2,-2,-2,-2,-2,-2,-2,-2,-2,-2,-2,-2,-2,-2,-2,-2,-2,-2,-2,-2,-2,-2,-2,-2,-2,-2,-2,-2,-2,-2,-2,-2,-2,-2,-2,-2,-2,-2,-2,-2,-2,-2,-2,-2,-2,-2,-2,-2,-2,-2,-2,-2,-2,-2,-2,-2,-2,-2,-2,-2,-2,-2,-2,-2,-2,-2,-2,-2,-2,-2,-2,-2,-2,-2,-2,-2,-2,-2,-2,-2,-2,-2,-2,-2,-2,-2,-2,-2,-2,-2,-2,-2,-2,-2,-2,-2,-2,-2,-2,-2,-2,-2,-2,-2,-2,-2,-2,-2,-2,-2,-2,-2,-2,-2,-2,-2,-2,-2,-2,-2,-2,-2,-2,-2,-2,-2,-2,-2,-2,-2,-2,-2,-2,-2,-2,-2,-2,-2,-2,-2,-2,-2,-2,-2,-2,-2,-2,-2,-2,-2,-2,-2,-2,-2,-2,-2,-2,-2,-2,-2CUB,0.425992509,0.4682397,-2,-2,0.533728814,0.415018868,-2,-2,-2,-2,-2,-2,-2,-2,-2,0.587940075,-2,0.436953125,0.47752,0.491102041,0.47638009,0.499375,0.521007752,0.491363636,0.625488722,-2,-2,0.553596838,0.464513619,0.506966292,0.452448133,0.493409962,0.496404494,0.505877863,0.468199234,0.346315789,0.556254682,0.390786517,0.390786517,0.399770115,0.37976,-2,-2,-2,0.35984375,-2,0.353882353,-2,0.570337079,0.464719101,0.593684211,-2,-2,0.440074906,-2,-2,0.56329588,-2,-2,-2,0.56045283,-2,-2,0.416590909,0.39627451,0.56329588,-2,0.573857678,0.56329588,-2,-2,-2,0.565413534,0.572481203,-2,-2,-2,0.401348315,0.496404494,0.4717603,0.482322097,0.519764706,-2,-2,-2,-2,-2,0.76,0.423,0.360697674,-2,0.424516129,0.381875,0.747329193,0.36425,0.564714829,-2,0.595475113,0.56020202,0.349487179,0.613043478,0.306521739,0.364489796,0.442352941,0.401219512,0.323606557,-2,-2,-2,-2,-2,0.523298969,-2,0.630227273,-2,-2,-2,-2,-2,-2,0.326122449,-2,-2,-2,-2,0.383673469,-2,-2,-2,0.612365145,-2,0.577065637,0.576818182,0.542868217,-2,0.511417625,0.489509434,0.640749064,0.538651685,0.277179487,0.582267206,0.543375527,0.47,0.531461538,0.533513514,-2,-2,-2,-2,-2,0.530075188,-2,-2,-2,-2,-2,-2,-2,0.512406015,-2,-2,0.471966527,0.551278195,-2,0.625488722,-2,0.531610487,0.577378277,-2,0.575658915,0.491203008,0.457490494,0.426932271,-2,0.582714932,-2,-2,0.55379845,0.535131086,-2,0.390188679,-2,0.448796992,-2,-2,-2,-2,-2,-2,-2,-2,-2,-2,-2HTI,0.659579832,0.576638655,-2,0.533728814,-2,0.563206751,-2,-2,-2,-2,-2,-2,-2,-2,-2,0.663529412,-2,0.755283843,0.702920354,0.750313901,0.652906404,0.748744589,0.680689655,0.674261603,0.666329114,-2,-2,0.692844828,0.670854701,0.679327731,0.697419355,0.730214592,0.667478992,0.686160338,0.734248927,0.547341772,0.584537815,0.568739496,0.556890756,0.590512821,0.531674208,-2,-2,-2,0.53887931,-2,0.418220339,-2,0.367310924,0.592436975,0.350363636,-2,-2,0.612184874,-2,-2,0.371260504,-2,-2,-2,0.406271186,-2,-2,0.717890295,0.614615385,0.371260504,-2,0.371260504,0.371260504,-2,-2,-2,0.368860759,0.375210084,-2,-2,-2,0.383109244,0.489747899,0.556890756,0.572689076,0.5869869,-2,-2,-2,-2,-2,0.264788732,0.488311688,0.500322581,-2,0.501333333,0.522222222,0.315671642,0.47,0.582478632,-2,0.373092784,0.373589744,0.541212121,0.463188406,0.523714286,0.495405405,0.506153846,0.490434783,0.64195122,-2,-2,-2,-2,-2,0.406486486,-2,0.516,-2,-2,-2,-2,-2,-2,0.508255814,-2,-2,-2,-2,0.544210526,-2,-2,-2,0.410181818,-2,0.531304348,0.488,0.429130435,-2,0.649237288,0.674261603,0.497647059,0.379159664,0.519473684,0.541981982,0.542816901,0.547652174,0.394718615,0.376810345,-2,-2,-2,-2,-2,0.372827004,-2,-2,-2,-2,-2,-2,-2,0.674261603,-2,-2,0.677156398,0.424388186,-2,0.666329114,-2,0.481848739,0.46210084,-2,0.498608696,0.749620253,0.450084746,0.621071429,-2,0.511398964,-2,-2,0.735652174,0.430504202,-2,0.583037975,-2,0.567172996,-2,-2,-2,-2,-2,-2,-2,-2,-2,-2,-2DOM,0.598501873,0.577378277,-2,0.415018868,0.563206751,-2,-2,-2,-2,-2,-2,-2,-2,-2,-2,0.447116105,-2,0.503046875,0.629163347,0.521795918,0.664774775,0.558125,0.539224806,0.608863636,0.494736842,-2,-2,0.562519685,0.625447471,0.644269663,0.573360996,0.587049808,0.633707865,0.591984733,0.540229885,0.657293233,0.408389513,0.65835206,0.616104869,0.64467433,0.59784,-2,-2,-2,0.6315625,-2,0.519764706,-2,0.154906367,0.528089888,0.140809717,-2,-2,0.647790262,-2,-2,0.154906367,-2,-2,-2,0.237660377,-2,-2,0.48780303,0.3666,0.158426966,-2,0.154906367,0.158426966,-2,-2,-2,0.155488722,0.159022556,-2,-2,-2,0.447116105,0.475280899,0.492883895,0.496404494,0.486588235,-2,-2,-2,-2,-2,0.183913043,0.393265306,0.290952381,-2,0.32021978,0.35,0.159622642,0.337435897,0.48608365,-2,0.250950226,0.339175258,0.408157895,0.355111111,0.351208791,0.362291667,0.329,0.3055,0.323606557,-2,-2,-2,-2,-2,0.376,-2,0.380984848,-2,-2,-2,-2,-2,-2,0.607384615,-2,-2,-2,-2,0.329484536,-2,-2,-2,0.19665272,-2,0.348416988,0.285931559,0.262325581,-2,0.489808429,0.56754717,0.295730337,0.249962547,0.235,0.393577236,0.402288136,0.506434109,0.263923077,0.254054054,-2,-2,-2,-2,-2,0.25443609,-2,-2,-2,-2,-2,-2,-2,0.583082707,-2,-2,0.542761506,0.303909774,-2,0.505338346,-2,0.352059925,0.320374532,-2,0.319382239,0.579548872,0.400304183,0.47936255,-2,0.387058824,-2,-2,0.582945736,0.295730337,-2,0.617207547,-2,0.597218045,-2,-2,-2,-2,-2,-2,-2,-2,-2,-2,-2JAM,-2,-2,-2,-2,-2,-2,-2,-2,-2,-2,-2,-2,-2,-2,-2,-2,-2,-2,-2,-2,-2,-2,-2,-2,-2,-2,-2,-2,-2,-2,-2,-2,-2,-2,-2,-2,-2,-2,-2,-2,-2,-2,-2,-2,-2,-2,-2,-2,-2,-2,-2,-2,-2,-2,-2,-2,-2,-2,-2,-2,-2,-2,-2,-2,-2,-2,-2,-2,-2,-2,-2,-2,-2,-2,-2,-2,-2,-2,-2,-2,-2,-2,-2,-2,-2,-2,-2,-2,-2,-2,-2,-2,-2,-2,-2,-2,-2,-2,-2,-2,-2,-2,-2,-2,-2,-2,-2,-2,-2,-2,-2,-2,-2,-2,-2,-2,-2,-2,-2,-2,-2,-2,-2,-2,-2,-2,-2,-2,-2,-2,-2,-2,-2,-2,-2,-2,-2,-2,-2,-2,-2,-2,-2,-2,-2,-2,-2,-2,-2,-2,-2,-2,-2,-2,-2,-2,-2,-2,-2,-2,-2,-2,-2,-2,-2,-2,-2,-2,-2,-2,-2,-2,-2,-2,-2,-2,-2,-2,-2,-2,-2,-2,-2,-2,-2,-2,-2,-2,-2,-2,-2,-2,-2,-2TTO,-2,-2,-2,-2,-2,-2,-2,-2,-2,-2,-2,-2,-2,-2,-2,-2,-2,-2,-2,-2,-2,-2,-2,-2,-2,-2,-2,-2,-2,-2,-2,-2,-2,-2,-2,-2,-2,-2,-2,-2,-2,-2,-2,-2,-2,-2,-2,-2,-2,-2,-2,-2,-2,-2,-2,-2,-2,-2,-2,-2,-2,-2,-2,-2,-2,-2,-2,-2,-2,-2,-2,-2,-2,-2,-2,-2,-2,-2,-2,-2,-2,-2,-2,-2,-2,-2,-2,-2,-2,-2,-2,-2,-2,-2,-2,-2,-2,-2,-2,-2,-2,-2,-2,-2,-2,-2,-2,-2,-2,-2,-2,-2,-2,-2,-2,-2,-2,-2,-2,-2,-2,-2,-2,-2,-2,-2,-2,-2,-2,-2,-2,-2,-2,-2,-2,-2,-2,-2,-2,-2,-2,-2,-2,-2,-2,-2,-2,-2,-2,-2,-2,-2,-2,-2,-2,-2,-2,-2,-2,-2,-2,-2,-2,-2,-2,-2,-2,-2,-2,-2,-2,-2,-2,-2,-2,-2,-2,-2,-2,-2,-2,-2,-2,-2,-2,-2,-2,-2,-2,-2,-2,-2,-2,-2BRB,-2,-2,-2,-2,-2,-2,-2,-2,-2,-2,-2,-2,-2,-2,-2,-2,-2,-2,-2,-2,-2,-2,-2,-2,-2,-2,-2,-2,-2,-2,-2,-2,-2,-2,-2,-2,-2,-2,-2,-2,-2,-2,-2,-2,-2,-2,-2,-2,-2,-2,-2,-2,-2,-2,-2,-2,-2,-2,-2,-2,-2,-2,-2,-2,-2,-2,-2,-2,-2,-2,-2,-2,-2,-2,-2,-2,-2,-2,-2,-2,-2,-2,-2,-2,-2,-2,-2,-2,-2,-2,-2,-2,-2,-2,-2,-2,-2,-2,-2,-2,-2,-2,-2,-2,-2,-2,-2,-2,-2,-2,-2,-2,-2,-2,-2,-2,-2,-2,-2,-2,-2,-2,-2,-2,-2,-2,-2,-2,-2,-2,-2,-2,-2,-2,-2,-2,-2,-2,-2,-2,-2,-2,-2,-2,-2,-2,-2,-2,-2,-2,-2,-2,-2,-2,-2,-2,-2,-2,-2,-2,-2,-2,-2,-2,-2,-2,-2,-2,-2,-2,-2,-2,-2,-2,-2,-2,-2,-2,-2,-2,-2,-2,-2,-2,-2,-2,-2,-2,-2,-2,-2,-2,-2,-2DMA,-2,-2,-2,-2,-2,-2,-2,-2,-2,-2,-2,-2,-2,-2,-2,-2,-2,-2,-2,-2,-2,-2,-2,-2,-2,-2,-2,-2,-2,-2,-2,-2,-2,-2,-2,-2,-2,-2,-2,-2,-2,-2,-2,-2,-2,-2,-2,-2,-2,-2,-2,-2,-2,-2,-2,-2,-2,-2,-2,-2,-2,-2,-2,-2,-2,-2,-2,-2,-2,-2,-2,-2,-2,-2,-2,-2,-2,-2,-2,-2,-2,-2,-2,-2,-2,-2,-2,-2,-2,-2,-2,-2,-2,-2,-2,-2,-2,-2,-2,-2,-2,-2,-2,-2,-2,-2,-2,-2,-2,-2,-2,-2,-2,-2,-2,-2,-2,-2,-2,-2,-2,-2,-2,-2,-2,-2,-2,-2,-2,-2,-2,-2,-2,-2,-2,-2,-2,-2,-2,-2,-2,-2,-2,-2,-2,-2,-2,-2,-2,-2,-2,-2,-2,-2,-2,-2,-2,-2,-2,-2,-2,-2,-2,-2,-2,-2,-2,-2,-2,-2,-2,-2,-2,-2,-2,-2,-2,-2,-2,-2,-2,-2,-2,-2,-2,-2,-2,-2,-2,-2,-2,-2,-2,-2GRD,-2,-2,-2,-2,-2,-2,-2,-2,-2,-2,-2,-2,-2,-2,-2,-2,-2,-2,-2,-2,-2,-2,-2,-2,-2,-2,-2,-2,-2,-2,-2,-2,-2,-2,-2,-2,-2,-2,-2,-2,-2,-2,-2,-2,-2,-2,-2,-2,-2,-2,-2,-2,-2,-2,-2,-2,-2,-2,-2,-2,-2,-2,-2,-2,-2,-2,-2,-2,-2,-2,-2,-2,-2,-2,-2,-2,-2,-2,-2,-2,-2,-2,-2,-2,-2,-2,-2,-2,-2,-2,-2,-2,-2,-2,-2,-2,-2,-2,-2,-2,-2,-2,-2,-2,-2,-2,-2,-2,-2,-2,-2,-2,-2,-2,-2,-2,-2,-2,-2,-2,-2,-2,-2,-2,-2,-2,-2,-2,-2,-2,-2,-2,-2,-2,-2,-2,-2,-2,-2,-2,-2,-2,-2,-2,-2,-2,-2,-2,-2,-2,-2,-2,-2,-2,-2,-2,-2,-2,-2,-2,-2,-2,-2,-2,-2,-2,-2,-2,-2,-2,-2,-2,-2,-2,-2,-2,-2,-2,-2,-2,-2,-2,-2,-2,-2,-2,-2,-2,-2,-2,-2,-2,-2,-2LCA,-2,-2,-2,-2,-2,-2,-2,-2,-2,-2,-2,-2,-2,-2,-2,-2,-2,-2,-2,-2,-2,-2,-2,-2,-2,-2,-2,-2,-2,-2,-2,-2,-2,-2,-2,-2,-2,-2,-2,-2,-2,-2,-2,-2,-2,-2,-2,-2,-2,-2,-2,-2,-2,-2,-2,-2,-2,-2,-2,-2,-2,-2,-2,-2,-2,-2,-2,-2,-2,-2,-2,-2,-2,-2,-2,-2,-2,-2,-2,-2,-2,-2,-2,-2,-2,-2,-2,-2,-2,-2,-2,-2,-2,-2,-2,-2,-2,-2,-2,-2,-2,-2,-2,-2,-2,-2,-2,-2,-2,-2,-2,-2,-2,-2,-2,-2,-2,-2,-2,-2,-2,-2,-2,-2,-2,-2,-2,-2,-2,-2,-2,-2,-2,-2,-2,-2,-2,-2,-2,-2,-2,-2,-2,-2,-2,-2,-2,-2,-2,-2,-2,-2,-2,-2,-2,-2,-2,-2,-2,-2,-2,-2,-2,-2,-2,-2,-2,-2,-2,-2,-2,-2,-2,-2,-2,-2,-2,-2,-2,-2,-2,-2,-2,-2,-2,-2,-2,-2,-2,-2,-2,-2,-2,-2VCT,-2,-2,-2,-2,-2,-2,-2,-2,-2,-2,-2,-2,-2,-2,-2,-2,-2,-2,-2,-2,-2,-2,-2,-2,-2,-2,-2,-2,-2,-2,-2,-2,-2,-2,-2,-2,-2,-2,-2,-2,-2,-2,-2,-2,-2,-2,-2,-2,-2,-2,-2,-2,-2,-2,-2,-2,-2,-2,-2,-2,-2,-2,-2,-2,-2,-2,-2,-2,-2,-2,-2,-2,-2,-2,-2,-2,-2,-2,-2,-2,-2,-2,-2,-2,-2,-2,-2,-2,-2,-2,-2,-2,-2,-2,-2,-2,-2,-2,-2,-2,-2,-2,-2,-2,-2,-2,-2,-2,-2,-2,-2,-2,-2,-2,-2,-2,-2,-2,-2,-2,-2,-2,-2,-2,-2,-2,-2,-2,-2,-2,-2,-2,-2,-2,-2,-2,-2,-2,-2,-2,-2,-2,-2,-2,-2,-2,-2,-2,-2,-2,-2,-2,-2,-2,-2,-2,-2,-2,-2,-2,-2,-2,-2,-2,-2,-2,-2,-2,-2,-2,-2,-2,-2,-2,-2,-2,-2,-2,-2,-2,-2,-2,-2,-2,-2,-2,-2,-2,-2,-2,-2,-2,-2,-2ATG,-2,-2,-2,-2,-2,-2,-2,-2,-2,-2,-2,-2,-2,-2,-2,-2,-2,-2,-2,-2,-2,-2,-2,-2,-2,-2,-2,-2,-2,-2,-2,-2,-2,-2,-2,-2,-2,-2,-2,-2,-2,-2,-2,-2,-2,-2,-2,-2,-2,-2,-2,-2,-2,-2,-2,-2,-2,-2,-2,-2,-2,-2,-2,-2,-2,-2,-2,-2,-2,-2,-2,-2,-2,-2,-2,-2,-2,-2,-2,-2,-2,-2,-2,-2,-2,-2,-2,-2,-2,-2,-2,-2,-2,-2,-2,-2,-2,-2,-2,-2,-2,-2,-2,-2,-2,-2,-2,-2,-2,-2,-2,-2,-2,-2,-2,-2,-2,-2,-2,-2,-2,-2,-2,-2,-2,-2,-2,-2,-2,-2,-2,-2,-2,-2,-2,-2,-2,-2,-2,-2,-2,-2,-2,-2,-2,-2,-2,-2,-2,-2,-2,-2,-2,-2,-2,-2,-2,-2,-2,-2,-2,-2,-2,-2,-2,-2,-2,-2,-2,-2,-2,-2,-2,-2,-2,-2,-2,-2,-2,-2,-2,-2,-2,-2,-2,-2,-2,-2,-2,-2,-2,-2,-2,-2KNA,-2,-2,-2,-2,-2,-2,-2,-2,-2,-2,-2,-2,-2,-2,-2,-2,-2,-2,-2,-2,-2,-2,-2,-2,-2,-2,-2,-2,-2,-2,-2,-2,-2,-2,-2,-2,-2,-2,-2,-2,-2,-2,-2,-2,-2,-2,-2,-2,-2,-2,-2,-2,-2,-2,-2,-2,-2,-2,-2,-2,-2,-2,-2,-2,-2,-2,-2,-2,-2,-2,-2,-2,-2,-2,-2,-2,-2,-2,-2,-2,-2,-2,-2,-2,-2,-2,-2,-2,-2,-2,-2,-2,-2,-2,-2,-2,-2,-2,-2,-2,-2,-2,-2,-2,-2,-2,-2,-2,-2,-2,-2,-2,-2,-2,-2,-2,-2,-2,-2,-2,-2,-2,-2,-2,-2,-2,-2,-2,-2,-2,-2,-2,-2,-2,-2,-2,-2,-2,-2,-2,-2,-2,-2,-2,-2,-2,-2,-2,-2,-2,-2,-2,-2,-2,-2,-2,-2,-2,-2,-2,-2,-2,-2,-2,-2,-2,-2,-2,-2,-2,-2,-2,-2,-2,-2,-2,-2,-2,-2,-2,-2,-2,-2,-2,-2,-2,-2,-2,-2,-2,-2,-2,-2,-2MEX,0.503197026,0.482230483,-2,0.587940075,0.663529412,0.447116105,-2,-2,-2,-2,-2,-2,-2,-2,-2,-2,-2,0.619379845,0.55952381,0.624129555,0.497399103,0.593875969,0.661615385,0.55481203,0.719029851,-2,-2,0.674588235,0.526254826,0.569591078,0.611193416,0.568288973,0.566096654,0.598181818,0.55756654,0.37880597,0.580074349,0.412342007,0.401858736,0.407452471,0.369285714,-2,-2,-2,0.440852713,-2,0.376731518,-2,0.461263941,0.597546468,0.449236948,-2,-2,0.450780669,-2,-2,0.454275093,-2,-2,-2,0.485842697,-2,-2,0.561879699,0.497647059,0.457769517,-2,0.454275093,0.457769517,-2,-2,-2,0.455970149,0.455970149,-2,-2,-2,0.43330855,0.527657993,0.489219331,0.492713755,0.56692607,-2,-2,-2,-2,-2,0.43,0.3666,0.393488372,-2,0.414408602,0.41125,0.490434783,0.423,0.613660377,-2,0.45103139,0.531717172,0.445897436,0.510869565,0.378043478,0.422040816,0.460784314,0.447073171,0.493114754,-2,-2,-2,-2,-2,0.562061856,-2,0.568947368,-2,-2,-2,-2,-2,-2,0.362639594,-2,-2,-2,-2,0.402857143,-2,-2,-2,0.499253112,-2,0.655478927,0.592377358,0.524230769,-2,0.593307985,0.528089888,0.566096654,0.468252788,0.50525,0.579919355,0.564789916,0.480846154,0.516641221,0.468199234,-2,-2,-2,-2,-2,0.484029851,-2,-2,-2,-2,-2,-2,-2,0.52261194,-2,-2,0.542157676,0.480522388,-2,0.603283582,-2,0.545130112,0.513680297,-2,0.574846154,0.575223881,0.542716981,0.523873518,-2,0.564843049,-2,-2,0.611,0.475241636,-2,0.415430712,-2,0.498059701,-2,-2,-2,-2,-2,-2,-2,-2,-2,-2,-2BLZ,-2,-2,-2,-2,-2,-2,-2,-2,-2,-2,-2,-2,-2,-2,-2,-2,-2,-2,-2,-2,-2,-2,-2,-2,-2,-2,-2,-2,-2,-2,-2,-2,-2,-2,-2,-2,-2,-2,-2,-2,-2,-2,-2,-2,-2,-2,-2,-2,-2,-2,-2,-2,-2,-2,-2,-2,-2,-2,-2,-2,-2,-2,-2,-2,-2,-2,-2,-2,-2,-2,-2,-2,-2,-2,-2,-2,-2,-2,-2,-2,-2,-2,-2,-2,-2,-2,-2,-2,-2,-2,-2,-2,-2,-2,-2,-2,-2,-2,-2,-2,-2,-2,-2,-2,-2,-2,-2,-2,-2,-2,-2,-2,-2,-2,-2,-2,-2,-2,-2,-2,-2,-2,-2,-2,-2,-2,-2,-2,-2,-2,-2,-2,-2,-2,-2,-2,-2,-2,-2,-2,-2,-2,-2,-2,-2,-2,-2,-2,-2,-2,-2,-2,-2,-2,-2,-2,-2,-2,-2,-2,-2,-2,-2,-2,-2,-2,-2,-2,-2,-2,-2,-2,-2,-2,-2,-2,-2,-2,-2,-2,-2,-2,-2,-2,-2,-2,-2,-2,-2,-2,-2,-2,-2,-2GTM,0.648527132,0.582945736,-2,0.436953125,0.755283843,0.503046875,-2,-2,-2,-2,-2,-2,-2,-2,-2,0.619379845,-2,-2,0.711659919,0.812345679,0.676972477,0.758795181,0.707808765,0.683968872,0.593875969,-2,-2,0.671428571,0.70312,0.648527132,0.740847458,0.743083004,0.703178295,0.694782609,0.732755906,0.559610895,0.561085271,0.579302326,0.521007752,0.556627451,0.50107438,-2,-2,-2,0.57152,-2,0.441686747,-2,0.327906977,0.593875969,0.308067227,-2,-2,0.630310078,-2,-2,0.327906977,-2,-2,-2,0.38921875,-2,-2,0.718823529,0.526813187,0.327906977,-2,0.324263566,0.327906977,-2,-2,-2,0.325525292,0.325525292,-2,-2,-2,0.34248062,0.499147287,0.564728682,0.542868217,0.612712551,-2,-2,-2,-2,-2,0.158554217,0.443595506,0.519473684,-2,0.492926829,0.552941176,0.231866667,0.406486486,0.562519685,-2,0.341415094,0.386444444,0.483823529,0.33654321,0.464197531,0.448636364,0.464835165,0.450140845,0.5875,-2,-2,-2,-2,-2,0.367356322,-2,0.505019608,-2,-2,-2,-2,-2,-2,0.539263158,-2,-2,-2,-2,0.529425287,-2,-2,-2,0.347391304,-2,0.48128,0.440393701,0.411485944,-2,0.663968254,0.664609375,0.440852713,0.389844961,0.55225,0.539409283,0.535391304,0.53768,0.393227092,0.387936508,-2,-2,-2,-2,-2,0.376731518,-2,-2,-2,-2,-2,-2,-2,0.644883721,-2,-2,0.674347826,0.405992218,-2,0.610817121,-2,0.455426357,0.433565891,-2,0.453012048,0.705914397,0.447795276,0.607325103,-2,0.527641509,-2,-2,0.721044177,0.411705426,-2,0.576484375,-2,0.559610895,-2,-2,-2,-2,-2,-2,-2,-2,-2,-2,-2HND,0.742301587,0.652777778,-2,0.47752,0.702920354,0.629163347,-2,-2,-2,-2,-2,-2,-2,-2,-2,0.55952381,-2,0.711659919,-2,0.722773109,0.812018779,0.787154472,0.668699187,0.767729084,0.614183267,-2,-2,0.647731092,0.748943089,0.738571429,0.706026201,0.757327935,0.783333333,0.749716599,0.707854251,0.674103586,0.544603175,0.686349206,0.622936508,0.663306452,0.6,-2,-2,-2,0.645772358,-2,0.537142857,-2,0.238730159,0.619206349,0.235,-2,-2,0.701269841,-2,-2,0.235,-2,-2,-2,0.284621514,-2,-2,0.6392,0.506153846,0.235,-2,0.242460317,0.235,-2,-2,-2,0.232191235,0.239681275,-2,-2,-2,0.395396825,0.537142857,0.622936508,0.641587302,0.618833333,-2,-2,-2,-2,-2,0.190238095,0.411910112,0.512727273,-2,0.537142857,0.535581395,0.203243243,0.393783784,0.530645161,-2,0.286086957,0.334222222,0.496857143,0.301728395,0.475662651,0.448636364,0.485494505,0.437808219,0.570714286,-2,-2,-2,-2,-2,0.360697674,-2,0.430361446,-2,-2,-2,-2,-2,-2,0.601397849,-2,-2,-2,-2,0.51752809,-2,-2,-2,0.270353982,-2,0.401219512,0.348709677,0.308196721,-2,0.557886179,0.68808,0.369285714,0.305873016,0.284473684,0.432635983,0.444821429,0.635655738,0.308259109,0.309512195,-2,-2,-2,-2,-2,0.333306773,-2,-2,-2,-2,-2,-2,-2,0.677848606,-2,-2,0.685155556,0.344541833,-2,0.614183267,-2,0.38047619,0.395396825,-2,0.373688525,0.722788845,0.409354839,0.5875,-2,0.531304348,-2,-2,0.728114754,0.343174603,-2,0.658,-2,0.666613546,-2,-2,-2,-2,-2,-2,-2,-2,-2,-2,-2SLV,0.673603239,0.601295547,-2,0.491102041,0.750313901,0.521795918,-2,-2,-2,-2,-2,-2,-2,-2,-2,0.624129555,-2,0.812345679,0.722773109,-2,0.70827907,0.750420168,0.732416667,0.716557377,0.635546559,-2,-2,0.719748954,0.70697479,0.681214575,0.698761062,0.762786885,0.738299595,0.741300813,0.719506173,0.596097561,0.563238866,0.620323887,0.55562753,0.58942623,0.543565217,-2,-2,-2,0.603166667,-2,0.475899582,-2,0.319676113,0.582267206,0.296842105,-2,-2,0.646963563,-2,-2,0.319676113,-2,-2,-2,0.368326531,-2,-2,0.740489796,0.47,0.315870445,-2,0.315870445,0.315870445,-2,-2,-2,0.313333333,0.312064777,-2,-2,-2,0.380566802,0.521376518,0.586072874,0.57465587,0.629322034,-2,-2,-2,-2,-2,0.168717949,0.430361446,0.489315068,-2,0.500519481,0.523544304,0.228285714,0.376,0.595720165,-2,0.346069652,0.348148148,0.432698413,0.292162162,0.445263158,0.414047619,0.492380952,0.404923077,0.58,-2,-2,-2,-2,-2,0.380759494,-2,0.496967213,-2,-2,-2,-2,-2,-2,0.506555556,-2,-2,-2,-2,0.527317073,-2,-2,-2,0.340271493,-2,0.499253112,0.43147541,0.3995,-2,0.649876543,0.691626016,0.430040486,0.350121457,0.45825,0.535391304,0.502488479,0.534895397,0.366639004,0.356416667,-2,-2,-2,-2,-2,0.36300813,-2,-2,-2,-2,-2,-2,-2,0.680162602,-2,-2,0.72109589,0.397398374,-2,0.64195122,-2,0.452874494,0.437651822,-2,0.460167364,0.722195122,0.431788618,0.642735043,-2,0.542487562,-2,-2,0.719748954,0.391983806,-2,0.617714286,-2,0.584634146,-2,-2,-2,-2,-2,-2,-2,-2,-2,-2,-2NIC,0.775605381,0.725022422,-2,0.47638009,0.652906404,0.664774775,-2,-2,-2,-2,-2,-2,-2,-2,-2,0.497399103,-2,0.676972477,0.812018779,0.70827907,-2,0.743255814,0.667096774,0.808738739,0.581704036,-2,-2,0.615115207,0.790454545,0.767174888,0.663791469,0.786181818,0.792466368,0.766396396,0.692181818,0.749459459,0.577488789,0.750313901,0.666008969,0.736756757,0.623696682,-2,-2,-2,0.682830189,-2,0.584205607,-2,0.210762332,0.606995516,0.197170732,-2,-2,0.771390135,-2,-2,0.210762332,-2,-2,-2,0.25520362,-2,-2,0.650769231,0.520963855,0.210762332,-2,0.214977578,0.210762332,-2,-2,-2,0.207477477,0.215945946,-2,-2,-2,0.383587444,0.585919283,0.644932735,0.661793722,0.648732394,-2,-2,-2,-2,-2,0.173157895,0.47,0.522222222,-2,0.551466667,0.559240506,0.171587302,0.376,0.55045045,-2,0.276777778,0.32097561,0.48516129,0.309041096,0.501333333,0.396385542,0.486987952,0.462539683,0.58,-2,-2,-2,-2,-2,0.321265823,-2,0.423,-2,-2,-2,-2,-2,-2,0.648074534,-2,-2,-2,-2,0.545432099,-2,-2,-2,0.236180905,-2,0.389861751,0.333272727,0.28156682,-2,0.57086758,0.732522523,0.333004484,0.261345291,0.268571429,0.43102439,0.436428571,0.636915888,0.284587156,0.275963303,-2,-2,-2,-2,-2,0.296396396,-2,-2,-2,-2,-2,-2,-2,0.729237668,-2,-2,0.710964467,0.334504505,-2,0.635135135,-2,0.366726457,0.375156951,-2,0.339086758,0.740990991,0.363181818,0.571981132,-2,0.517,-2,-2,0.742336449,0.316143498,-2,0.701809955,-2,0.753693694,-2,-2,-2,-2,-2,-2,-2,-2,-2,-2,-2CRI,0.692248062,0.619379845,-2,0.499375,0.748744589,0.558125,-2,-2,-2,-2,-2,-2,-2,-2,-2,0.593875969,-2,0.758795181,0.787154472,0.750420168,0.743255814,-2,0.715298805,0.724202335,0.625447471,-2,-2,0.685737705,0.70312,0.692248062,0.747179487,0.769090909,0.765116279,0.776521739,0.714251969,0.588871595,0.601162791,0.615736434,0.546511628,0.581023622,0.54768595,-2,-2,-2,0.581365462,-2,0.4512,-2,0.306046512,0.593875969,0.310711297,-2,-2,0.619379845,-2,-2,0.302403101,-2,-2,-2,0.348828125,-2,-2,0.689333333,0.524421053,0.29875969,-2,0.309689922,0.29875969,-2,-2,-2,0.296264591,0.307237354,-2,-2,-2,0.389844961,0.550155039,0.590232558,0.615736434,0.635546559,-2,-2,-2,-2,-2,0.213636364,0.46,0.545432099,-2,0.555454545,0.538651685,0.268571429,0.393783784,0.588425197,-2,0.370704225,0.38,0.538933333,0.342823529,0.502790698,0.475164835,0.494736842,0.506153846,0.570714286,-2,-2,-2,-2,-2,0.376,-2,0.499375,-2,-2,-2,-2,-2,-2,0.539263158,-2,-2,-2,-2,0.537142857,-2,-2,-2,0.328189655,-2,0.47752,0.414488189,0.388835341,-2,0.611746032,0.7196875,0.42627907,0.367984496,0.402857143,0.491631799,0.494521739,0.56248996,0.384206349,0.373015873,-2,-2,-2,-2,-2,0.395019455,-2,-2,-2,-2,-2,-2,-2,0.680311284,-2,-2,0.756086957,0.40233463,-2,0.640077821,-2,0.440852713,0.451782946,-2,0.426586345,0.779689922,0.436692913,0.598181818,-2,0.595774648,-2,-2,0.762570281,0.404418605,-2,0.591171875,-2,0.643735409,-2,-2,-2,-2,-2,-2,-2,-2,-2,-2,-2PAN,0.650769231,0.614615385,-2,0.521007752,0.680689655,0.539224806,-2,-2,-2,-2,-2,-2,-2,-2,-2,0.661615385,-2,0.707808765,0.668699187,0.732416667,0.667096774,0.715298805,-2,0.729498069,0.671428571,-2,-2,0.704048583,0.678888889,0.668846154,0.675378151,0.717952756,0.705,0.729882353,0.648784314,0.551660232,0.603769231,0.589307692,0.524230769,0.5728125,0.526090535,-2,-2,-2,0.57152,-2,0.45689243,-2,0.339846154,0.629076923,0.326280992,-2,-2,0.618230769,-2,-2,0.332615385,-2,-2,-2,0.375271318,-2,-2,0.652170543,0.460408163,0.325384615,-2,0.336230769,0.325384615,-2,-2,-2,0.323011583,0.332615385,-2,-2,-2,0.404923077,0.560384615,0.578461538,0.600153846,0.66064257,-2,-2,-2,-2,-2,0.229777778,0.47,0.492926829,-2,0.538651685,0.531304348,0.321419355,0.358684211,0.6021875,-2,0.398525346,0.416701031,0.476266667,0.320454545,0.534090909,0.49,0.47,0.518205128,0.589491525,-2,-2,-2,-2,-2,0.394193548,-2,0.526692607,-2,-2,-2,-2,-2,-2,0.492380952,-2,-2,-2,-2,0.52,-2,-2,-2,0.364655172,-2,0.538735178,0.44796875,0.415697211,-2,0.611921569,0.652170543,0.444692308,0.394076923,0.427272727,0.534356846,0.514568966,0.561752988,0.414488189,0.403385827,-2,-2,-2,-2,-2,0.394076923,-2,-2,-2,-2,-2,-2,-2,0.646023166,-2,-2,0.714077253,0.402857143,-2,0.638764479,-2,0.462769231,0.459153846,-2,0.47,0.70046332,0.471828794,0.567044534,-2,0.584792627,-2,-2,0.749003984,0.401307692,-2,0.564728682,-2,0.616988417,-2,-2,-2,-2,-2,-2,-2,-2,-2,-2,-2COL,0.759774436,0.706766917,-2,0.491363636,0.674261603,0.608863636,-2,-2,-2,-2,-2,-2,-2,-2,-2,0.55481203,-2,0.683968872,0.767729084,0.716557377,0.808738739,0.724202335,0.729498069,-2,0.588830189,-2,-2,0.663968254,0.761472868,0.756240602,0.671983471,0.784538462,0.780977444,0.752720307,0.68789272,0.684603774,0.593684211,0.696165414,0.621954887,0.674503817,0.604016064,-2,-2,-2,0.652470588,-2,0.547109375,-2,0.25443609,0.643157895,0.243562753,-2,-2,0.738571429,-2,-2,0.250902256,-2,-2,-2,0.320454545,-2,-2,0.646920152,0.47,0.247368421,-2,0.25443609,0.247368421,-2,-2,-2,0.244754717,0.251849057,-2,-2,-2,0.413458647,0.611353383,0.660827068,0.678496241,0.673543307,-2,-2,-2,-2,-2,0.214565217,0.49877551,0.55952381,-2,0.599120879,0.59,0.224654088,0.421794872,0.563282443,-2,0.3360181,0.37979798,0.512727273,0.302888889,0.543111111,0.479791667,0.5076,0.5405,0.631803279,-2,-2,-2,-2,-2,0.336421053,-2,0.45391635,-2,-2,-2,-2,-2,-2,0.581443299,-2,-2,-2,-2,0.567916667,-2,-2,-2,0.288319328,-2,0.429922481,0.358778626,0.329182879,-2,0.560384615,0.705,0.378120301,0.318045113,0.333164557,0.44122449,0.440253165,0.632762646,0.326640927,0.325384615,-2,-2,-2,-2,-2,0.336981132,-2,-2,-2,-2,-2,-2,-2,0.705886792,-2,-2,0.718823529,0.365358491,-2,0.645584906,-2,0.402857143,0.416992481,-2,0.376731518,0.741358491,0.409007634,0.5828,-2,0.527420814,-2,-2,0.73151751,0.353383459,-2,0.672954545,-2,0.727169811,-2,-2,-2,-2,-2,-2,-2,-2,-2,-2,-2VEN,0.557686567,0.589253731,-2,0.625488722,0.666329114,0.494736842,-2,-2,-2,-2,-2,-2,-2,-2,-2,0.719029851,-2,0.593875969,0.614183267,0.635546559,0.581704036,0.625447471,0.671428571,0.588830189,-2,-2,-2,0.714251969,0.579302326,0.599776119,0.626666667,0.620687023,0.620820896,0.654068441,0.62904943,0.436554307,0.585746269,0.466492537,0.452462687,0.482509506,0.44940239,-2,-2,-2,0.457198444,-2,0.370859375,-2,0.396343284,0.582238806,0.397983871,-2,-2,0.50858209,-2,-2,0.399850746,-2,-2,-2,0.42406015,-2,-2,0.546264151,0.604950495,0.392835821,-2,0.396343284,0.392835821,-2,-2,-2,0.387265918,0.397827715,-2,-2,-2,0.43141791,0.543656716,0.540149254,0.547164179,0.618132296,-2,-2,-2,-2,-2,0.394193548,0.427272727,0.42627907,-2,0.439347826,0.465052632,0.475875,0.41125,0.669393939,-2,0.461531532,0.52755102,0.378441558,0.537142857,0.423516484,0.47,0.456039604,0.40617284,0.438666667,-2,-2,-2,-2,-2,0.616875,-2,0.532075472,-2,-2,-2,-2,-2,-2,0.388469388,-2,-2,-2,-2,0.416701031,-2,-2,-2,0.462166667,-2,0.592923077,0.548333333,0.471814672,-2,0.631450382,0.586616541,0.536641791,0.424402985,0.329,0.605101215,0.604285714,0.504478764,0.464597701,0.430230769,-2,-2,-2,-2,-2,0.436554307,-2,-2,-2,-2,-2,-2,-2,0.598501873,-2,-2,0.595333333,0.454157303,-2,0.672434457,-2,0.515597015,0.491044776,-2,0.548030888,0.633707865,0.530530303,0.533412698,-2,0.605495495,-2,-2,0.660540541,0.448955224,-2,0.466466165,-2,0.556254682,-2,-2,-2,-2,-2,-2,-2,-2,-2,-2,-2GUY,-2,-2,-2,-2,-2,-2,-2,-2,-2,-2,-2,-2,-2,-2,-2,-2,-2,-2,-2,-2,-2,-2,-2,-2,-2,-2,-2,-2,-2,-2,-2,-2,-2,-2,-2,-2,-2,-2,-2,-2,-2,-2,-2,-2,-2,-2,-2,-2,-2,-2,-2,-2,-2,-2,-2,-2,-2,-2,-2,-2,-2,-2,-2,-2,-2,-2,-2,-2,-2,-2,-2,-2,-2,-2,-2,-2,-2,-2,-2,-2,-2,-2,-2,-2,-2,-2,-2,-2,-2,-2,-2,-2,-2,-2,-2,-2,-2,-2,-2,-2,-2,-2,-2,-2,-2,-2,-2,-2,-2,-2,-2,-2,-2,-2,-2,-2,-2,-2,-2,-2,-2,-2,-2,-2,-2,-2,-2,-2,-2,-2,-2,-2,-2,-2,-2,-2,-2,-2,-2,-2,-2,-2,-2,-2,-2,-2,-2,-2,-2,-2,-2,-2,-2,-2,-2,-2,-2,-2,-2,-2,-2,-2,-2,-2,-2,-2,-2,-2,-2,-2,-2,-2,-2,-2,-2,-2,-2,-2,-2,-2,-2,-2,-2,-2,-2,-2,-2,-2,-2,-2,-2,-2,-2,-2SUR,-2,-2,-2,-2,-2,-2,-2,-2,-2,-2,-2,-2,-2,-2,-2,-2,-2,-2,-2,-2,-2,-2,-2,-2,-2,-2,-2,-2,-2,-2,-2,-2,-2,-2,-2,-2,-2,-2,-2,-2,-2,-2,-2,-2,-2,-2,-2,-2,-2,-2,-2,-2,-2,-2,-2,-2,-2,-2,-2,-2,-2,-2,-2,-2,-2,-2,-2,-2,-2,-2,-2,-2,-2,-2,-2,-2,-2,-2,-2,-2,-2,-2,-2,-2,-2,-2,-2,-2,-2,-2,-2,-2,-2,-2,-2,-2,-2,-2,-2,-2,-2,-2,-2,-2,-2,-2,-2,-2,-2,-2,-2,-2,-2,-2,-2,-2,-2,-2,-2,-2,-2,-2,-2,-2,-2,-2,-2,-2,-2,-2,-2,-2,-2,-2,-2,-2,-2,-2,-2,-2,-2,-2,-2,-2,-2,-2,-2,-2,-2,-2,-2,-2,-2,-2,-2,-2,-2,-2,-2,-2,-2,-2,-2,-2,-2,-2,-2,-2,-2,-2,-2,-2,-2,-2,-2,-2,-2,-2,-2,-2,-2,-2,-2,-2,-2,-2,-2,-2,-2,-2,-2,-2,-2,-2ECU,0.630352941,0.611921569,-2,0.553596838,0.692844828,0.562519685,-2,-2,-2,-2,-2,-2,-2,-2,-2,0.674588235,-2,0.671428571,0.647731092,0.719748954,0.615115207,0.685737705,0.704048583,0.663968254,0.714251969,-2,-2,-2,0.630441767,0.659843137,0.726180258,0.698393574,0.689333333,0.677244094,0.694618474,0.507007874,0.567686275,0.556627451,0.493960784,0.517188755,0.454201681,-2,-2,-2,0.531639344,-2,0.418204082,-2,0.353882353,0.645098039,0.337130802,-2,-2,0.597176471,-2,-2,0.361254902,-2,-2,-2,0.416126482,-2,-2,0.600555556,0.574444444,0.357568627,-2,0.350196078,0.357568627,-2,-2,-2,0.355275591,0.353882353,-2,-2,-2,0.412862745,0.541882353,0.578745098,0.571372549,0.626666667,-2,-2,-2,-2,-2,0.358095238,0.485842697,0.47,-2,0.510617284,0.503571429,0.359597315,0.496857143,0.625418327,-2,0.425238095,0.432183908,0.483823529,0.45825,0.4935,0.480930233,0.511777778,0.522222222,0.451923077,-2,-2,-2,-2,-2,0.497647059,-2,0.525952381,-2,-2,-2,-2,-2,-2,0.447135135,-2,-2,-2,-2,0.480930233,-2,-2,-2,0.389251101,-2,0.521376518,0.47936255,0.462357724,-2,0.68808,0.635335968,0.479215686,0.409176471,0.40974359,0.588,0.551466667,0.557886179,0.435887097,0.414817814,-2,-2,-2,-2,-2,0.418188976,-2,-2,-2,-2,-2,-2,-2,0.610629921,-2,-2,0.658414097,0.436692913,-2,0.64023622,-2,0.516078431,0.479215686,-2,0.492926829,0.688346457,0.52968254,0.618833333,-2,0.56847619,-2,-2,0.691626016,0.457098039,-2,0.527588933,-2,0.581023622,-2,-2,-2,-2,-2,-2,-2,-2,-2,-2,-2PER,0.736756757,0.64965251,-2,0.464513619,0.670854701,0.625447471,-2,-2,-2,-2,-2,-2,-2,-2,-2,0.526254826,-2,0.70312,0.748943089,0.70697479,0.790454545,0.70312,0.678888889,0.761472868,0.579302326,-2,-2,0.630441767,-2,0.736756757,0.647731092,0.731936759,0.722239382,0.707764706,0.710551181,0.637596899,0.577065637,0.653281853,0.584324324,0.634039216,0.594297521,-2,-2,-2,0.640564516,-2,0.520963855,-2,0.246795367,0.660540541,0.243849372,-2,-2,0.711351351,-2,-2,0.243166023,-2,-2,-2,0.292607004,-2,-2,0.64625,0.534315789,0.243166023,-2,0.25042471,0.243166023,-2,-2,-2,0.240465116,0.247751938,-2,-2,-2,0.399227799,0.566177606,0.616988417,0.635135135,0.650769231,-2,-2,-2,-2,-2,0.194482759,0.475053763,0.535443038,-2,0.502790698,0.538651685,0.195324675,0.399178082,0.564,-2,0.339812207,0.4,0.509166667,0.376,0.453411765,0.444175824,0.494736842,0.4888,0.570714286,-2,-2,-2,-2,-2,0.376,-2,0.429609375,-2,-2,-2,-2,-2,-2,0.61828877,-2,-2,-2,-2,0.526813187,-2,-2,-2,0.276709957,-2,0.423187251,0.372313725,0.3196,-2,0.587035573,0.694941634,0.373822394,0.304864865,0.325384615,0.45825,0.433217391,0.6204,0.328253968,0.315810277,-2,-2,-2,-2,-2,0.327906977,-2,-2,-2,-2,-2,-2,-2,0.659457364,-2,-2,0.675497835,0.375271318,-2,0.601162791,-2,0.417374517,0.413745174,-2,0.376,0.717751938,0.438666667,0.599588477,-2,0.53399061,-2,-2,0.711553785,0.362934363,-2,0.610817121,-2,0.655813953,-2,-2,-2,-2,-2,-2,-2,-2,-2,-2,-2BRA,0.73732342,0.656951673,-2,0.506966292,0.679327731,0.644269663,-2,-2,-2,-2,-2,-2,-2,-2,-2,0.569591078,-2,0.648527132,0.738571429,0.681214575,0.767174888,0.692248062,0.668846154,0.756240602,0.599776119,-2,-2,0.659843137,0.736756757,-2,0.707901235,0.725551331,0.73732342,0.72280303,0.686235741,0.645373134,0.587063197,0.66394052,0.622007435,0.654068441,0.566984127,-2,-2,-2,0.623023256,-2,0.526692607,-2,0.283048327,0.622007435,0.271807229,-2,-2,0.705873606,-2,-2,0.286542751,-2,-2,-2,0.33093633,-2,-2,0.63962406,0.497647059,0.290037175,-2,0.279553903,0.290037175,-2,-2,-2,0.28761194,0.280597015,-2,-2,-2,0.394869888,0.56260223,0.622007435,0.632490706,0.629105058,-2,-2,-2,-2,-2,0.25,0.4794,0.480930233,-2,0.545806452,0.538541667,0.268571429,0.38775,0.57109434,-2,0.337219731,0.37030303,0.482051282,0.378043478,0.47,0.431632653,0.451568627,0.458536585,0.50852459,-2,-2,-2,-2,-2,0.387628866,-2,0.462932331,-2,-2,-2,-2,-2,-2,0.563045685,-2,-2,-2,-2,0.508367347,-2,-2,-2,0.31593361,-2,0.450191571,0.37954717,0.350692308,-2,0.593307985,0.65835206,0.394869888,0.317992565,0.36425,0.45483871,0.454201681,0.636307692,0.337251908,0.324137931,-2,-2,-2,-2,-2,0.322686567,-2,-2,-2,-2,-2,-2,-2,0.673432836,-2,-2,0.694273859,0.392835821,-2,0.634850746,-2,0.447286245,0.429814126,-2,0.401307692,0.733059701,0.425660377,0.561027668,-2,0.535336323,-2,-2,0.719461538,0.373903346,-2,0.619625468,-2,0.669925373,-2,-2,-2,-2,-2,-2,-2,-2,-2,-2,-2BOL,0.64600823,0.607325103,-2,0.452448133,0.697419355,0.573360996,-2,-2,-2,-2,-2,-2,-2,-2,-2,0.611193416,-2,0.740847458,0.706026201,0.698761062,0.663791469,0.747179487,0.675378151,0.671983471,0.626666667,-2,-2,0.726180258,0.647731092,0.707901235,-2,0.690126582,0.704032922,0.704016736,0.711882845,0.567107438,0.541563786,0.549300412,0.510617284,0.532666667,0.465840708,-2,-2,-2,0.53887931,-2,0.4,-2,0.309465021,0.60345679,0.286636771,-2,-2,0.564773663,-2,-2,0.313333333,-2,-2,-2,0.374439834,-2,-2,0.658,0.495268817,0.313333333,-2,0.305596708,0.313333333,-2,-2,-2,0.310743802,0.309465021,-2,-2,-2,0.40617284,0.557037037,0.576378601,0.584115226,0.584978541,-2,-2,-2,-2,-2,0.284186047,0.454505495,0.487848101,-2,0.492380952,0.534090909,0.279459459,0.437808219,0.588962656,-2,0.362639594,0.418913043,0.510285714,0.402857143,0.458809524,0.444175824,0.464946237,0.476438356,0.503571429,-2,-2,-2,-2,-2,0.384545455,-2,0.536583333,-2,-2,-2,-2,-2,-2,0.472625698,-2,-2,-2,-2,0.480444444,-2,-2,-2,0.364840183,-2,0.477966102,0.45623431,0.416455696,-2,0.624033613,0.604564315,0.452592593,0.398436214,0.518205128,0.52690583,0.542139535,0.512,0.418220339,0.412970711,-2,-2,-2,-2,-2,0.40785124,-2,-2,-2,-2,-2,-2,-2,0.598181818,-2,-2,0.677674419,0.442809917,-2,0.602066116,-2,0.487407407,0.479670782,-2,0.458151261,0.714710744,0.477833333,0.577192982,-2,0.558274112,-2,-2,0.715042735,0.440987654,-2,0.553858921,-2,0.594297521,-2,-2,-2,-2,-2,-2,-2,-2,-2,-2,-2PRY,0.73269962,0.639771863,-2,0.493409962,0.730214592,0.587049808,-2,-2,-2,-2,-2,-2,-2,-2,-2,0.568288973,-2,0.743083004,0.757327935,0.762786885,0.786181818,0.769090909,0.717952756,0.784538462,0.620687023,-2,-2,0.698393574,0.731936759,0.725551331,0.690126582,-2,0.789885932,0.797906977,0.727859922,0.638625954,0.564714829,0.643346008,0.571863118,0.619379845,0.53495935,-2,-2,-2,0.600555556,-2,0.503571429,-2,0.27878327,0.607604563,0.269672131,-2,-2,0.675513308,-2,-2,0.271634981,-2,-2,-2,0.331340996,-2,-2,0.668846154,0.550707071,0.268060837,-2,0.27878327,0.268060837,-2,-2,-2,0.265496183,0.276259542,-2,-2,-2,0.407452471,0.553992395,0.607604563,0.62904943,0.617928287,-2,-2,-2,-2,-2,0.224782609,0.542680412,0.55952381,-2,0.564,0.586236559,0.227515924,0.451688312,0.584324324,-2,0.35196347,0.421041667,0.538933333,0.359101124,0.522222222,0.514526316,0.522222222,0.523544304,0.669152542,-2,-2,-2,-2,-2,0.39,-2,0.466384615,-2,-2,-2,-2,-2,-2,0.545492228,-2,-2,-2,-2,0.5875,-2,-2,-2,0.276,-2,0.438666667,0.366563707,0.333070866,-2,0.603501946,0.738314176,0.378859316,0.325247148,0.349487179,0.456460905,0.453793103,0.629133858,0.334140625,0.331764706,-2,-2,-2,-2,-2,0.351603053,-2,-2,-2,-2,-2,-2,-2,0.717557252,-2,-2,0.725822785,0.391068702,-2,0.645801527,-2,0.436045627,0.436045627,-2,0.388582677,0.760610687,0.441076923,0.664417671,-2,0.579452055,-2,-2,0.774117647,0.375285171,-2,0.641072797,-2,0.670916031,-2,-2,-2,-2,-2,-2,-2,-2,-2,-2,-2CHL,0.719851301,0.656951673,-2,0.496404494,0.667478992,0.633707865,-2,-2,-2,-2,-2,-2,-2,-2,-2,0.566096654,-2,0.703178295,0.783333333,0.738299595,0.792466368,0.765116279,0.705,0.780977444,0.620820896,-2,-2,0.689333333,0.722239382,0.73732342,0.704032922,0.789885932,-2,0.769090909,0.69338403,0.655895522,0.573085502,0.656951673,0.583568773,0.618326996,0.552063492,-2,-2,-2,0.608449612,-2,0.504747082,-2,0.279553903,0.611524164,0.268032129,-2,-2,0.698884758,-2,-2,0.283048327,-2,-2,-2,0.334456929,-2,-2,0.625488722,0.497647059,0.27605948,-2,0.27605948,0.27605948,-2,-2,-2,0.27358209,0.280597015,-2,-2,-2,0.412342007,0.573085502,0.622007435,0.639479554,0.632762646,-2,-2,-2,-2,-2,0.27,0.5076,0.47,-2,0.505376344,0.518958333,0.262732919,0.4465,0.564,-2,0.337219731,0.37979798,0.506153846,0.347391304,0.521086957,0.44122449,0.488431373,0.47,0.539344262,-2,-2,-2,-2,-2,0.387628866,-2,0.473533835,-2,-2,-2,-2,-2,-2,0.553502538,-2,-2,-2,-2,0.479591837,-2,-2,-2,0.312033195,-2,0.439386973,0.400830189,0.365153846,-2,0.586159696,0.682996255,0.398364312,0.356431227,0.3525,0.47,0.493697479,0.596538462,0.380305344,0.360153257,-2,-2,-2,-2,-2,0.361268657,-2,-2,-2,-2,-2,-2,-2,0.719029851,-2,-2,0.709875519,0.382313433,-2,0.627835821,-2,0.412342007,0.429814126,-2,0.404923077,0.722537313,0.425660377,0.601897233,-2,0.547982063,-2,-2,0.712230769,0.380892193,-2,0.651310861,-2,0.680447761,-2,-2,-2,-2,-2,-2,-2,-2,-2,-2,-2ARG,0.715681818,0.665833333,-2,0.505877863,0.686160338,0.591984733,-2,-2,-2,-2,-2,-2,-2,-2,-2,0.598181818,-2,0.694782609,0.749716599,0.741300813,0.766396396,0.776521739,0.729882353,0.752720307,0.654068441,-2,-2,0.677244094,0.707764706,0.72280303,0.704016736,0.797906977,0.769090909,-2,0.714108527,0.621901141,0.583939394,0.651590909,0.598181818,0.633953488,0.582267206,-2,-2,-2,0.650197628,-2,0.49984127,-2,0.295530303,0.612424242,0.287755102,-2,-2,0.680075758,-2,-2,0.291969697,-2,-2,-2,0.337251908,-2,-2,0.677088123,0.503917526,0.291969697,-2,0.299090909,0.291969697,-2,-2,-2,0.289505703,0.296653992,-2,-2,-2,0.430833333,0.591060606,0.626666667,0.662272727,0.649047619,-2,-2,-2,-2,-2,0.232359551,0.460208333,0.53382716,-2,0.576818182,0.547472527,0.271153846,0.438666667,0.578461538,-2,0.332018349,0.36,0.515068493,0.334942529,0.540229885,0.48516129,0.503917526,0.537142857,0.637857143,-2,-2,-2,-2,-2,0.38826087,-2,0.471800766,-2,-2,-2,-2,-2,-2,0.553229167,-2,-2,-2,-2,0.535698925,-2,-2,-2,0.314661017,-2,0.444296875,0.372384615,0.350196078,-2,0.593875969,0.753435115,0.384545455,0.33469697,0.29375,0.464197531,0.459914163,0.578745098,0.332840467,0.326796875,-2,-2,-2,-2,-2,0.364562738,-2,-2,-2,-2,-2,-2,-2,0.714828897,-2,-2,0.728898305,0.375285171,-2,0.654068441,-2,0.423712121,0.423712121,-2,0.394431373,0.754144487,0.423,0.598870968,-2,0.564862385,-2,-2,0.75640625,0.384545455,-2,0.625475285,-2,0.694318182,-2,-2,-2,-2,-2,-2,-2,-2,-2,-2,-2URY,0.704106464,0.618326996,-2,0.468199234,0.734248927,0.540229885,-2,-2,-2,-2,-2,-2,-2,-2,-2,0.55756654,-2,0.732755906,0.707854251,0.719506173,0.692181818,0.714251969,0.648784314,0.68789272,0.62904943,-2,-2,0.694618474,0.710551181,0.686235741,0.711882845,0.727859922,0.69338403,0.714108527,-2,0.588396947,0.564714829,0.614752852,0.582585551,0.603769231,0.527317073,-2,-2,-2,0.570714286,-2,0.451349206,-2,0.303802281,0.596882129,0.286255144,-2,-2,0.650494297,-2,-2,0.307376426,-2,-2,-2,0.342145594,-2,-2,0.672461538,0.571752577,0.307376426,-2,0.300228137,0.307376426,-2,-2,-2,0.301374046,0.29778626,-2,-2,-2,0.386007605,0.507528517,0.593307985,0.593307985,0.614330709,-2,-2,-2,-2,-2,0.211235955,0.460208333,0.530823529,-2,0.491363636,0.485494505,0.230451613,0.366233766,0.556769231,-2,0.355207373,0.326526316,0.501333333,0.356551724,0.443595506,0.415578947,0.474845361,0.40974359,0.51122807,-2,-2,-2,-2,-2,0.357608696,-2,0.459153846,-2,-2,-2,-2,-2,-2,0.531518325,-2,-2,-2,-2,0.464946237,-2,-2,-2,0.316,-2,0.44972549,0.401307692,0.366377953,-2,0.629105058,0.669885057,0.403878327,0.321673004,0.423,0.493305785,0.471983122,0.584724409,0.346124031,0.323125,-2,-2,-2,-2,-2,0.337251908,-2,-2,-2,-2,-2,-2,-2,0.638625954,-2,-2,0.68,0.394656489,-2,0.620687023,-2,0.439619772,0.428897338,-2,0.432992126,0.703206107,0.45003861,0.608906883,-2,0.537142857,-2,-2,0.703149606,0.368136882,-2,0.612260536,-2,0.606335878,-2,-2,-2,-2,-2,-2,-2,-2,-2,-2,-2GBR,0.754104478,0.697985075,-2,0.346315789,0.547341772,0.657293233,-2,-2,-2,-2,-2,-2,-2,-2,-2,0.37880597,-2,0.559610895,0.674103586,0.596097561,0.749459459,0.588871595,0.551660232,0.684603774,0.436554307,-2,-2,0.507007874,0.63759