1957,USA,CAN,BHS,CUB,HTI,DOM,JAM,TTO,BRB,DMA,GRD,LCA,VCT,ATG,KNA,MEX,BLZ,GTM,HND,SLV,NIC,CRI,PAN,COL,VEN,GUY,SUR,ECU,PER,BRA,BOL,PRY,CHL,ARG,URY,GBR,IRL,NLD,BEL,LUX,FRA,MCO,LIE,CHE,ESP,AND,PRT,DEU,POL,AUT,HUN,CZE,SVK,ITA,SMR,MLT,ALB,MNE,MKD,HRV,SRB,BIH,SVN,GRC,CYP,BGR,MDA,ROU,RUS,EST,LVA,LTU,UKR,BLR,ARM,GEO,AZE,FIN,SWE,NOR,DNK,ISL,CPV,STP,GNB,GNQ,GMB,MLI,SEN,BEN,MRT,NER,CIV,GIN,BFA,LBR,SLE,GHA,TGO,CMR,NGA,GAB,CAF,TCD,COG,COD,UGA,KEN,TZA,BDI,RWA,SOM,DJI,ETH,ERI,AGO,MOZ,ZMB,ZWE,MWI,ZAF,NAM,LSO,BWA,SWZ,MDG,COM,MUS,SYC,MAR,DZA,TUN,LBY,SDN,SSD,IRN,TUR,IRQ,EGY,SYR,LBN,JOR,ISR,SAU,YEM,KWT,BHR,QAT,ARE,OMN,AFG,TKM,TJK,KGZ,UZB,KAZ,CHN,MNG,TWN,PRK,KOR,JPN,IND,BTN,PAK,BGD,MMR,LKA,MDV,NPL,THA,KHM,LAO,VNM,MYS,SGP,BRN,PHL,IDN,TLS,AUS,PNG,NZL,VUT,SLB,KIR,TUV,FJI,TON,NRU,MHL,PLW,FSM,WSMUSA,-2,0.791880924,-2,0.2920923,0.615953438,0.663956819,0.226415094,0.247368421,-2,-2,-2,-2,-2,-2,-2,0.554790002,-2,0.66870801,0.71730464,0.702298696,0.80738311,0.680409745,0.651227312,0.71231965,0.581474862,-2,-2,0.615830065,0.726301876,0.685415637,0.630021659,0.728114516,0.663590572,0.682448239,0.664553232,0.824854437,0.683868128,0.79274548,0.77963234,0.80073295,0.663624339,-2,-2,-2,0.713983177,-2,0.601234019,-2,0.200826797,0.662683781,0.192820497,-2,-2,0.79712256,-2,0.464285714,0.197401108,-2,-2,-2,0.25244132,-2,-2,0.710732683,0.461830065,0.205741517,-2,0.199079585,0.204321221,-2,-2,-2,0.202997773,0.201244042,-2,-2,-2,0.521195819,0.63999413,0.691485626,0.701962864,0.700942007,-2,-2,-2,-2,-2,0.208259669,0.419782609,0.452373286,0.169753086,0.479029587,0.472547348,0.204979241,0.380621988,0.50305176,0.163793103,0.29142264,0.317676768,0.451699798,0.339639588,0.480849436,0.403898909,0.4310291,0.414974132,0.4809884,0.125,0.162790698,0.132,0.126262626,0.2125,0.313967873,-2,0.364580897,-2,-2,-2,0.121621622,-2,0.193548387,0.681999626,-2,-2,-2,-2,0.471618864,-2,-2,-2,0.243457346,0.105263158,0.355838302,0.320778507,0.269181319,-2,0.540336138,0.767353308,0.278258658,0.233317205,0.276756868,0.367000388,0.369906832,0.590196466,0.264923664,0.232219275,0.136363636,-2,-2,-2,-2,0.259597408,-2,-2,-2,-2,-2,-2,0.094086022,0.677896825,-2,-2,0.725225174,0.352566771,-2,0.515005923,-2,0.344902392,0.370571687,0.15,0.322268403,0.640216025,0.322223916,0.50319222,-2,0.529242389,0.152173913,-2,0.634730973,0.291615978,-2,0.818119105,-2,0.805507541,-2,-2,-2,-2,-2,-2,-2,-2,-2,-2,-2CAN,0.791880924,-2,-2,0.335243446,0.616444328,0.683425981,0.297169811,0.310526316,-2,-2,-2,-2,-2,-2,-2,0.590321591,-2,0.675450769,0.697916667,0.686612686,0.806955655,0.676167195,0.656469704,0.702845824,0.632323201,-2,-2,0.656610135,0.691674081,0.690455003,0.658313714,0.705180049,0.66962167,0.687083333,0.660514849,0.744596933,0.742064267,0.813083953,0.75516534,0.802351752,0.5880291,-2,-2,-2,0.667656577,-2,0.541993819,-2,0.229042364,0.70868417,0.219569528,-2,-2,0.811370043,-2,0.464285714,0.220000885,-2,-2,-2,0.297146536,-2,-2,0.694885618,0.504637483,0.230819811,-2,0.227295152,0.229042364,-2,-2,-2,0.227725435,0.229479167,-2,-2,-2,0.590963832,0.703087458,0.754336986,0.742977092,0.753491228,-2,-2,-2,-2,-2,0.24010989,0.424894595,0.487064139,0.206790123,0.491461569,0.48772952,0.254808378,0.435937874,0.561256925,0.202857143,0.321229644,0.390631313,0.45862269,0.408790121,0.484379795,0.463323699,0.452189129,0.422599486,0.489586351,0.178571429,0.209302326,0.176,0.176767677,0.25,0.379890948,-2,0.397142857,-2,-2,-2,0.175675676,-2,0.274193548,0.602970781,-2,-2,-2,-2,0.485580426,-2,-2,-2,0.301386079,0.144736842,0.399602592,0.372882203,0.327509878,-2,0.614254733,0.7643288,0.316953035,0.274871845,0.27523489,0.426091283,0.428347717,0.625252274,0.301896544,0.27019938,0.227272727,-2,-2,-2,-2,0.292105376,-2,-2,-2,-2,-2,-2,0.11827957,0.681459152,-2,-2,0.73711964,0.410085567,-2,0.568299293,-2,0.390143277,0.400929768,0.25,0.371474907,0.649047628,0.354247269,0.515875895,-2,0.583911911,0.130434783,-2,0.64101417,0.317249071,-2,0.792091526,-2,0.846013682,-2,-2,-2,-2,-2,-2,-2,-2,-2,-2,-2BHS,-2,-2,-2,-2,-2,-2,-2,-2,-2,-2,-2,-2,-2,-2,-2,-2,-2,-2,-2,-2,-2,-2,-2,-2,-2,-2,-2,-2,-2,-2,-2,-2,-2,-2,-2,-2,-2,-2,-2,-2,-2,-2,-2,-2,-2,-2,-2,-2,-2,-2,-2,-2,-2,-2,-2,-2,-2,-2,-2,-2,-2,-2,-2,-2,-2,-2,-2,-2,-2,-2,-2,-2,-2,-2,-2,-2,-2,-2,-2,-2,-2,-2,-2,-2,-2,-2,-2,-2,-2,-2,-2,-2,-2,-2,-2,-2,-2,-2,-2,-2,-2,-2,-2,-2,-2,-2,-2,-2,-2,-2,-2,-2,-2,-2,-2,-2,-2,-2,-2,-2,-2,-2,-2,-2,-2,-2,-2,-2,-2,-2,-2,-2,-2,-2,-2,-2,-2,-2,-2,-2,-2,-2,-2,-2,-2,-2,-2,-2,-2,-2,-2,-2,-2,-2,-2,-2,-2,-2,-2,-2,-2,-2,-2,-2,-2,-2,-2,-2,-2,-2,-2,-2,-2,-2,-2,-2,-2,-2,-2,-2,-2,-2,-2,-2,-2,-2,-2,-2,-2,-2,-2,-2,-2,-2CUB,0.2920923,0.335243446,-2,-2,0.459431975,0.329384434,0.247368421,0.271084337,-2,-2,-2,-2,-2,-2,-2,0.468255752,-2,0.339778338,0.347782556,0.351141083,0.338936314,0.389931402,0.39843491,0.37845018,0.465286734,-2,-2,0.428522557,0.355063827,0.396741573,0.371793687,0.354299918,0.419550562,0.401815336,0.390168981,0.259467418,0.396771409,0.299325843,0.294263315,0.294712644,0.267022857,-2,-2,-2,0.268493304,-2,0.231628677,-2,0.759887641,0.353146067,0.771561207,-2,-2,0.315543071,-2,0.107142857,0.743186402,-2,-2,-2,0.667866864,-2,-2,0.338977273,0.444972698,0.755933654,-2,0.76164794,0.756367041,-2,-2,-2,0.757425868,0.760959703,-2,-2,-2,0.338314607,0.393088611,0.377123088,0.37392941,0.377716748,-2,-2,-2,-2,-2,0.765964912,0.494736994,0.456572613,0.310810811,0.485591398,0.44398628,0.758722068,0.454560897,0.526610288,0.288235294,0.648861152,0.536053391,0.415815018,0.594657332,0.436725436,0.429268708,0.495482026,0.526191151,0.458210464,0.351190476,0.406976744,0.376106195,0.341176471,0.297468354,0.609475571,-2,0.641818182,-2,-2,-2,0.391891892,-2,0.35483871,0.209727891,-2,-2,-2,-2,0.430208828,-2,-2,-2,0.661212158,0.385,0.597104247,0.601627482,0.615551756,-2,0.457956004,0.386800172,0.68760617,0.644325843,0.518001508,0.565419317,0.588548229,0.399739884,0.608868024,0.635,0.3046875,-2,-2,-2,-2,0.618144939,-2,-2,-2,-2,-2,-2,0.468023256,0.406771189,-2,-2,0.370814724,0.577898985,-2,0.588312543,-2,0.560749064,0.58229379,0.3,0.573956625,0.415093029,0.533093073,0.412047696,-2,0.494747297,0.434782609,-2,0.476337427,0.642565543,-2,0.299026924,-2,0.331140069,-2,-2,-2,-2,-2,-2,-2,-2,-2,-2,-2HTI,0.615953438,0.616444328,-2,0.459431975,-2,0.652351675,0.361445783,0.376623377,-2,-2,-2,-2,-2,-2,-2,0.714676098,-2,0.729254825,0.725443917,0.742503889,0.676846903,0.749372295,0.705209692,0.702515417,0.710523048,-2,-2,0.728101803,0.713716824,0.717788866,0.717675195,0.731304479,0.714989496,0.696205169,0.765213635,0.538571548,0.629768908,0.581244748,0.586621479,0.605382993,0.471533307,-2,-2,-2,0.543325005,-2,0.356936256,-2,0.380530462,0.596218488,0.372056818,-2,-2,0.615467437,-2,0.444444444,0.389078528,-2,-2,-2,0.431260593,-2,-2,0.678565401,0.607307693,0.382505252,-2,0.379380252,0.382505252,-2,-2,-2,0.38130538,0.384480042,-2,-2,-2,0.447804622,0.551835975,0.589766133,0.594520639,0.601464464,-2,-2,-2,-2,-2,0.36442051,0.528026812,0.600161291,0.295620438,0.606781774,0.616815809,0.388605052,0.557916667,0.659163844,0.289655172,0.436546392,0.495519704,0.610606061,0.53662565,0.638975787,0.601869369,0.594988688,0.541677568,0.653143442,0.2734375,0.290322581,0.288288288,0.298780488,0.365079365,0.460092558,-2,0.53472956,-2,-2,-2,0.293103448,-2,0.333333333,0.469456374,-2,-2,-2,-2,0.640695007,-2,-2,-2,0.450124022,0.261111111,0.506036789,0.526467532,0.474305477,-2,0.705121789,0.659915612,0.49257353,0.428573543,0.503243336,0.533649219,0.587537483,0.634215697,0.436329896,0.425247278,0.322916667,-2,-2,-2,-2,0.434841175,-2,-2,-2,-2,-2,-2,0.205128205,0.679898097,-2,-2,0.663578199,0.495212961,-2,0.65278481,-2,0.48154937,0.487543926,0.347826087,0.500896705,0.739590001,0.4523151,0.62256579,-2,0.615074482,0.25,-2,0.786576087,0.447810241,-2,0.582143988,-2,0.596086498,-2,-2,-2,-2,-2,-2,-2,-2,-2,-2,-2DOM,0.663956819,0.683425981,-2,0.329384434,0.652351675,-2,0.35,0.367816092,-2,-2,-2,-2,-2,-2,-2,0.613439005,-2,0.662566382,0.760318108,0.716872802,0.786233541,0.711320565,0.674675694,0.721098485,0.647368421,-2,-2,0.676943296,0.749849484,0.72856758,0.666550628,0.730610997,0.717438728,0.717044998,0.670717352,0.658949647,0.616475458,0.703445036,0.699228905,0.717546746,0.575705714,-2,-2,-2,0.666971726,-2,0.472997107,-2,0.203184178,0.63831395,0.196135853,-2,-2,0.718631973,-2,0.392857143,0.190035965,-2,-2,-2,0.294268785,-2,-2,0.637392639,0.459274026,0.204944477,-2,0.203184178,0.204944477,-2,-2,-2,0.203475355,0.205242272,-2,-2,-2,0.545195479,0.602346332,0.619971359,0.627614012,0.608158982,-2,-2,-2,-2,-2,0.254533209,0.426935683,0.434761905,0.248251748,0.46010989,0.454874214,0.246477988,0.42858637,0.543637063,0.221153846,0.306761663,0.411725994,0.506548083,0.41579085,0.499374887,0.471995507,0.437227273,0.400613248,0.428250647,0.230263158,0.3,0.206140351,0.238372093,0.349315068,0.379558442,-2,0.399315953,-2,-2,-2,0.285714286,-2,0.344827586,0.586450928,-2,-2,-2,-2,0.465947087,-2,-2,-2,0.27332636,0.191919192,0.369474766,0.368869394,0.331162791,-2,0.575313571,0.671347549,0.326227742,0.299537487,0.294329268,0.428931475,0.442107923,0.595641297,0.320772727,0.313646745,0.275862069,-2,-2,-2,-2,0.315453339,-2,-2,-2,-2,-2,-2,0.133333333,0.682073898,-2,-2,0.669041572,0.404896063,-2,0.515982782,-2,0.383632302,0.389102929,0.339285714,0.375259982,0.62800973,0.373084422,0.51627702,-2,0.522941177,0.260869565,-2,0.665741874,0.29672013,-2,0.682872779,-2,0.681649958,-2,-2,-2,-2,-2,-2,-2,-2,-2,-2,-2JAM,0.226415094,0.297169811,-2,0.247368421,0.361445783,0.35,-2,0.403409091,-2,-2,-2,-2,-2,-2,-2,0.353773585,-2,0.341584158,0.307228916,0.336956522,0.333333333,0.347619048,0.324468085,0.323529412,0.344339623,-2,-2,0.391891892,0.325,0.330188679,0.351648352,0.347826087,0.344339623,0.339622642,0.37254902,0.225,0.328571429,0.278301887,0.273584906,0.29047619,0.132075472,-2,-2,-2,0.254807692,-2,0.136363636,-2,0.245283019,0.301886792,0.245283019,-2,-2,0.29245283,-2,0.25,0.222891566,-2,-2,-2,0.311320755,-2,-2,0.325242718,0.390804598,0.247572816,-2,0.245283019,0.245283019,-2,-2,-2,0.245283019,0.245283019,-2,-2,-2,0.306603774,0.314285714,0.301886792,0.311320755,0.306930693,-2,-2,-2,-2,-2,0.286458333,0.32038835,0.382022472,0.32,0.35106383,0.331683168,0.286407767,0.316666667,0.388349515,0.335106383,0.326923077,0.321428571,0.368686869,0.338095238,0.358024691,0.362637363,0.369047619,0.348684211,0.331521739,0.297468354,0.38372093,0.311111111,0.302197802,0.406666667,0.310526316,-2,0.341346154,-2,-2,-2,0.378378378,-2,0.403225806,0.142045455,-2,-2,-2,-2,0.343137255,-2,-2,-2,0.33,0.257142857,0.330097087,0.354368932,0.298969072,-2,0.412621359,0.331730769,0.304761905,0.3,0.296116505,0.375,0.326732673,0.356435644,0.35,0.337662338,0.386363636,-2,-2,-2,-2,0.319047619,-2,-2,-2,-2,-2,-2,0.245283019,0.357142857,-2,-2,0.349056604,0.396226415,-2,0.361904762,-2,0.330188679,0.346534653,0.383333333,0.351485149,0.376190476,0.268656716,0.333333333,-2,0.386792453,0.347826087,-2,0.346153846,0.3046875,-2,0.268867925,-2,0.287735849,-2,-2,-2,-2,-2,-2,-2,-2,-2,-2,-2TTO,0.247368421,0.310526316,-2,0.271084337,0.376623377,0.367816092,0.403409091,-2,-2,-2,-2,-2,-2,-2,-2,0.363157895,-2,0.355555556,0.346666667,0.351190476,0.363636364,0.370967742,0.331325301,0.357142857,0.363157895,-2,-2,0.419117647,0.338888889,0.347368421,0.355421687,0.375,0.368421053,0.373684211,0.388297872,0.247191011,0.345744681,0.315789474,0.289473684,0.306451613,0.136842105,-2,-2,-2,0.258064516,-2,0.168831169,-2,0.278947368,0.347368421,0.278947368,-2,-2,0.310526316,-2,0.333333333,0.25974026,-2,-2,-2,0.331578947,-2,-2,0.347368421,0.408536585,0.278947368,-2,0.278947368,0.278947368,-2,-2,-2,0.278947368,0.278947368,-2,-2,-2,0.294736842,0.329787234,0.321052632,0.326315789,0.35,-2,-2,-2,-2,-2,0.32183908,0.35,0.413580247,0.355555556,0.380681818,0.357142857,0.311827957,0.36746988,0.391304348,0.335365854,0.363157895,0.350574713,0.404494382,0.373684211,0.391304348,0.351851852,0.380952381,0.369230769,0.395061728,0.345070423,0.418918919,0.335294118,0.325301205,0.409090909,0.359756098,-2,0.338709677,-2,-2,-2,0.390625,-2,0.388888889,0.1625,-2,-2,-2,-2,0.373626374,-2,-2,-2,0.331460674,0.305263158,0.367021277,0.357142857,0.329545455,-2,0.382978723,0.331578947,0.319148936,0.324468085,0.342391304,0.39673913,0.340659341,0.388888889,0.35443038,0.360294118,0.390909091,-2,-2,-2,-2,0.324468085,-2,-2,-2,-2,-2,-2,0.278947368,0.367021277,-2,-2,0.347368421,0.405263158,-2,0.382978723,-2,0.331578947,0.346153846,0.395833333,0.361111111,0.340425532,0.298387097,0.316901408,-2,0.421052632,0.357142857,-2,0.378947368,0.333333333,-2,0.289473684,-2,0.305263158,-2,-2,-2,-2,-2,-2,-2,-2,-2,-2,-2BRB,-2,-2,-2,-2,-2,-2,-2,-2,-2,-2,-2,-2,-2,-2,-2,-2,-2,-2,-2,-2,-2,-2,-2,-2,-2,-2,-2,-2,-2,-2,-2,-2,-2,-2,-2,-2,-2,-2,-2,-2,-2,-2,-2,-2,-2,-2,-2,-2,-2,-2,-2,-2,-2,-2,-2,-2,-2,-2,-2,-2,-2,-2,-2,-2,-2,-2,-2,-2,-2,-2,-2,-2,-2,-2,-2,-2,-2,-2,-2,-2,-2,-2,-2,-2,-2,-2,-2,-2,-2,-2,-2,-2,-2,-2,-2,-2,-2,-2,-2,-2,-2,-2,-2,-2,-2,-2,-2,-2,-2,-2,-2,-2,-2,-2,-2,-2,-2,-2,-2,-2,-2,-2,-2,-2,-2,-2,-2,-2,-2,-2,-2,-2,-2,-2,-2,-2,-2,-2,-2,-2,-2,-2,-2,-2,-2,-2,-2,-2,-2,-2,-2,-2,-2,-2,-2,-2,-2,-2,-2,-2,-2,-2,-2,-2,-2,-2,-2,-2,-2,-2,-2,-2,-2,-2,-2,-2,-2,-2,-2,-2,-2,-2,-2,-2,-2,-2,-2,-2,-2,-2,-2,-2,-2,-2DMA,-2,-2,-2,-2,-2,-2,-2,-2,-2,-2,-2,-2,-2,-2,-2,-2,-2,-2,-2,-2,-2,-2,-2,-2,-2,-2,-2,-2,-2,-2,-2,-2,-2,-2,-2,-2,-2,-2,-2,-2,-2,-2,-2,-2,-2,-2,-2,-2,-2,-2,-2,-2,-2,-2,-2,-2,-2,-2,-2,-2,-2,-2,-2,-2,-2,-2,-2,-2,-2,-2,-2,-2,-2,-2,-2,-2,-2,-2,-2,-2,-2,-2,-2,-2,-2,-2,-2,-2,-2,-2,-2,-2,-2,-2,-2,-2,-2,-2,-2,-2,-2,-2,-2,-2,-2,-2,-2,-2,-2,-2,-2,-2,-2,-2,-2,-2,-2,-2,-2,-2,-2,-2,-2,-2,-2,-2,-2,-2,-2,-2,-2,-2,-2,-2,-2,-2,-2,-2,-2,-2,-2,-2,-2,-2,-2,-2,-2,-2,-2,-2,-2,-2,-2,-2,-2,-2,-2,-2,-2,-2,-2,-2,-2,-2,-2,-2,-2,-2,-2,-2,-2,-2,-2,-2,-2,-2,-2,-2,-2,-2,-2,-2,-2,-2,-2,-2,-2,-2,-2,-2,-2,-2,-2,-2GRD,-2,-2,-2,-2,-2,-2,-2,-2,-2,-2,-2,-2,-2,-2,-2,-2,-2,-2,-2,-2,-2,-2,-2,-2,-2,-2,-2,-2,-2,-2,-2,-2,-2,-2,-2,-2,-2,-2,-2,-2,-2,-2,-2,-2,-2,-2,-2,-2,-2,-2,-2,-2,-2,-2,-2,-2,-2,-2,-2,-2,-2,-2,-2,-2,-2,-2,-2,-2,-2,-2,-2,-2,-2,-2,-2,-2,-2,-2,-2,-2,-2,-2,-2,-2,-2,-2,-2,-2,-2,-2,-2,-2,-2,-2,-2,-2,-2,-2,-2,-2,-2,-2,-2,-2,-2,-2,-2,-2,-2,-2,-2,-2,-2,-2,-2,-2,-2,-2,-2,-2,-2,-2,-2,-2,-2,-2,-2,-2,-2,-2,-2,-2,-2,-2,-2,-2,-2,-2,-2,-2,-2,-2,-2,-2,-2,-2,-2,-2,-2,-2,-2,-2,-2,-2,-2,-2,-2,-2,-2,-2,-2,-2,-2,-2,-2,-2,-2,-2,-2,-2,-2,-2,-2,-2,-2,-2,-2,-2,-2,-2,-2,-2,-2,-2,-2,-2,-2,-2,-2,-2,-2,-2,-2,-2LCA,-2,-2,-2,-2,-2,-2,-2,-2,-2,-2,-2,-2,-2,-2,-2,-2,-2,-2,-2,-2,-2,-2,-2,-2,-2,-2,-2,-2,-2,-2,-2,-2,-2,-2,-2,-2,-2,-2,-2,-2,-2,-2,-2,-2,-2,-2,-2,-2,-2,-2,-2,-2,-2,-2,-2,-2,-2,-2,-2,-2,-2,-2,-2,-2,-2,-2,-2,-2,-2,-2,-2,-2,-2,-2,-2,-2,-2,-2,-2,-2,-2,-2,-2,-2,-2,-2,-2,-2,-2,-2,-2,-2,-2,-2,-2,-2,-2,-2,-2,-2,-2,-2,-2,-2,-2,-2,-2,-2,-2,-2,-2,-2,-2,-2,-2,-2,-2,-2,-2,-2,-2,-2,-2,-2,-2,-2,-2,-2,-2,-2,-2,-2,-2,-2,-2,-2,-2,-2,-2,-2,-2,-2,-2,-2,-2,-2,-2,-2,-2,-2,-2,-2,-2,-2,-2,-2,-2,-2,-2,-2,-2,-2,-2,-2,-2,-2,-2,-2,-2,-2,-2,-2,-2,-2,-2,-2,-2,-2,-2,-2,-2,-2,-2,-2,-2,-2,-2,-2,-2,-2,-2,-2,-2,-2VCT,-2,-2,-2,-2,-2,-2,-2,-2,-2,-2,-2,-2,-2,-2,-2,-2,-2,-2,-2,-2,-2,-2,-2,-2,-2,-2,-2,-2,-2,-2,-2,-2,-2,-2,-2,-2,-2,-2,-2,-2,-2,-2,-2,-2,-2,-2,-2,-2,-2,-2,-2,-2,-2,-2,-2,-2,-2,-2,-2,-2,-2,-2,-2,-2,-2,-2,-2,-2,-2,-2,-2,-2,-2,-2,-2,-2,-2,-2,-2,-2,-2,-2,-2,-2,-2,-2,-2,-2,-2,-2,-2,-2,-2,-2,-2,-2,-2,-2,-2,-2,-2,-2,-2,-2,-2,-2,-2,-2,-2,-2,-2,-2,-2,-2,-2,-2,-2,-2,-2,-2,-2,-2,-2,-2,-2,-2,-2,-2,-2,-2,-2,-2,-2,-2,-2,-2,-2,-2,-2,-2,-2,-2,-2,-2,-2,-2,-2,-2,-2,-2,-2,-2,-2,-2,-2,-2,-2,-2,-2,-2,-2,-2,-2,-2,-2,-2,-2,-2,-2,-2,-2,-2,-2,-2,-2,-2,-2,-2,-2,-2,-2,-2,-2,-2,-2,-2,-2,-2,-2,-2,-2,-2,-2,-2ATG,-2,-2,-2,-2,-2,-2,-2,-2,-2,-2,-2,-2,-2,-2,-2,-2,-2,-2,-2,-2,-2,-2,-2,-2,-2,-2,-2,-2,-2,-2,-2,-2,-2,-2,-2,-2,-2,-2,-2,-2,-2,-2,-2,-2,-2,-2,-2,-2,-2,-2,-2,-2,-2,-2,-2,-2,-2,-2,-2,-2,-2,-2,-2,-2,-2,-2,-2,-2,-2,-2,-2,-2,-2,-2,-2,-2,-2,-2,-2,-2,-2,-2,-2,-2,-2,-2,-2,-2,-2,-2,-2,-2,-2,-2,-2,-2,-2,-2,-2,-2,-2,-2,-2,-2,-2,-2,-2,-2,-2,-2,-2,-2,-2,-2,-2,-2,-2,-2,-2,-2,-2,-2,-2,-2,-2,-2,-2,-2,-2,-2,-2,-2,-2,-2,-2,-2,-2,-2,-2,-2,-2,-2,-2,-2,-2,-2,-2,-2,-2,-2,-2,-2,-2,-2,-2,-2,-2,-2,-2,-2,-2,-2,-2,-2,-2,-2,-2,-2,-2,-2,-2,-2,-2,-2,-2,-2,-2,-2,-2,-2,-2,-2,-2,-2,-2,-2,-2,-2,-2,-2,-2,-2,-2,-2KNA,-2,-2,-2,-2,-2,-2,-2,-2,-2,-2,-2,-2,-2,-2,-2,-2,-2,-2,-2,-2,-2,-2,-2,-2,-2,-2,-2,-2,-2,-2,-2,-2,-2,-2,-2,-2,-2,-2,-2,-2,-2,-2,-2,-2,-2,-2,-2,-2,-2,-2,-2,-2,-2,-2,-2,-2,-2,-2,-2,-2,-2,-2,-2,-2,-2,-2,-2,-2,-2,-2,-2,-2,-2,-2,-2,-2,-2,-2,-2,-2,-2,-2,-2,-2,-2,-2,-2,-2,-2,-2,-2,-2,-2,-2,-2,-2,-2,-2,-2,-2,-2,-2,-2,-2,-2,-2,-2,-2,-2,-2,-2,-2,-2,-2,-2,-2,-2,-2,-2,-2,-2,-2,-2,-2,-2,-2,-2,-2,-2,-2,-2,-2,-2,-2,-2,-2,-2,-2,-2,-2,-2,-2,-2,-2,-2,-2,-2,-2,-2,-2,-2,-2,-2,-2,-2,-2,-2,-2,-2,-2,-2,-2,-2,-2,-2,-2,-2,-2,-2,-2,-2,-2,-2,-2,-2,-2,-2,-2,-2,-2,-2,-2,-2,-2,-2,-2,-2,-2,-2,-2,-2,-2,-2,-2MEX,0.554790002,0.590321591,-2,0.468255752,0.714676098,0.613439005,0.353773585,0.363157895,-2,-2,-2,-2,-2,-2,-2,-2,-2,0.708566327,0.710317461,0.723307381,0.628132176,0.719351778,0.717171329,0.668116398,0.774408543,-2,-2,0.76821517,0.658155037,0.684266438,0.699087832,0.670372031,0.693101237,0.703852814,0.693618435,0.460352706,0.641101004,0.51304931,0.512099581,0.522645154,0.391632104,-2,-2,-2,0.506522613,-2,0.347940227,-2,0.41052615,0.632106567,0.404512654,-2,-2,0.558723668,-2,0.392857143,0.396834516,-2,-2,-2,0.459852565,-2,-2,0.632291201,0.553557257,0.411680457,-2,0.407031726,0.408778938,-2,-2,-2,0.407879254,0.407879254,-2,-2,-2,0.502368561,0.584684611,0.561099027,0.573484537,0.603584986,-2,-2,-2,-2,-2,0.421703911,0.466267033,0.514926004,0.270440252,0.519704301,0.539910714,0.458730905,0.499378788,0.633857216,0.270348837,0.466157406,0.57332985,0.532607809,0.537349676,0.521111291,0.52572629,0.534879336,0.515203252,0.533539626,0.238095238,0.279069767,0.244,0.277777778,0.35,0.522207399,-2,0.54650577,-2,-2,-2,0.256756757,-2,0.370967742,0.401816691,-2,-2,-2,-2,0.510171741,-2,-2,-2,0.481055127,0.23245614,0.576388112,0.562672195,0.503782051,-2,0.659557218,0.595595746,0.495814284,0.434661153,0.467708799,0.55212184,0.55437298,0.590149853,0.484735705,0.450228649,0.287878788,-2,-2,-2,-2,0.47073833,-2,-2,-2,-2,-2,-2,0.183060109,0.62761613,-2,-2,0.638803706,0.551431407,-2,0.574369064,-2,0.545051828,0.543725394,0.366666667,0.551010034,0.665271515,0.521358491,0.608603426,-2,0.662740673,0.239130435,-2,0.679831551,0.455307893,-2,0.525175673,-2,0.585008686,-2,-2,-2,-2,-2,-2,-2,-2,-2,-2,-2BLZ,-2,-2,-2,-2,-2,-2,-2,-2,-2,-2,-2,-2,-2,-2,-2,-2,-2,-2,-2,-2,-2,-2,-2,-2,-2,-2,-2,-2,-2,-2,-2,-2,-2,-2,-2,-2,-2,-2,-2,-2,-2,-2,-2,-2,-2,-2,-2,-2,-2,-2,-2,-2,-2,-2,-2,-2,-2,-2,-2,-2,-2,-2,-2,-2,-2,-2,-2,-2,-2,-2,-2,-2,-2,-2,-2,-2,-2,-2,-2,-2,-2,-2,-2,-2,-2,-2,-2,-2,-2,-2,-2,-2,-2,-2,-2,-2,-2,-2,-2,-2,-2,-2,-2,-2,-2,-2,-2,-2,-2,-2,-2,-2,-2,-2,-2,-2,-2,-2,-2,-2,-2,-2,-2,-2,-2,-2,-2,-2,-2,-2,-2,-2,-2,-2,-2,-2,-2,-2,-2,-2,-2,-2,-2,-2,-2,-2,-2,-2,-2,-2,-2,-2,-2,-2,-2,-2,-2,-2,-2,-2,-2,-2,-2,-2,-2,-2,-2,-2,-2,-2,-2,-2,-2,-2,-2,-2,-2,-2,-2,-2,-2,-2,-2,-2,-2,-2,-2,-2,-2,-2,-2,-2,-2,-2GTM,0.66870801,0.675450769,-2,0.339778338,0.729254825,0.662566382,0.341584158,0.355555556,-2,-2,-2,-2,-2,-2,-2,0.708566327,-2,-2,0.779187624,0.840304576,0.762399282,0.802016638,0.746761525,0.745939238,0.699715762,-2,-2,0.74667319,0.756184277,0.713766328,0.763716412,0.77526821,0.74109191,0.750706222,0.761264317,0.598518898,0.669431524,0.63495503,0.616059432,0.639895646,0.503346179,-2,-2,-2,0.614411685,-2,0.430767038,-2,0.299312605,0.639479421,0.28939273,-2,-2,0.685320785,-2,0.464285714,0.28737121,-2,-2,-2,0.390741972,-2,-2,0.715343968,0.552226469,0.299312605,-2,0.297490899,0.299312605,-2,-2,-2,0.298121762,0.298121762,-2,-2,-2,0.455770697,0.584769174,0.615697674,0.615878553,0.638634757,-2,-2,-2,-2,-2,0.257639682,0.454752298,0.533385491,0.232258065,0.512489056,0.554577097,0.290090637,0.457960224,0.586344588,0.228658537,0.371824865,0.449104575,0.520981532,0.407160494,0.52157245,0.495659645,0.495750916,0.45789485,0.553009259,0.227848101,0.255813953,0.214285714,0.255555556,0.311688312,0.369306904,-2,0.470386899,-2,-2,-2,0.243243243,-2,0.306451613,0.553071069,-2,-2,-2,-2,0.541855501,-2,-2,-2,0.372526061,0.20952381,0.459741124,0.453151396,0.397603437,-2,0.683107723,0.689846587,0.40375969,0.370900134,0.452425578,0.504167918,0.511948526,0.601226364,0.389424004,0.362842426,0.269230769,-2,-2,-2,-2,0.382810203,-2,-2,-2,-2,-2,-2,0.14,0.682777056,-2,-2,0.718389383,0.475218331,-2,0.587531466,-2,0.456994946,0.462497231,0.25,0.465142388,0.725179421,0.429571397,0.627606213,-2,0.613820755,0.217391304,-2,0.715270692,0.392903073,-2,0.641833348,-2,0.636159039,-2,-2,-2,-2,-2,-2,-2,-2,-2,-2,-2HND,0.71730464,0.697916667,-2,0.347782556,0.725443917,0.760318108,0.307228916,0.346666667,-2,-2,-2,-2,-2,-2,-2,0.710317461,-2,0.779187624,-2,0.827804465,0.821938593,0.849781616,0.755402225,0.816963134,0.737161564,-2,-2,0.756068936,0.827026289,0.782480159,0.787121628,0.839601468,0.804861111,0.801941633,0.790546844,0.664257675,0.675079365,0.690396825,0.682097625,0.703081797,0.555244755,-2,-2,-2,0.663163957,-2,0.470325814,-2,0.240892857,0.691547619,0.239027778,-2,-2,0.736051587,-2,0.461538462,0.22773622,-2,-2,-2,0.305505201,-2,-2,0.67875493,0.524394752,0.241613475,-2,0.239285714,0.239027778,-2,-2,-2,0.237623395,0.241368415,-2,-2,-2,0.513670635,0.638289738,0.685594128,0.691423022,0.678464286,-2,-2,-2,-2,-2,0.244754084,0.436170883,0.531787365,0.236,0.545494505,0.53757487,0.254103891,0.446891892,0.56674102,0.220930233,0.320126812,0.426235199,0.535193277,0.381633428,0.542179152,0.501661932,0.503616818,0.454753166,0.549136671,0.195652174,0.220588235,0.193069307,0.221518987,0.30952381,0.364964222,-2,0.421474429,-2,-2,-2,0.189655172,-2,0.321428571,0.580698925,-2,-2,-2,-2,0.555192616,-2,-2,-2,0.309090034,0.153846154,0.399191316,0.388122954,0.321981572,-2,0.626165312,0.689110423,0.351309524,0.307866085,0.300325077,0.448712358,0.44902942,0.691016275,0.340176066,0.315773047,0.223404255,-2,-2,-2,-2,0.337982058,-2,-2,-2,-2,-2,-2,0.123188406,0.715684866,-2,-2,0.717577778,0.438005182,-2,0.569329396,-2,0.415932539,0.442379264,0.288461538,0.417340716,0.743338867,0.386093349,0.591047297,-2,0.643274552,0.147058824,-2,0.766835155,0.335223665,-2,0.683166667,-2,0.68747344,-2,-2,-2,-2,-2,-2,-2,-2,-2,-2,-2SLV,0.702298696,0.686612686,-2,0.351141083,0.742503889,0.716872802,0.336956522,0.351190476,-2,-2,-2,-2,-2,-2,-2,0.723307381,-2,0.840304576,0.827804465,-2,0.783244013,0.818248059,0.783929852,0.781355612,0.744243868,-2,-2,0.787932031,0.795911637,0.752887989,0.75847144,0.833006346,0.769734593,0.794627015,0.790890811,0.619260902,0.682204228,0.672735043,0.655006747,0.678641686,0.535096218,-2,-2,-2,0.658726191,-2,0.442867824,-2,0.273873144,0.662478632,0.26245614,-2,-2,0.71237067,-2,0.428571429,0.260509197,-2,-2,-2,0.359601862,-2,-2,0.746715486,0.50624183,0.27197031,-2,0.27197031,0.27197031,-2,-2,-2,0.270701754,0.270067476,-2,-2,-2,0.508996851,0.613629435,0.649761583,0.655748988,0.676503122,-2,-2,-2,-2,-2,0.253070631,0.453275961,0.523228963,0.22260274,0.526121809,0.543022152,0.283785714,0.439655629,0.594267268,0.221518987,0.357245352,0.422540332,0.491040565,0.378434022,0.53311545,0.482997835,0.508601824,0.435512386,0.548278146,0.210526316,0.261904762,0.195652174,0.220238095,0.317567568,0.382687439,-2,0.458542778,-2,-2,-2,0.236111111,-2,0.338709677,0.518795019,-2,-2,-2,-2,0.548089674,-2,-2,-2,0.346061672,0.173469388,0.447231346,0.434300579,0.375675926,-2,0.669055919,0.712676913,0.382667302,0.334824042,0.397799699,0.499838509,0.48154727,0.610821192,0.366992971,0.340180164,0.245614035,-2,-2,-2,-2,0.36091583,-2,-2,-2,-2,-2,-2,0.119047619,0.698069467,-2,-2,0.755284787,0.457522716,-2,0.588622669,-2,0.434039586,0.462801815,0.3,0.446951152,0.720746684,0.397712491,0.625071225,-2,0.618302605,0.217391304,-2,0.725371553,0.357530365,-2,0.668506266,-2,0.660738126,-2,-2,-2,-2,-2,-2,-2,-2,-2,-2,-2NIC,0.80738311,0.806955655,-2,0.338936314,0.676846903,0.786233541,0.333333333,0.363636364,-2,-2,-2,-2,-2,-2,-2,0.628132176,-2,0.762399282,0.821938593,0.783244013,-2,0.811477531,0.754002932,0.802970768,0.668474396,-2,-2,0.677476303,0.813666989,0.782893,0.724488327,0.825421736,0.79553874,0.789448198,0.740457106,0.74972973,0.729716617,0.791823617,0.759577911,0.81204035,0.618186369,-2,-2,-2,0.717301619,-2,0.542102804,-2,0.216492277,0.678497758,0.209696477,-2,-2,0.819722845,-2,0.5,0.210849916,-2,-2,-2,0.290796254,-2,-2,0.719750813,0.530323197,0.218856343,-2,0.2185999,0.216492277,-2,-2,-2,0.21484985,0.219084084,-2,-2,-2,0.528599278,0.677575026,0.721067766,0.732994763,0.729128102,-2,-2,-2,-2,-2,0.245999237,0.452857143,0.541283525,0.241935484,0.571733334,0.565852137,0.250129315,0.449538462,0.563957619,0.205426357,0.315472222,0.393821138,0.529894078,0.381793275,0.580855346,0.459911521,0.495667889,0.476167801,0.53609375,0.177966102,0.25,0.202247191,0.228571429,0.333333333,0.334875336,-2,0.408683099,-2,-2,-2,0.229166667,-2,0.342105263,0.640037267,-2,-2,-2,-2,0.569918847,-2,-2,-2,0.285947595,0.172839506,0.386420237,0.375856222,0.296580511,-2,0.610608615,0.778233092,0.316851892,0.270532785,0.287570386,0.421185954,0.442851967,0.67097593,0.315680675,0.2871752,0.261363636,-2,-2,-2,-2,0.30792042,-2,-2,-2,-2,-2,-2,0.121428571,0.728255198,-2,-2,0.765204456,0.403363364,-2,0.57980533,-2,0.374335451,0.401346591,0.3,0.366726478,0.72118994,0.352424242,0.558311995,-2,0.595305556,0.166666667,-2,0.718390447,0.336037851,-2,0.781460533,-2,0.824763514,-2,-2,-2,-2,-2,-2,-2,-2,-2,-2,-2CRI,0.680409745,0.676167195,-2,0.389931402,0.749372295,0.711320565,0.347619048,0.370967742,-2,-2,-2,-2,-2,-2,-2,0.719351778,-2,0.802016638,0.849781616,0.818248059,0.811477531,-2,0.796299709,0.783612795,0.738438021,-2,-2,0.75776247,0.777155238,0.766578576,0.781817592,0.833263403,0.800171776,0.805874506,0.786537749,0.610700858,0.680581396,0.645936399,0.630398671,0.659697858,0.522397888,-2,-2,-2,0.634613367,-2,0.414061538,-2,0.29790962,0.637847075,0.300242012,-2,-2,0.696053559,-2,0.428571429,0.285188479,-2,-2,-2,0.384641335,-2,-2,0.71675969,0.566697706,0.296778689,-2,0.299731325,0.294266209,-2,-2,-2,0.293018659,0.298505041,-2,-2,-2,0.490377026,0.628525795,0.652259136,0.67072536,0.674461178,-2,-2,-2,-2,-2,0.299589266,0.475614035,0.580935228,0.248387097,0.581648841,0.566871855,0.330817506,0.477146669,0.61398004,0.264150943,0.403742917,0.456666667,0.564109524,0.425697479,0.578318426,0.531886215,0.541074715,0.522918193,0.559242493,0.246987952,0.26744186,0.233050847,0.265625,0.31875,0.392968944,-2,0.485319684,-2,-2,-2,0.243243243,-2,0.338709677,0.521309431,-2,-2,-2,-2,0.574453781,-2,-2,-2,0.371411901,0.211711712,0.467083699,0.455782106,0.386034437,-2,0.655583999,0.713292026,0.413139535,0.376520984,0.400223752,0.487094969,0.492823,0.632122173,0.397985527,0.362370005,0.28030303,-2,-2,-2,-2,0.391795442,-2,-2,-2,-2,-2,-2,0.152941176,0.73096024,-2,-2,0.761566206,0.486881601,-2,0.613142359,-2,0.45906272,0.487656179,0.3,0.461831184,0.775559247,0.424228809,0.612959522,-2,0.669315895,0.217391304,-2,0.769216175,0.399970497,-2,0.642176847,-2,0.685504068,-2,-2,-2,-2,-2,-2,-2,-2,-2,-2,-2PAN,0.651227312,0.656469704,-2,0.39843491,0.705209692,0.674675694,0.324468085,0.331325301,-2,-2,-2,-2,-2,-2,-2,0.717171329,-2,0.746761525,0.755402225,0.783929852,0.754002932,0.796299709,-2,0.792494699,0.743017656,-2,-2,0.758274292,0.760497076,0.747830898,0.740204799,0.808020964,0.763114525,0.775555702,0.734275878,0.574646684,0.67828911,0.624262785,0.599194036,0.640691964,0.521567995,-2,-2,-2,0.618146364,-2,0.400321215,-2,0.304001289,0.65811388,0.297218708,-2,-2,0.663863988,-2,0.461538462,0.290511514,-2,-2,-2,0.380373089,-2,-2,0.660370986,0.498954082,0.299055944,-2,0.302193597,0.29677052,-2,-2,-2,0.295584004,0.300385905,-2,-2,-2,0.506930812,0.622000217,0.643163353,0.654009507,0.675482575,-2,-2,-2,-2,-2,0.30606536,0.473372093,0.522325483,0.238255034,0.559325843,0.558335101,0.34356682,0.459987267,0.609665179,0.260233918,0.397002786,0.473594418,0.524277912,0.410227273,0.575988544,0.537899408,0.497068966,0.522668455,0.565579096,0.25,0.282051282,0.21875,0.244186047,0.296052632,0.397096774,-2,0.500634439,-2,-2,-2,0.25,-2,0.366666667,0.484601072,-2,-2,-2,-2,0.546127168,-2,-2,-2,0.385357889,0.198019802,0.482435771,0.444914608,0.393142723,-2,0.669597148,0.660354934,0.416166379,0.383479139,0.405944056,0.501464137,0.497168876,0.631451207,0.410577428,0.375304025,0.314516129,-2,-2,-2,-2,0.385240709,-2,-2,-2,-2,-2,-2,0.138728324,0.687418363,-2,-2,0.72575371,0.459855538,-2,0.593393539,-2,0.463228191,0.479576923,0.285714286,0.462011494,0.726636154,0.422534115,0.590665124,-2,0.657564853,0.236842105,-2,0.733259054,0.38150491,-2,0.61197328,-2,0.660449516,-2,-2,-2,-2,-2,-2,-2,-2,-2,-2,-2COL,0.71231965,0.702845824,-2,0.37845018,0.702515417,0.721098485,0.323529412,0.357142857,-2,-2,-2,-2,-2,-2,-2,0.668116398,-2,0.745939238,0.816963134,0.781355612,0.802970768,0.783612795,0.792494699,-2,0.721442122,-2,-2,0.728088023,0.830457104,0.786722452,0.758147424,0.838052364,0.799090873,0.809155852,0.763835863,0.649120069,0.680625889,0.684104212,0.651517984,0.694394766,0.558838633,-2,-2,-2,0.659568627,-2,0.486789982,-2,0.272379335,0.668353141,0.266942667,-2,-2,0.726812596,-2,0.464285714,0.253499908,-2,-2,-2,0.356463832,-2,-2,0.682155728,0.510449102,0.271225194,-2,0.272379335,0.268845501,-2,-2,-2,0.267538649,0.271085819,-2,-2,-2,0.507804592,0.658937561,0.692575696,0.704112985,0.697377714,-2,-2,-2,-2,-2,0.303911822,0.495244109,0.565946116,0.25,0.581206009,0.576976744,0.293645725,0.483624709,0.594828035,0.23964497,0.372310125,0.432756133,0.546136364,0.383876877,0.560444444,0.515344935,0.520247368,0.522187984,0.588356729,0.232142857,0.261904762,0.210743802,0.258064516,0.301282051,0.363476799,-2,0.468806001,-2,-2,-2,0.25,-2,0.338709677,0.543886206,-2,-2,-2,-2,0.589513889,-2,-2,-2,0.347549495,0.217592593,0.440235966,0.399169533,0.352793687,-2,0.626966501,0.697608696,0.383654745,0.346522557,0.363211492,0.450120442,0.459015471,0.681022207,0.375820464,0.355,0.296875,-2,-2,-2,-2,0.35227435,-2,-2,-2,-2,-2,-2,0.152777778,0.714356439,-2,-2,0.757261227,0.431327894,-2,0.610835931,-2,0.446052227,0.458496241,0.283333333,0.413640484,0.743652218,0.394980007,0.616903356,-2,0.631277975,0.227272727,-2,0.736726497,0.356002074,-2,0.680563294,-2,0.737240819,-2,-2,-2,-2,-2,-2,-2,-2,-2,-2,-2VEN,0.581474862,0.632323201,-2,0.465286734,0.710523048,0.647368421,0.344339623,0.363157895,-2,-2,-2,-2,-2,-2,-2,0.774408543,-2,0.699715762,0.737161564,0.744243868,0.668474396,0.738438021,0.743017656,0.721442122,-2,-2,-2,0.781962586,0.71041619,0.705647222,0.743565892,0.730461855,0.726640814,0.764206995,0.754742106,0.505569971,0.656031029,0.550000195,0.544652396,0.575479352,0.453424599,-2,-2,-2,0.523811988,-2,0.360429688,-2,0.360475307,0.63405134,0.3612956,-2,-2,0.597222982,-2,0.464285714,0.352619984,-2,-2,-2,0.429307562,-2,-2,0.610030471,0.612416768,0.361311528,-2,0.355239705,0.358721575,-2,-2,-2,0.355936624,0.361217522,-2,-2,-2,0.514138274,0.602516189,0.604285153,0.610424195,0.646415546,-2,-2,-2,-2,-2,0.401516664,0.486609336,0.518872019,0.257763975,0.524021739,0.527980861,0.433124666,0.497793675,0.668921568,0.257142857,0.460924496,0.54377551,0.493690053,0.542255639,0.519165649,0.534418605,0.521013433,0.479601572,0.497111111,0.232142857,0.26744186,0.241935484,0.267676768,0.316455696,0.529367733,-2,0.501487471,-2,-2,-2,0.256756757,-2,0.35483871,0.41984445,-2,-2,-2,-2,0.513755921,-2,-2,-2,0.445772599,0.225663717,0.547798437,0.521449275,0.452940303,-2,0.690725191,0.626641604,0.470952474,0.405323186,0.363395028,0.561908896,0.560295031,0.622509652,0.441673851,0.404217949,0.287878788,-2,-2,-2,-2,0.423540311,-2,-2,-2,-2,-2,-2,0.164864865,0.656393794,-2,-2,0.685101221,0.511289178,-2,0.62722252,-2,0.511725209,0.513089956,0.316666667,0.526703616,0.69843288,0.470563165,0.612101086,-2,0.684326695,0.239130435,-2,0.705931646,0.435887008,-2,0.544751407,-2,0.605352472,-2,-2,-2,-2,-2,-2,-2,-2,-2,-2,-2GUY,-2,-2,-2,-2,-2,-2,-2,-2,-2,-2,-2,-2,-2,-2,-2,-2,-2,-2,-2,-2,-2,-2,-2,-2,-2,-2,-2,-2,-2,-2,-2,-2,-2,-2,-2,-2,-2,-2,-2,-2,-2,-2,-2,-2,-2,-2,-2,-2,-2,-2,-2,-2,-2,-2,-2,-2,-2,-2,-2,-2,-2,-2,-2,-2,-2,-2,-2,-2,-2,-2,-2,-2,-2,-2,-2,-2,-2,-2,-2,-2,-2,-2,-2,-2,-2,-2,-2,-2,-2,-2,-2,-2,-2,-2,-2,-2,-2,-2,-2,-2,-2,-2,-2,-2,-2,-2,-2,-2,-2,-2,-2,-2,-2,-2,-2,-2,-2,-2,-2,-2,-2,-2,-2,-2,-2,-2,-2,-2,-2,-2,-2,-2,-2,-2,-2,-2,-2,-2,-2,-2,-2,-2,-2,-2,-2,-2,-2,-2,-2,-2,-2,-2,-2,-2,-2,-2,-2,-2,-2,-2,-2,-2,-2,-2,-2,-2,-2,-2,-2,-2,-2,-2,-2,-2,-2,-2,-2,-2,-2,-2,-2,-2,-2,-2,-2,-2,-2,-2,-2,-2,-2,-2,-2,-2SUR,-2,-2,-2,-2,-2,-2,-2,-2,-2,-2,-2,-2,-2,-2,-2,-2,-2,-2,-2,-2,-2,-2,-2,-2,-2,-2,-2,-2,-2,-2,-2,-2,-2,-2,-2,-2,-2,-2,-2,-2,-2,-2,-2,-2,-2,-2,-2,-2,-2,-2,-2,-2,-2,-2,-2,-2,-2,-2,-2,-2,-2,-2,-2,-2,-2,-2,-2,-2,-2,-2,-2,-2,-2,-2,-2,-2,-2,-2,-2,-2,-2,-2,-2,-2,-2,-2,-2,-2,-2,-2,-2,-2,-2,-2,-2,-2,-2,-2,-2,-2,-2,-2,-2,-2,-2,-2,-2,-2,-2,-2,-2,-2,-2,-2,-2,-2,-2,-2,-2,-2,-2,-2,-2,-2,-2,-2,-2,-2,-2,-2,-2,-2,-2,-2,-2,-2,-2,-2,-2,-2,-2,-2,-2,-2,-2,-2,-2,-2,-2,-2,-2,-2,-2,-2,-2,-2,-2,-2,-2,-2,-2,-2,-2,-2,-2,-2,-2,-2,-2,-2,-2,-2,-2,-2,-2,-2,-2,-2,-2,-2,-2,-2,-2,-2,-2,-2,-2,-2,-2,-2,-2,-2,-2,-2ECU,0.615830065,0.656610135,-2,0.428522557,0.728101803,0.676943296,0.391891892,0.419117647,-2,-2,-2,-2,-2,-2,-2,0.76821517,-2,0.74667319,0.756068936,0.787932031,0.677476303,0.75776247,0.758274292,0.728088023,0.781962586,-2,-2,-2,0.710491154,0.751999491,0.787550561,0.758617077,0.750510822,0.737972696,0.776839438,0.534753937,0.646588236,0.60298905,0.557437908,0.586408947,0.434337683,-2,-2,-2,0.555293356,-2,0.3696525,-2,0.336032086,0.67319837,0.32765631,-2,-2,0.639497326,-2,0.375,0.33473704,-2,-2,-2,0.422348955,-2,-2,0.636879085,0.5954414,0.337724711,-2,0.330942195,0.337875223,-2,-2,-2,0.336728705,0.336032086,-2,-2,-2,0.501885918,0.603178019,0.62924183,0.625555556,0.649154229,-2,-2,-2,-2,-2,0.371615187,0.50802202,0.560203252,0.253968254,0.54377018,0.552485015,0.378474154,0.531516807,0.652709164,0.248175182,0.446385281,0.502298851,0.548808316,0.498605519,0.55408945,0.532718638,0.554338501,0.561111111,0.521581976,0.262711864,0.326086957,0.257894737,0.272058824,0.384615385,0.483089264,-2,0.496528822,-2,-2,-2,0.325,-2,0.394736842,0.447448165,-2,-2,-2,-2,0.529055721,-2,-2,-2,0.41186693,0.234177215,0.509054272,0.497959421,0.459366781,-2,0.72391013,0.651001317,0.435686274,0.398667183,0.413775905,0.563736842,0.535868469,0.654782016,0.438873781,0.411255061,0.302325581,-2,-2,-2,-2,0.405172919,-2,-2,-2,-2,-2,-2,0.162162162,0.667157066,-2,-2,0.699336919,0.502660182,-2,0.603012847,-2,0.521026228,0.49457473,0.34375,0.509621309,0.739598065,0.487063492,0.649111323,-2,0.650251167,0.230769231,-2,0.728929891,0.435315937,-2,0.572236025,-2,0.624927395,-2,-2,-2,-2,-2,-2,-2,-2,-2,-2,-2PER,0.726301876,0.691674081,-2,0.355063827,0.713716824,0.749849484,0.325,0.338888889,-2,-2,-2,-2,-2,-2,-2,0.658155037,-2,0.756184277,0.827026289,0.795911637,0.813666989,0.777155238,0.760497076,0.830457104,0.71041619,-2,-2,0.710491154,-2,0.781421857,0.742540245,0.823799705,0.75514143,0.780512788,0.784654122,0.639023169,0.676510961,0.682619187,0.661014621,0.697575164,0.565104562,-2,-2,-2,0.668348556,-2,0.481070163,-2,0.256549857,0.691683314,0.25507686,-2,-2,0.730675676,-2,0.464285714,0.243458012,-2,-2,-2,0.331086111,-2,-2,0.684236111,0.524733652,0.256942128,-2,0.258364529,0.254735185,-2,-2,-2,0.253384732,0.257028143,-2,-2,-2,0.498526943,0.635547819,0.666417706,0.689152267,0.685633063,-2,-2,-2,-2,-2,0.281149425,0.483289593,0.544388186,0.25,0.54171793,0.55587555,0.277220349,0.465214041,0.576444444,0.226190476,0.359466543,0.436686391,0.542374031,0.420240437,0.543499776,0.494815185,0.513815789,0.488494488,0.535357143,0.213414634,0.26744186,0.199152542,0.244680851,0.320512821,0.388,-2,0.451068424,-2,-2,-2,0.243243243,-2,0.338709677,0.581296284,-2,-2,-2,-2,0.562289275,-2,-2,-2,0.337185388,0.212962963,0.417149181,0.406827254,0.358663636,-2,0.63692438,0.701866421,0.375435787,0.328256608,0.35234748,0.472218923,0.469417684,0.661323596,0.365425685,0.338826191,0.2890625,-2,-2,-2,-2,0.338816876,-2,-2,-2,-2,-2,-2,0.137640449,0.689618792,-2,-2,0.712748918,0.436269539,-2,0.558823154,-2,0.439665519,0.445636632,0.283333333,0.405877095,0.714067226,0.392944445,0.595712606,-2,0.613989841,0.239130435,-2,0.729403266,0.343439012,-2,0.664104213,-2,0.702906977,-2,-2,-2,-2,-2,-2,-2,-2,-2,-2,-2BRA,0.685415637,0.690455003,-2,0.396741573,0.717788866,0.72856758,0.330188679,0.347368421,-2,-2,-2,-2,-2,-2,-2,0.684266438,-2,0.713766328,0.782480159,0.752887989,0.782893,0.766578576,0.747830898,0.786722452,0.705647222,-2,-2,0.751999491,0.781421857,-2,0.763834338,0.789246254,0.76709921,0.772859848,0.759334087,0.630378875,0.67311275,0.678324427,0.653935655,0.694055497,0.526878307,-2,-2,-2,0.642199459,-2,0.461927864,-2,0.29256583,0.657357884,0.286945281,-2,-2,0.73054097,-2,0.428571429,0.280176137,-2,-2,-2,0.371197332,-2,-2,0.676195009,0.527893297,0.295812238,-2,0.290818618,0.296060254,-2,-2,-2,0.294847637,0.291340174,-2,-2,-2,0.496914111,0.628669536,0.66702466,0.680119699,0.670839954,-2,-2,-2,-2,-2,0.325549451,0.491051351,0.53664346,0.25308642,0.559940263,0.543282133,0.328434651,0.457348054,0.594057808,0.245714286,0.392294076,0.446515151,0.523148546,0.453419645,0.543823529,0.493272974,0.485277984,0.488666789,0.518797179,0.226190476,0.255813953,0.212,0.232323232,0.3125,0.419247959,-2,0.452518797,-2,-2,-2,0.22972973,-2,0.322580645,0.525425282,-2,-2,-2,-2,0.544506254,-2,-2,-2,0.377067929,0.210526316,0.451159615,0.430314126,0.382996427,-2,0.637923834,0.676544451,0.41209463,0.358996283,0.390916209,0.469440632,0.4865603,0.654175351,0.389122848,0.359521195,0.318181818,-2,-2,-2,-2,0.370767367,-2,-2,-2,-2,-2,-2,0.155913978,0.715663786,-2,-2,0.72213693,0.460815816,-2,0.609530636,-2,0.455413956,0.464907063,0.3,0.441295557,0.735639798,0.393751241,0.571363507,-2,0.621071303,0.195652174,-2,0.730783401,0.396951673,-2,0.632729401,-2,0.686525187,-2,-2,-2,-2,-2,-2,-2,-2,-2,-2,-2BOL,0.630021659,0.658313714,-2,0.371793687,0.717675195,0.666550628,0.351648352,0.355421687,-2,-2,-2,-2,-2,-2,-2,0.699087832,-2,0.763716412,0.787121628,0.75847144,0.724488327,0.781817592,0.740204799,0.758147424,0.743565892,-2,-2,0.787550561,0.742540245,0.763834338,-2,0.767643936,0.747365298,0.756078135,0.789676362,0.585382987,0.653822829,0.608952532,0.585717999,0.623476191,0.469606745,-2,-2,-2,0.577131963,-2,0.42,-2,0.311709255,0.656379558,0.30029513,-2,-2,0.637037994,-2,0.5,0.299050772,-2,-2,-2,0.402336196,-2,-2,0.653404762,0.552829214,0.314561403,-2,0.309775098,0.313643411,-2,-2,-2,0.312348645,0.311709255,-2,-2,-2,0.508318978,0.634400871,0.647838423,0.642934806,0.667489271,-2,-2,-2,-2,-2,0.332277073,0.481743765,0.553783205,0.262237762,0.561258969,0.558184695,0.327965024,0.509753783,0.634718014,0.257961783,0.398966856,0.476972445,0.558823839,0.473358396,0.540880172,0.511048951,0.507121006,0.510946451,0.533836997,0.232394366,0.236111111,0.233944954,0.252941176,0.328358209,0.408833237,-2,0.496361842,-2,-2,-2,0.209677419,-2,0.333333333,0.471212178,-2,-2,-2,-2,0.548605456,-2,-2,-2,0.398045092,0.213541667,0.484545181,0.476602003,0.414288454,-2,0.672963552,0.637576275,0.429784669,0.384512225,0.456633428,0.523807945,0.522584919,0.636239521,0.430941155,0.399342498,0.298245614,-2,-2,-2,-2,0.411527959,-2,-2,-2,-2,-2,-2,0.162650602,0.652032085,-2,-2,0.710930233,0.491753796,-2,0.595150705,-2,0.48788975,0.503308445,0.269230769,0.483461595,0.740396308,0.445438406,0.621929824,-2,0.659254015,0.166666667,-2,0.719286073,0.433729121,-2,0.599603879,-2,0.643078993,-2,-2,-2,-2,-2,-2,-2,-2,-2,-2,-2PRY,0.728114516,0.705180049,-2,0.354299918,0.731304479,0.730610997,0.347826087,0.375,-2,-2,-2,-2,-2,-2,-2,0.670372031,-2,0.77526821,0.839601468,0.833006346,0.825421736,0.833263403,0.808020964,0.838052364,0.730461855,-2,-2,0.758617077,0.823799705,0.789246254,0.767643936,-2,0.789060613,0.83130643,0.796445298,0.653650326,0.700004473,0.695202416,0.665343324,0.715015366,0.542627604,-2,-2,-2,0.664183103,-2,0.47536295,-2,0.254097517,0.683214046,0.249541948,-2,-2,0.737756654,-2,0.423076923,0.238557217,-2,-2,-2,0.345082263,-2,-2,0.70268655,0.546876714,0.250796886,-2,0.254097517,0.248736301,-2,-2,-2,0.247453974,0.252835653,-2,-2,-2,0.530196824,0.656407962,0.692037576,0.705701186,0.692297477,-2,-2,-2,-2,-2,0.287391305,0.506279965,0.576863354,0.229166667,0.565687943,0.573373057,0.282432661,0.492967444,0.605415174,0.233766234,0.369434116,0.45255905,0.565064151,0.419195532,0.561111111,0.529990431,0.529493464,0.520544082,0.594444692,0.211