1959,USA,CAN,BHS,CUB,HTI,DOM,JAM,TTO,BRB,DMA,GRD,LCA,VCT,ATG,KNA,MEX,BLZ,GTM,HND,SLV,NIC,CRI,PAN,COL,VEN,GUY,SUR,ECU,PER,BRA,BOL,PRY,CHL,ARG,URY,GBR,IRL,NLD,BEL,LUX,FRA,MCO,LIE,CHE,ESP,AND,PRT,DEU,POL,AUT,HUN,CZE,SVK,ITA,SMR,MLT,ALB,MNE,MKD,HRV,SRB,BIH,SVN,GRC,CYP,BGR,MDA,ROU,RUS,EST,LVA,LTU,UKR,BLR,ARM,GEO,AZE,FIN,SWE,NOR,DNK,ISL,CPV,STP,GNB,GNQ,GMB,MLI,SEN,BEN,MRT,NER,CIV,GIN,BFA,LBR,SLE,GHA,TGO,CMR,NGA,GAB,CAF,TCD,COG,COD,UGA,KEN,TZA,BDI,RWA,SOM,DJI,ETH,ERI,AGO,MOZ,ZMB,ZWE,MWI,ZAF,NAM,LSO,BWA,SWZ,MDG,COM,MUS,SYC,MAR,DZA,TUN,LBY,SDN,SSD,IRN,TUR,IRQ,EGY,SYR,LBN,JOR,ISR,SAU,YEM,KWT,BHR,QAT,ARE,OMN,AFG,TKM,TJK,KGZ,UZB,KAZ,CHN,MNG,TWN,PRK,KOR,JPN,IND,BTN,PAK,BGD,MMR,LKA,MDV,NPL,THA,KHM,LAO,VNM,MYS,SGP,BRN,PHL,IDN,TLS,AUS,PNG,NZL,VUT,SLB,KIR,TUV,FJI,TON,NRU,MHL,PLW,FSM,WSMUSA,-2,0.815811518,-2,0.155028249,0.560880503,0.714823529,0.443773585,0.484842105,-2,-2,-2,-2,-2,-2,-2,0.594255319,-2,0.675111111,0.678461538,0.716374269,0.822377622,0.6552,0.638651685,0.651567568,0.593157895,-2,-2,0.589281046,0.701530055,0.620837696,0.601754386,0.709058824,0.595183246,0.636230366,0.6125,0.877692308,0.758210526,0.831204188,0.846596859,0.854893617,0.679259259,-2,-2,-2,0.724574468,-2,0.63,-2,0.174450262,0.651623037,0.174450262,-2,-2,0.815811518,-2,0.91,0.164311377,-2,-2,-2,0.236020942,-2,-2,0.745425532,0.435555556,0.177234043,-2,0.174450262,0.174450262,-2,-2,-2,0.174450262,0.174450262,-2,-2,-2,0.590052356,0.665368421,0.697801047,0.708062827,0.739401198,-2,-2,-2,-2,-2,0.22198895,0.362173913,0.383205128,0.332716049,0.413913043,0.417613636,0.235828877,0.366024096,0.440213904,0.321034483,0.26962963,0.3528,0.412921348,0.335263158,0.471851852,0.38744186,0.393248408,0.341515152,0.383976608,0.245,0.319069767,0.25872,0.247474747,0.4165,0.273488372,-2,0.305925926,-2,-2,-2,0.238378378,-2,0.379354839,0.733496933,-2,-2,-2,-2,0.444972973,-2,-2,-2,0.232542373,0.206315789,0.309197861,0.308913043,0.247692308,-2,0.505638298,0.762222222,0.216631579,0.197037037,0.231538462,0.314438503,0.330217391,0.550918919,0.245,0.201025641,0.267272727,-2,-2,-2,-2,0.237263158,-2,-2,-2,-2,-2,-2,0.184408602,0.637777778,-2,-2,0.687539267,0.350736842,-2,0.404444444,-2,0.292460733,0.349621622,0.294,0.295053763,0.546736842,0.259602649,0.425526316,-2,0.520947368,0.29826087,-2,0.54962963,0.256510067,-2,0.892774869,-2,0.836335079,-2,-2,-2,-2,-2,-2,-2,-2,-2,-2,-2CAN,0.815811518,-2,-2,0.198202247,0.643125,0.773684211,0.58245283,0.608631579,-2,-2,-2,-2,-2,-2,-2,0.684444444,-2,0.752596685,0.728194444,0.756491228,0.871111111,0.718295455,0.684357542,0.684946237,0.661884817,-2,-2,0.687272727,0.719021739,0.709479167,0.695116279,0.755176471,0.668645833,0.694166667,0.688648649,0.775384615,0.851727749,0.877916667,0.856858639,0.896595745,0.585925926,-2,-2,-2,0.705185185,-2,0.52822695,-2,0.219479167,0.745208333,0.219479167,-2,-2,0.867708333,-2,0.91,0.198333333,-2,-2,-2,0.296041667,-2,-2,0.776702128,0.501395349,0.222962963,-2,0.219479167,0.219479167,-2,-2,-2,0.219479167,0.219479167,-2,-2,-2,0.678854167,0.758210526,0.779895288,0.785026178,0.792215569,-2,-2,-2,-2,-2,0.274615385,0.381405405,0.461910828,0.405308642,0.477901235,0.476158192,0.276276596,0.428383234,0.536914894,0.3976,0.319789474,0.412045455,0.509162011,0.420732984,0.518823529,0.447514451,0.45278481,0.412631579,0.415930233,0.35,0.410232558,0.34496,0.346464646,0.49,0.317225434,-2,0.355894737,-2,-2,-2,0.344324324,-2,0.537419355,0.639390244,-2,-2,-2,-2,0.500537634,-2,-2,-2,0.319325843,0.283684211,0.359680851,0.386702703,0.315956284,-2,0.601481481,0.814947368,0.282198953,0.268210526,0.274615385,0.359680851,0.386702703,0.658602151,0.310434783,0.268407643,0.445454545,-2,-2,-2,-2,0.307853403,-2,-2,-2,-2,-2,-2,0.231827957,0.706631579,-2,-2,0.775833333,0.466910995,-2,0.474526316,-2,0.377708333,0.405698925,0.49,0.377326203,0.636230366,0.322368421,0.486797386,-2,0.615706806,0.255652174,-2,0.629263158,0.3136,-2,0.8728125,-2,0.877916667,-2,-2,-2,-2,-2,-2,-2,-2,-2,-2,-2BHS,-2,-2,-2,-2,-2,-2,-2,-2,-2,-2,-2,-2,-2,-2,-2,-2,-2,-2,-2,-2,-2,-2,-2,-2,-2,-2,-2,-2,-2,-2,-2,-2,-2,-2,-2,-2,-2,-2,-2,-2,-2,-2,-2,-2,-2,-2,-2,-2,-2,-2,-2,-2,-2,-2,-2,-2,-2,-2,-2,-2,-2,-2,-2,-2,-2,-2,-2,-2,-2,-2,-2,-2,-2,-2,-2,-2,-2,-2,-2,-2,-2,-2,-2,-2,-2,-2,-2,-2,-2,-2,-2,-2,-2,-2,-2,-2,-2,-2,-2,-2,-2,-2,-2,-2,-2,-2,-2,-2,-2,-2,-2,-2,-2,-2,-2,-2,-2,-2,-2,-2,-2,-2,-2,-2,-2,-2,-2,-2,-2,-2,-2,-2,-2,-2,-2,-2,-2,-2,-2,-2,-2,-2,-2,-2,-2,-2,-2,-2,-2,-2,-2,-2,-2,-2,-2,-2,-2,-2,-2,-2,-2,-2,-2,-2,-2,-2,-2,-2,-2,-2,-2,-2,-2,-2,-2,-2,-2,-2,-2,-2,-2,-2,-2,-2,-2,-2,-2,-2,-2,-2,-2,-2,-2,-2CUB,0.155028249,0.198202247,-2,-2,0.377432432,0.238875,0.484842105,0.531325301,-2,-2,-2,-2,-2,-2,-2,0.3416,-2,0.237751479,0.213684211,0.206956522,0.197462687,0.274878049,0.270344828,0.260225989,0.298983051,-2,-2,0.29737931,0.240701754,0.280786517,0.285316456,0.210886076,0.335842697,0.291797753,0.305895954,0.169166667,0.232542373,0.203707865,0.193785311,0.185862069,0.1512,-2,-2,-2,0.1736,-2,0.1071875,-2,0.930449438,0.236741573,0.930449438,-2,-2,0.187191011,-2,0.21,0.904615385,-2,-2,-2,0.759775281,-2,-2,0.256136364,0.483797468,0.9296,-2,0.930449438,0.930449438,-2,-2,-2,0.930449438,0.930449438,-2,-2,-2,0.269775281,0.283977273,0.276836158,0.260225989,0.230955414,-2,-2,-2,-2,-2,0.756491228,0.555144509,0.541398601,0.609189189,0.535733333,0.49597561,0.754712644,0.533974359,0.478735632,0.564941176,0.688202247,0.501666667,0.4725,0.564745763,0.555590551,0.484166667,0.537638889,0.638139535,0.580958084,0.688333333,0.797674419,0.737168142,0.668705882,0.583037975,0.68173913,-2,0.640340909,-2,-2,-2,0.768108108,-2,0.695483871,0.091466667,-2,-2,-2,-2,0.467209302,-2,-2,-2,0.695857988,0.7546,0.6048,0.613908046,0.674470588,-2,0.396404494,0.278409091,0.719774011,0.735,0.743647059,0.5376,0.621046512,0.322890173,0.67254902,0.721756757,0.5971875,-2,-2,-2,-2,0.692090395,-2,-2,-2,-2,-2,-2,0.917325581,0.295113636,-2,-2,0.264269663,0.592429379,-2,0.540113636,-2,0.578089888,0.575465116,0.588,0.560809249,0.33220339,0.596521739,0.389219858,-2,0.398644068,0.852173913,-2,0.390898876,0.735,-2,0.203707865,-2,0.209213483,-2,-2,-2,-2,-2,-2,-2,-2,-2,-2,-2HTI,0.560880503,0.643125,-2,0.377432432,-2,0.726666667,0.708433735,0.738181818,-2,-2,-2,-2,-2,-2,-2,0.750506329,-2,0.68916129,0.73300813,0.72,0.686771654,0.735,0.715135135,0.716153846,0.739622642,-2,-2,0.748091603,0.741447368,0.741125,0.723172414,0.717746479,0.74725,0.692125,0.780254777,0.519205298,0.6615,0.581875,0.604025157,0.607848101,0.403164557,-2,-2,-2,0.536815287,-2,0.28973913,-2,0.385875,0.588,0.385875,-2,-2,0.606375,-2,0.871111111,0.398758621,-2,-2,-2,0.447125,-2,-2,0.626455696,0.588,0.385875,-2,0.37975,0.385875,-2,-2,-2,0.385875,0.385875,-2,-2,-2,0.50225,0.60164557,0.610188679,0.604025157,0.603623188,-2,-2,-2,-2,-2,0.454771242,0.556387097,0.686,0.579416058,0.697985612,0.697181208,0.452307692,0.632916667,0.721132075,0.567724138,0.49,0.605100671,0.6664,0.597861635,0.739152542,0.694166667,0.670147059,0.581061947,0.651048951,0.5359375,0.569032258,0.565045045,0.585609756,0.715555556,0.503424658,-2,0.542389937,-2,-2,-2,0.574482759,-2,0.653333333,0.422043796,-2,-2,-2,-2,0.722435897,-2,-2,-2,0.480264901,0.511777778,0.471153846,0.553636364,0.509090909,-2,0.745786164,0.632658228,0.47775,0.468427673,0.477272727,0.514810127,0.619612903,0.706363636,0.468382353,0.464210526,0.632916667,-2,-2,-2,-2,0.486918239,-2,-2,-2,-2,-2,-2,0.402051282,0.671823899,-2,-2,0.637,0.554716981,-2,0.626455696,-2,0.471625,0.502727273,0.68173913,0.493121019,0.714968553,0.445454545,0.611578947,-2,0.704375,0.49,-2,0.82075,0.455813953,-2,0.569625,-2,0.6125,-2,-2,-2,-2,-2,-2,-2,-2,-2,-2,-2DOM,0.714823529,0.773684211,-2,0.238875,0.726666667,-2,0.686,0.72091954,-2,-2,-2,-2,-2,-2,-2,0.764166667,-2,0.805644172,0.873643411,0.893710692,0.889538462,0.847225806,0.793924051,0.816666667,0.784,-2,-2,0.775539568,0.856766467,0.796608187,0.744545455,0.856688742,0.785146199,0.825263158,0.785180723,0.647393939,0.808070175,0.733567251,0.766705882,0.774610778,0.5425,-2,-2,-2,0.688333333,-2,0.417704918,-2,0.246432749,0.733567251,0.246432749,-2,-2,0.773684211,-2,0.77,0.220662252,-2,-2,-2,0.343859649,-2,-2,0.771242604,0.540909091,0.246432749,-2,0.246432749,0.246432749,-2,-2,-2,0.246432749,0.246432749,-2,-2,-2,0.630409357,0.714823529,0.732117647,0.743647059,0.715135135,-2,-2,-2,-2,-2,0.318650307,0.451393939,0.567,0.486573427,0.588,0.548553459,0.326666667,0.509342105,0.589166667,0.433461538,0.355321637,0.474591195,0.592839506,0.466941176,0.634590164,0.570065359,0.534545455,0.485811966,0.522236842,0.451315789,0.588,0.404035088,0.467209302,0.684657534,0.375454545,-2,0.409294118,-2,-2,-2,0.56,-2,0.675862069,0.554206897,-2,-2,-2,-2,0.590361446,-2,-2,-2,0.343,0.376161616,0.382721893,0.442771084,0.392,-2,0.647602339,0.75964497,0.349590643,0.342130178,0.346585366,0.455,0.472289157,0.671151515,0.37006993,0.365774648,0.540689655,-2,-2,-2,-2,0.368941176,-2,-2,-2,-2,-2,-2,0.261333333,0.765443787,-2,-2,0.779415205,0.495764706,-2,0.516094675,-2,0.406900585,0.448674699,0.665,0.42251497,0.662941176,0.338947368,0.54212766,-2,0.645647059,0.511304348,-2,0.733567251,0.291755725,-2,0.733567251,-2,0.750760234,-2,-2,-2,-2,-2,-2,-2,-2,-2,-2,-2JAM,0.443773585,0.58245283,-2,0.484842105,0.708433735,0.686,-2,0.790681818,-2,-2,-2,-2,-2,-2,-2,0.693396226,-2,0.66950495,0.602168675,0.660434783,0.653333333,0.681333333,0.635957447,0.634117647,0.67490566,-2,-2,0.768108108,0.637,0.647169811,0.689230769,0.68173913,0.67490566,0.665660377,0.730196078,0.441,0.644,0.545471698,0.536226415,0.569333333,0.258867925,-2,-2,-2,0.499423077,-2,0.267272727,-2,0.480754717,0.591698113,0.480754717,-2,-2,0.573207547,-2,0.49,0.43686747,-2,-2,-2,0.610188679,-2,-2,0.637475728,0.765977011,0.485242718,-2,0.480754717,0.480754717,-2,-2,-2,0.480754717,0.480754717,-2,-2,-2,0.600943396,0.616,0.591698113,0.610188679,0.601584158,-2,-2,-2,-2,-2,0.561458333,0.627961165,0.748764045,0.6272,0.688085106,0.65009901,0.561359223,0.620666667,0.761165049,0.656808511,0.640769231,0.63,0.722626263,0.662666667,0.701728395,0.710769231,0.723333333,0.683421053,0.649782609,0.583037975,0.752093023,0.609777778,0.592307692,0.797066667,0.608631579,-2,0.669038462,-2,-2,-2,0.741621622,-2,0.790322581,0.278409091,-2,-2,-2,-2,0.67254902,-2,-2,-2,0.6468,0.504,0.646990291,0.694563107,0.585979381,-2,0.808737864,0.650192308,0.597333333,0.588,0.58038835,0.735,0.64039604,0.698613861,0.686,0.661818182,0.757272727,-2,-2,-2,-2,0.625333333,-2,-2,-2,-2,-2,-2,0.480754717,0.7,-2,-2,0.684150943,0.776603774,-2,0.709333333,-2,0.647169811,0.679207921,0.751333333,0.688910891,0.737333333,0.526567164,0.653333333,-2,0.758113208,0.68173913,-2,0.678461538,0.5971875,-2,0.526981132,-2,0.563962264,-2,-2,-2,-2,-2,-2,-2,-2,-2,-2,-2TTO,0.484842105,0.608631579,-2,0.531325301,0.738181818,0.72091954,0.790681818,-2,-2,-2,-2,-2,-2,-2,-2,0.711789474,-2,0.696888889,0.679466667,0.688333333,0.712727273,0.727096774,0.64939759,0.7,0.711789474,-2,-2,0.821470588,0.664222222,0.680842105,0.696626506,0.735,0.722105263,0.732421053,0.76106383,0.484494382,0.677659574,0.618947368,0.567368421,0.600645161,0.268210526,-2,-2,-2,0.505806452,-2,0.330909091,-2,0.546736842,0.680842105,0.546736842,-2,-2,0.608631579,-2,0.653333333,0.509090909,-2,-2,-2,0.649894737,-2,-2,0.680842105,0.800731707,0.546736842,-2,0.546736842,0.546736842,-2,-2,-2,0.546736842,0.546736842,-2,-2,-2,0.577684211,0.646382979,0.629263158,0.639578947,0.686,-2,-2,-2,-2,-2,0.630804598,0.686,0.810617284,0.696888889,0.746136364,0.7,0.611182796,0.720240964,0.766956522,0.657317073,0.711789474,0.687126437,0.792808989,0.732421053,0.766956522,0.68962963,0.746666667,0.723692308,0.774320988,0.676338028,0.821081081,0.657176471,0.637590361,0.801818182,0.705121951,-2,0.663870968,-2,-2,-2,0.765625,-2,0.762222222,0.3185,-2,-2,-2,-2,0.732307692,-2,-2,-2,0.649662921,0.598315789,0.719361702,0.7,0.645909091,-2,0.750638298,0.649894737,0.625531915,0.635957447,0.671086957,0.777608696,0.667692308,0.762222222,0.694683544,0.706176471,0.766181818,-2,-2,-2,-2,0.635957447,-2,-2,-2,-2,-2,-2,0.546736842,0.719361702,-2,-2,0.680842105,0.794315789,-2,0.750638298,-2,0.649894737,0.678461538,0.775833333,0.707777778,0.667234043,0.58483871,0.621126761,-2,0.825263158,0.7,-2,0.742736842,0.653333333,-2,0.567368421,-2,0.598315789,-2,-2,-2,-2,-2,-2,-2,-2,-2,-2,-2BRB,-2,-2,-2,-2,-2,-2,-2,-2,-2,-2,-2,-2,-2,-2,-2,-2,-2,-2,-2,-2,-2,-2,-2,-2,-2,-2,-2,-2,-2,-2,-2,-2,-2,-2,-2,-2,-2,-2,-2,-2,-2,-2,-2,-2,-2,-2,-2,-2,-2,-2,-2,-2,-2,-2,-2,-2,-2,-2,-2,-2,-2,-2,-2,-2,-2,-2,-2,-2,-2,-2,-2,-2,-2,-2,-2,-2,-2,-2,-2,-2,-2,-2,-2,-2,-2,-2,-2,-2,-2,-2,-2,-2,-2,-2,-2,-2,-2,-2,-2,-2,-2,-2,-2,-2,-2,-2,-2,-2,-2,-2,-2,-2,-2,-2,-2,-2,-2,-2,-2,-2,-2,-2,-2,-2,-2,-2,-2,-2,-2,-2,-2,-2,-2,-2,-2,-2,-2,-2,-2,-2,-2,-2,-2,-2,-2,-2,-2,-2,-2,-2,-2,-2,-2,-2,-2,-2,-2,-2,-2,-2,-2,-2,-2,-2,-2,-2,-2,-2,-2,-2,-2,-2,-2,-2,-2,-2,-2,-2,-2,-2,-2,-2,-2,-2,-2,-2,-2,-2,-2,-2,-2,-2,-2,-2DMA,-2,-2,-2,-2,-2,-2,-2,-2,-2,-2,-2,-2,-2,-2,-2,-2,-2,-2,-2,-2,-2,-2,-2,-2,-2,-2,-2,-2,-2,-2,-2,-2,-2,-2,-2,-2,-2,-2,-2,-2,-2,-2,-2,-2,-2,-2,-2,-2,-2,-2,-2,-2,-2,-2,-2,-2,-2,-2,-2,-2,-2,-2,-2,-2,-2,-2,-2,-2,-2,-2,-2,-2,-2,-2,-2,-2,-2,-2,-2,-2,-2,-2,-2,-2,-2,-2,-2,-2,-2,-2,-2,-2,-2,-2,-2,-2,-2,-2,-2,-2,-2,-2,-2,-2,-2,-2,-2,-2,-2,-2,-2,-2,-2,-2,-2,-2,-2,-2,-2,-2,-2,-2,-2,-2,-2,-2,-2,-2,-2,-2,-2,-2,-2,-2,-2,-2,-2,-2,-2,-2,-2,-2,-2,-2,-2,-2,-2,-2,-2,-2,-2,-2,-2,-2,-2,-2,-2,-2,-2,-2,-2,-2,-2,-2,-2,-2,-2,-2,-2,-2,-2,-2,-2,-2,-2,-2,-2,-2,-2,-2,-2,-2,-2,-2,-2,-2,-2,-2,-2,-2,-2,-2,-2,-2GRD,-2,-2,-2,-2,-2,-2,-2,-2,-2,-2,-2,-2,-2,-2,-2,-2,-2,-2,-2,-2,-2,-2,-2,-2,-2,-2,-2,-2,-2,-2,-2,-2,-2,-2,-2,-2,-2,-2,-2,-2,-2,-2,-2,-2,-2,-2,-2,-2,-2,-2,-2,-2,-2,-2,-2,-2,-2,-2,-2,-2,-2,-2,-2,-2,-2,-2,-2,-2,-2,-2,-2,-2,-2,-2,-2,-2,-2,-2,-2,-2,-2,-2,-2,-2,-2,-2,-2,-2,-2,-2,-2,-2,-2,-2,-2,-2,-2,-2,-2,-2,-2,-2,-2,-2,-2,-2,-2,-2,-2,-2,-2,-2,-2,-2,-2,-2,-2,-2,-2,-2,-2,-2,-2,-2,-2,-2,-2,-2,-2,-2,-2,-2,-2,-2,-2,-2,-2,-2,-2,-2,-2,-2,-2,-2,-2,-2,-2,-2,-2,-2,-2,-2,-2,-2,-2,-2,-2,-2,-2,-2,-2,-2,-2,-2,-2,-2,-2,-2,-2,-2,-2,-2,-2,-2,-2,-2,-2,-2,-2,-2,-2,-2,-2,-2,-2,-2,-2,-2,-2,-2,-2,-2,-2,-2LCA,-2,-2,-2,-2,-2,-2,-2,-2,-2,-2,-2,-2,-2,-2,-2,-2,-2,-2,-2,-2,-2,-2,-2,-2,-2,-2,-2,-2,-2,-2,-2,-2,-2,-2,-2,-2,-2,-2,-2,-2,-2,-2,-2,-2,-2,-2,-2,-2,-2,-2,-2,-2,-2,-2,-2,-2,-2,-2,-2,-2,-2,-2,-2,-2,-2,-2,-2,-2,-2,-2,-2,-2,-2,-2,-2,-2,-2,-2,-2,-2,-2,-2,-2,-2,-2,-2,-2,-2,-2,-2,-2,-2,-2,-2,-2,-2,-2,-2,-2,-2,-2,-2,-2,-2,-2,-2,-2,-2,-2,-2,-2,-2,-2,-2,-2,-2,-2,-2,-2,-2,-2,-2,-2,-2,-2,-2,-2,-2,-2,-2,-2,-2,-2,-2,-2,-2,-2,-2,-2,-2,-2,-2,-2,-2,-2,-2,-2,-2,-2,-2,-2,-2,-2,-2,-2,-2,-2,-2,-2,-2,-2,-2,-2,-2,-2,-2,-2,-2,-2,-2,-2,-2,-2,-2,-2,-2,-2,-2,-2,-2,-2,-2,-2,-2,-2,-2,-2,-2,-2,-2,-2,-2,-2,-2VCT,-2,-2,-2,-2,-2,-2,-2,-2,-2,-2,-2,-2,-2,-2,-2,-2,-2,-2,-2,-2,-2,-2,-2,-2,-2,-2,-2,-2,-2,-2,-2,-2,-2,-2,-2,-2,-2,-2,-2,-2,-2,-2,-2,-2,-2,-2,-2,-2,-2,-2,-2,-2,-2,-2,-2,-2,-2,-2,-2,-2,-2,-2,-2,-2,-2,-2,-2,-2,-2,-2,-2,-2,-2,-2,-2,-2,-2,-2,-2,-2,-2,-2,-2,-2,-2,-2,-2,-2,-2,-2,-2,-2,-2,-2,-2,-2,-2,-2,-2,-2,-2,-2,-2,-2,-2,-2,-2,-2,-2,-2,-2,-2,-2,-2,-2,-2,-2,-2,-2,-2,-2,-2,-2,-2,-2,-2,-2,-2,-2,-2,-2,-2,-2,-2,-2,-2,-2,-2,-2,-2,-2,-2,-2,-2,-2,-2,-2,-2,-2,-2,-2,-2,-2,-2,-2,-2,-2,-2,-2,-2,-2,-2,-2,-2,-2,-2,-2,-2,-2,-2,-2,-2,-2,-2,-2,-2,-2,-2,-2,-2,-2,-2,-2,-2,-2,-2,-2,-2,-2,-2,-2,-2,-2,-2ATG,-2,-2,-2,-2,-2,-2,-2,-2,-2,-2,-2,-2,-2,-2,-2,-2,-2,-2,-2,-2,-2,-2,-2,-2,-2,-2,-2,-2,-2,-2,-2,-2,-2,-2,-2,-2,-2,-2,-2,-2,-2,-2,-2,-2,-2,-2,-2,-2,-2,-2,-2,-2,-2,-2,-2,-2,-2,-2,-2,-2,-2,-2,-2,-2,-2,-2,-2,-2,-2,-2,-2,-2,-2,-2,-2,-2,-2,-2,-2,-2,-2,-2,-2,-2,-2,-2,-2,-2,-2,-2,-2,-2,-2,-2,-2,-2,-2,-2,-2,-2,-2,-2,-2,-2,-2,-2,-2,-2,-2,-2,-2,-2,-2,-2,-2,-2,-2,-2,-2,-2,-2,-2,-2,-2,-2,-2,-2,-2,-2,-2,-2,-2,-2,-2,-2,-2,-2,-2,-2,-2,-2,-2,-2,-2,-2,-2,-2,-2,-2,-2,-2,-2,-2,-2,-2,-2,-2,-2,-2,-2,-2,-2,-2,-2,-2,-2,-2,-2,-2,-2,-2,-2,-2,-2,-2,-2,-2,-2,-2,-2,-2,-2,-2,-2,-2,-2,-2,-2,-2,-2,-2,-2,-2,-2KNA,-2,-2,-2,-2,-2,-2,-2,-2,-2,-2,-2,-2,-2,-2,-2,-2,-2,-2,-2,-2,-2,-2,-2,-2,-2,-2,-2,-2,-2,-2,-2,-2,-2,-2,-2,-2,-2,-2,-2,-2,-2,-2,-2,-2,-2,-2,-2,-2,-2,-2,-2,-2,-2,-2,-2,-2,-2,-2,-2,-2,-2,-2,-2,-2,-2,-2,-2,-2,-2,-2,-2,-2,-2,-2,-2,-2,-2,-2,-2,-2,-2,-2,-2,-2,-2,-2,-2,-2,-2,-2,-2,-2,-2,-2,-2,-2,-2,-2,-2,-2,-2,-2,-2,-2,-2,-2,-2,-2,-2,-2,-2,-2,-2,-2,-2,-2,-2,-2,-2,-2,-2,-2,-2,-2,-2,-2,-2,-2,-2,-2,-2,-2,-2,-2,-2,-2,-2,-2,-2,-2,-2,-2,-2,-2,-2,-2,-2,-2,-2,-2,-2,-2,-2,-2,-2,-2,-2,-2,-2,-2,-2,-2,-2,-2,-2,-2,-2,-2,-2,-2,-2,-2,-2,-2,-2,-2,-2,-2,-2,-2,-2,-2,-2,-2,-2,-2,-2,-2,-2,-2,-2,-2,-2,-2MEX,0.594255319,0.684444444,-2,0.3416,0.750506329,0.764166667,0.693396226,0.711789474,-2,-2,-2,-2,-2,-2,-2,-2,-2,0.781797753,0.843888889,0.806035503,0.743687943,0.827931034,0.757272727,0.76579235,0.813191489,-2,-2,0.844605263,0.774254144,0.782962963,0.771242604,0.757005988,0.803703704,0.793333333,0.813076923,0.531061453,0.688085106,0.601481481,0.609893617,0.625081081,0.405698925,-2,-2,-2,0.560748663,-2,0.312765957,-2,0.352592593,0.653333333,0.352592593,-2,-2,0.653333333,-2,0.77,0.332606061,-2,-2,-2,0.425185185,-2,-2,0.688648649,0.597278107,0.35827957,-2,0.352592593,0.352592593,-2,-2,-2,0.352592593,0.352592593,-2,-2,-2,0.56,0.628877005,0.620319149,0.641170213,0.627439024,-2,-2,-2,-2,-2,0.405139665,0.554615385,0.623636364,0.530062893,0.6125,0.6552,0.418486486,0.564242424,0.640972973,0.529883721,0.471657754,0.602643678,0.606931818,0.552553191,0.650895522,0.616823529,0.596794872,0.571666667,0.562485207,0.466666667,0.546976744,0.47824,0.544444444,0.686,0.472705882,-2,0.513582888,-2,-2,-2,0.503243243,-2,0.727096774,0.432173913,-2,-2,-2,-2,0.605136612,-2,-2,-2,0.4536,0.455614035,0.487351351,0.522307692,0.473666667,-2,0.711290323,0.649839572,0.417021277,0.393048128,0.421564246,0.513837838,0.533076923,0.685464481,0.443773585,0.423612903,0.564242424,-2,-2,-2,-2,0.448297872,-2,-2,-2,-2,-2,-2,0.358797814,0.717967914,-2,-2,0.720740741,0.609893617,-2,0.534545455,-2,0.534074074,0.562295082,0.718666667,0.516630435,0.740212766,0.49,0.679466667,-2,0.745425532,0.468695652,-2,0.73368984,0.426666667,-2,0.622222222,-2,0.658518519,-2,-2,-2,-2,-2,-2,-2,-2,-2,-2,-2BLZ,-2,-2,-2,-2,-2,-2,-2,-2,-2,-2,-2,-2,-2,-2,-2,-2,-2,-2,-2,-2,-2,-2,-2,-2,-2,-2,-2,-2,-2,-2,-2,-2,-2,-2,-2,-2,-2,-2,-2,-2,-2,-2,-2,-2,-2,-2,-2,-2,-2,-2,-2,-2,-2,-2,-2,-2,-2,-2,-2,-2,-2,-2,-2,-2,-2,-2,-2,-2,-2,-2,-2,-2,-2,-2,-2,-2,-2,-2,-2,-2,-2,-2,-2,-2,-2,-2,-2,-2,-2,-2,-2,-2,-2,-2,-2,-2,-2,-2,-2,-2,-2,-2,-2,-2,-2,-2,-2,-2,-2,-2,-2,-2,-2,-2,-2,-2,-2,-2,-2,-2,-2,-2,-2,-2,-2,-2,-2,-2,-2,-2,-2,-2,-2,-2,-2,-2,-2,-2,-2,-2,-2,-2,-2,-2,-2,-2,-2,-2,-2,-2,-2,-2,-2,-2,-2,-2,-2,-2,-2,-2,-2,-2,-2,-2,-2,-2,-2,-2,-2,-2,-2,-2,-2,-2,-2,-2,-2,-2,-2,-2,-2,-2,-2,-2,-2,-2,-2,-2,-2,-2,-2,-2,-2,-2GTM,0.675111111,0.752596685,-2,0.237751479,0.68916129,0.805644172,0.66950495,0.696888889,-2,-2,-2,-2,-2,-2,-2,0.781797753,-2,-2,0.829781022,0.850898204,0.830869565,0.828333333,0.77,0.791751412,0.789444444,-2,-2,0.805479452,0.793063584,0.763425414,0.770853659,0.791304348,0.763425414,0.790497238,0.773977273,0.624678363,0.762222222,0.67679558,0.696888889,0.708700565,0.495505618,-2,-2,-2,0.644157303,-2,0.411450382,-2,0.265303867,0.671381215,0.265303867,-2,-2,0.725524862,-2,0.91,0.241898734,-2,-2,-2,0.38441989,-2,-2,0.697627119,0.566086957,0.265303867,-2,0.265303867,0.265303867,-2,-2,-2,0.265303867,0.265303867,-2,-2,-2,0.557679558,0.65698324,0.653333333,0.675111111,0.651265823,-2,-2,-2,-2,-2,0.349590643,0.456590909,0.536351351,0.455225806,0.521410256,0.545088757,0.341348315,0.499245283,0.597966102,0.448170732,0.394189944,0.501529412,0.546976744,0.468222222,0.567368421,0.531829268,0.516133333,0.456335878,0.508148148,0.446582278,0.501395349,0.42,0.500888889,0.610909091,0.363832335,-2,0.427039106,-2,-2,-2,0.476756757,-2,0.600645161,0.555541401,-2,-2,-2,-2,0.5432,-2,-2,-2,0.389707602,0.410666667,0.429438202,0.456590909,0.376046512,-2,0.688202247,0.700782123,0.359333333,0.344916201,0.345549133,0.459548023,0.478735632,0.651477273,0.377908497,0.330993377,0.527692308,-2,-2,-2,-2,0.381111111,-2,-2,-2,-2,-2,-2,0.2744,0.706256983,-2,-2,0.74718232,0.533555556,-2,0.552960894,-2,0.449392265,0.4816,0.49,0.467727273,0.729555556,0.403120567,0.634929577,-2,0.686,0.426086957,-2,0.695307263,0.366618705,-2,0.693038674,-2,0.698453039,-2,-2,-2,-2,-2,-2,-2,-2,-2,-2,-2HND,0.678461538,0.728194444,-2,0.213684211,0.73300813,0.873643411,0.602168675,0.679466667,-2,-2,-2,-2,-2,-2,-2,0.843888889,-2,0.829781022,-2,0.914179104,0.815221239,0.894160584,0.825263158,0.848873239,0.842937063,-2,-2,0.847118644,0.887007299,0.809861111,0.850852713,0.9034375,0.809861111,0.837083333,0.855774648,0.641323529,0.789444444,0.680555556,0.726433566,0.728,0.50027972,-2,-2,-2,0.666944444,-2,0.395438596,-2,0.238194444,0.748611111,0.238194444,-2,-2,0.755416667,-2,0.904615385,0.216062992,-2,-2,-2,0.319861111,-2,-2,0.703943662,0.531782946,0.243262411,-2,0.231388889,0.238194444,-2,-2,-2,0.238194444,0.238194444,-2,-2,-2,0.619305556,0.724647887,0.733286713,0.726433566,0.723333333,-2,-2,-2,-2,-2,0.293284672,0.451223022,0.539830508,0.46256,0.542769231,0.528776978,0.298865248,0.49,0.590780142,0.433023256,0.347083333,0.507883212,0.562058824,0.452307692,0.596521739,0.54359375,0.511304348,0.462264151,0.517007874,0.383478261,0.432352941,0.378415842,0.434177215,0.606666667,0.361846154,-2,0.404335664,-2,-2,-2,0.371724138,-2,0.63,0.5488,-2,-2,-2,-2,0.581,-2,-2,-2,0.340869565,0.301538462,0.389219858,0.418985507,0.329051095,-2,0.680555556,0.676338028,0.326666667,0.303661972,0.309852941,0.455492958,0.444172662,0.731449275,0.364651163,0.31559322,0.43787234,-2,-2,-2,-2,0.335804196,-2,-2,-2,-2,-2,-2,0.241449275,0.738450704,-2,-2,0.735,0.520839161,-2,0.513986014,-2,0.442361111,0.479574468,0.565384615,0.45177305,0.748611111,0.355575221,0.582702703,-2,0.74013986,0.288235294,-2,0.789444444,0.320727273,-2,0.694166667,-2,0.694166667,-2,-2,-2,-2,-2,-2,-2,-2,-2,-2,-2SLV,0.716374269,0.756491228,-2,0.206956522,0.72,0.893710692,0.660434783,0.688333333,-2,-2,-2,-2,-2,-2,-2,0.806035503,-2,0.850898204,0.914179104,-2,0.841044776,0.86835443,0.818734177,0.829230769,0.835882353,-2,-2,0.838992806,0.867151515,0.808070175,0.801818182,0.88516129,0.785146199,0.830994152,0.84502994,0.629575758,0.785146199,0.710643275,0.739298246,0.7525,0.516094675,-2,-2,-2,0.7,-2,0.401639344,-2,0.223508772,0.727836257,0.223508772,-2,-2,0.762222222,-2,0.84,0.197315436,-2,-2,-2,0.343859649,-2,-2,0.737882353,0.531633987,0.223508772,-2,0.223508772,0.223508772,-2,-2,-2,0.223508772,0.223508772,-2,-2,-2,0.624678363,0.691764706,0.699181287,0.722105263,0.709210526,-2,-2,-2,-2,-2,0.330674847,0.466666667,0.546,0.43630137,0.540689655,0.55125,0.3325,0.493245033,0.580958084,0.434177215,0.361052632,0.486993865,0.538395062,0.455411765,0.608548387,0.540909091,0.514326241,0.456779661,0.506225166,0.412631579,0.513333333,0.383478261,0.431666667,0.622432432,0.376923077,-2,0.411715976,-2,-2,-2,0.462777778,-2,0.663870968,0.520413793,-2,-2,-2,-2,0.55748503,-2,-2,-2,0.344814815,0.34,0.387305389,0.428383234,0.344814815,-2,0.674470588,0.719053254,0.328588235,0.313136095,0.33060241,0.455,0.451393939,0.673012048,0.36,0.317464789,0.481403509,-2,-2,-2,-2,0.351647059,-2,-2,-2,-2,-2,-2,0.233333333,0.701656805,-2,-2,0.773684211,0.507294118,-2,0.524588235,-2,0.406900585,0.478192771,0.588,0.425060241,0.704912281,0.356363636,0.595259259,-2,0.680235294,0.426086957,-2,0.716374269,0.316615385,-2,0.704912281,-2,0.722105263,-2,-2,-2,-2,-2,-2,-2,-2,-2,-2,-2NIC,0.822377622,0.871111111,-2,0.197462687,0.686771654,0.889538462,0.653333333,0.712727273,-2,-2,-2,-2,-2,-2,-2,0.743687943,-2,0.830869565,0.815221239,0.841044776,-2,0.862105263,0.824090909,0.781258741,0.74013986,-2,-2,0.72504065,0.820141844,0.782638889,0.769481481,0.847368421,0.782638889,0.79625,0.772957746,0.735,0.864305556,0.816666667,0.836083916,0.869577465,0.600422535,-2,-2,-2,0.736737589,-2,0.49,-2,0.217777778,0.735,0.217777778,-2,-2,0.850694444,-2,0.98,0.20671875,-2,-2,-2,0.319861111,-2,-2,0.772957746,0.528888889,0.222411348,-2,0.217777778,0.217777778,-2,-2,-2,0.217777778,0.217777778,-2,-2,-2,0.660138889,0.753846154,0.781258741,0.788111888,0.793333333,-2,-2,-2,-2,-2,0.312463768,0.427,0.549137931,0.474193548,0.58016,0.561014493,0.322097902,0.512615385,0.565915493,0.402635659,0.347083333,0.457333333,0.563134328,0.445454545,0.647169811,0.51296875,0.49426087,0.48,0.48234375,0.348813559,0.49,0.396404494,0.448,0.653333333,0.341515152,-2,0.386478873,-2,-2,-2,0.449166667,-2,0.670526316,0.61936,-2,-2,-2,-2,0.582517483,-2,-2,-2,0.329,0.338765432,0.375319149,0.410070922,0.305362319,-2,0.637342657,0.807464789,0.294685315,0.274125874,0.300437956,0.403120567,0.440289855,0.690935252,0.33983871,0.292419355,0.512272727,-2,-2,-2,-2,0.313055556,-2,-2,-2,-2,-2,-2,0.238,0.712727273,-2,-2,0.803055556,0.462777778,-2,0.513986014,-2,0.374305556,0.418985507,0.588,0.386478873,0.687361111,0.334833333,0.53375,-2,0.660138889,0.326666667,-2,0.680555556,0.348813559,-2,0.843888889,-2,0.877916667,-2,-2,-2,-2,-2,-2,-2,-2,-2,-2,-2CRI,0.6552,0.718295455,-2,0.274878049,0.735,0.847225806,0.681333333,0.727096774,-2,-2,-2,-2,-2,-2,-2,0.827931034,-2,0.828333333,0.894160584,0.86835443,0.862105263,-2,0.859754601,0.826162791,0.8344,-2,-2,0.813191489,0.834166667,0.824090909,0.800126582,0.879487179,0.818522727,0.818522727,0.841647059,0.619879518,0.7448,0.662613636,0.7,0.723604651,0.48716763,-2,-2,-2,0.674104046,-2,0.369384615,-2,0.283977273,0.668181818,0.283977273,-2,-2,0.757272727,-2,0.84,0.262614379,-2,-2,-2,0.412045455,-2,-2,0.729302326,0.596794872,0.288901734,-2,0.283977273,0.283977273,-2,-2,-2,0.283977273,0.283977273,-2,-2,-2,0.579090909,0.692758621,0.7,0.7112,0.69910828,-2,-2,-2,-2,-2,0.377831325,0.481403509,0.604109589,0.48683871,0.595686275,0.583190184,0.385202312,0.549299363,0.626744186,0.517735849,0.428045977,0.522666667,0.5775,0.4984,0.640769231,0.576835443,0.575664336,0.528888889,0.536815287,0.484096386,0.524186047,0.456779661,0.520625,0.62475,0.40173913,-2,0.46183908,-2,-2,-2,0.476756757,-2,0.663870968,0.493288591,-2,-2,-2,-2,0.599529412,-2,-2,-2,0.406341463,0.414954955,0.447514451,0.487134503,0.375568862,-2,0.685433526,0.692758621,0.392,0.377356322,0.389638554,0.472906977,0.481301775,0.687719298,0.403529412,0.344689655,0.549393939,-2,-2,-2,-2,0.3808,-2,-2,-2,-2,-2,-2,0.299764706,0.765977011,-2,-2,0.751704545,0.56,-2,0.574482759,-2,0.467727273,0.513058824,0.588,0.487134503,0.756,0.403529412,0.615182482,-2,0.728,0.426086957,-2,0.760344828,0.38761194,-2,0.679318182,-2,0.712727273,-2,-2,-2,-2,-2,-2,-2,-2,-2,-2,-2PAN,0.638651685,0.684357542,-2,0.270344828,0.715135135,0.793924051,0.635957447,0.64939759,-2,-2,-2,-2,-2,-2,-2,0.757272727,-2,0.77,0.825263158,0.818734177,0.824090909,0.859754601,-2,0.838381503,0.798314607,-2,-2,0.79625,0.825263158,0.81027933,0.788930818,0.880127389,0.804804469,0.804804469,0.803372093,0.585680473,0.737752809,0.64603352,0.660674157,0.6944,0.506704545,-2,-2,-2,0.651477273,-2,0.336875,-2,0.262793296,0.673407821,0.262793296,-2,-2,0.695307263,-2,0.904615385,0.24343949,-2,-2,-2,0.377765363,-2,-2,0.6552,0.52675,0.267272727,-2,0.262793296,0.262793296,-2,-2,-2,0.262793296,0.262793296,-2,-2,-2,0.596759777,0.669943503,0.693707865,0.693707865,0.676516129,-2,-2,-2,-2,-2,0.374705882,0.467209302,0.540689655,0.466979866,0.5684,0.573658537,0.3584,0.550064516,0.6048,0.51005848,0.387570621,0.519878049,0.560843373,0.49,0.605528455,0.57408284,0.513655172,0.516589147,0.530833333,0.49,0.552820513,0.42875,0.478604651,0.580263158,0.392,-2,0.465084746,-2,-2,-2,0.49,-2,0.718666667,0.467284768,-2,-2,-2,-2,0.560809249,-2,-2,-2,0.397939394,0.388118812,0.417613636,0.433023256,0.363176471,-2,0.712727273,0.655168539,0.37988764,0.365423729,0.376923077,0.4592,0.47017341,0.687126437,0.398533333,0.340277778,0.616451613,-2,-2,-2,-2,0.368876404,-2,-2,-2,-2,-2,-2,0.271907514,0.714237288,-2,-2,0.722681564,0.506516854,-2,0.537062147,-2,0.454413408,0.49,0.56,0.444942529,0.737752809,0.365774648,0.602,-2,0.715730337,0.464210526,-2,0.703163842,0.354468085,-2,0.64603352,-2,0.689832402,-2,-2,-2,-2,-2,-2,-2,-2,-2,-2,-2COL,0.651567568,0.684946237,-2,0.260225989,0.716153846,0.816666667,0.634117647,0.7,-2,-2,-2,-2,-2,-2,-2,0.76579235,-2,0.791751412,0.848873239,0.829230769,0.781258741,0.826162791,0.838381503,-2,0.836972973,-2,-2,0.776363636,0.881452514,0.800860215,0.82742515,0.87373494,0.800860215,0.84827957,0.822983425,0.601363636,0.752216216,0.658602151,0.667459459,0.7,0.503387978,-2,-2,-2,0.653333333,-2,0.417941176,-2,0.284516129,0.679677419,0.284516129,-2,-2,0.700752688,-2,0.91,0.25097561,-2,-2,-2,0.384623656,-2,-2,0.703043478,0.53988024,0.289180328,-2,0.284516129,0.284516129,-2,-2,-2,0.284516129,0.284516129,-2,-2,-2,0.590107527,0.692391304,0.709837838,0.715135135,0.706787879,-2,-2,-2,-2,-2,0.385393258,0.481878453,0.560921053,0.49,0.552025316,0.552674419,0.355384615,0.534545455,0.613846154,0.469704142,0.400430108,0.476,0.567954545,0.455567568,0.566222222,0.53988024,0.522236842,0.49379845,0.534011976,0.455,0.513333333,0.413057851,0.505806452,0.590512821,0.382721893,-2,0.474021739,-2,-2,-2,0.49,-2,0.663870968,0.496202532,-2,-2,-2,-2,0.598888889,-2,-2,-2,0.398644068,0.426481481,0.441538462,0.430769231,0.368876404,-2,0.679677419,0.676413043,0.381405405,0.3675,0.385393258,0.449836066,0.468222222,0.714696133,0.4165,0.376923077,0.581875,-2,-2,-2,-2,0.360216216,-2,-2,-2,-2,-2,-2,0.299444444,0.708369565,-2,-2,0.779784946,0.487351351,-2,0.564565217,-2,0.479462366,0.49,0.555333333,0.441538462,0.731027027,0.373333333,0.637986577,-2,0.720432432,0.445454545,-2,0.727096774,0.351448276,-2,0.674408602,-2,0.732365591,-2,-2,-2,-2,-2,-2,-2,-2,-2,-2,-2VEN,0.593157895,0.661884817,-2,0.298983051,0.739622642,0.784,0.67490566,0.711789474,-2,-2,-2,-2,-2,-2,-2,0.813191489,-2,0.789444444,0.842937063,0.835882353,0.74013986,0.8344,0.798314607,0.836972973,-2,-2,-2,0.832679739,0.824699454,0.795287958,0.843255814,0.823431953,0.815811518,0.856858639,0.862826087,0.563093923,0.711789474,0.620837696,0.624105263,0.655080214,0.448297872,-2,-2,-2,0.578617021,-2,0.343,-2,0.318115183,0.672146597,0.318115183,-2,-2,0.672146597,-2,0.91,0.299281437,-2,-2,-2,0.425863874,-2,-2,0.660320856,0.60748538,0.323191489,-2,0.307853403,0.318115183,-2,-2,-2,0.318115183,0.318115183,-2,-2,-2,0.584921466,0.648148148,0.655052632,0.660210526,0.661204819,-2,-2,-2,-2,-2,0.400662983,0.535027027,0.599235669,0.505217391,0.596521739,0.579090909,0.382566845,0.572650602,0.655080214,0.504,0.451111111,0.5488,0.596759777,0.536421053,0.602518519,0.586860465,0.574267516,0.541969697,0.544444444,0.455,0.524186047,0.474193548,0.524646465,0.620253165,0.433023256,-2,0.461481481,-2,-2,-2,0.503243243,-2,0.695483871,0.442195122,-2,-2,-2,-2,0.598594595,-2,-2,-2,0.42079096,0.442300885,0.492620321,0.484673913,0.425384615,-2,0.735,0.653333333,0.397157895,0.378518519,0.389834254,0.508342246,0.505978261,0.72572973,0.410375,0.370641026,0.564242424,-2,-2,-2,-2,0.402315789,-2,-2,-2,-2,-2,-2,0.323135135,0.7,-2,-2,0.759371728,0.557052632,-2,0.57037037,-2,0.497696335,0.524432432,0.620666667,0.495268817,0.747894737,0.402384106,0.676973684,-2,0.747894737,0.468695652,-2,0.736296296,0.414362416,-2,0.610575916,-2,0.641361257,-2,-2,-2,-2,-2,-2,-2,-2,-2,-2,-2GUY,-2,-2,-2,-2,-2,-2,-2,-2,-2,-2,-2,-2,-2,-2,-2,-2,-2,-2,-2,-2,-2,-2,-2,-2,-2,-2,-2,-2,-2,-2,-2,-2,-2,-2,-2,-2,-2,-2,-2,-2,-2,-2,-2,-2,-2,-2,-2,-2,-2,-2,-2,-2,-2,-2,-2,-2,-2,-2,-2,-2,-2,-2,-2,-2,-2,-2,-2,-2,-2,-2,-2,-2,-2,-2,-2,-2,-2,-2,-2,-2,-2,-2,-2,-2,-2,-2,-2,-2,-2,-2,-2,-2,-2,-2,-2,-2,-2,-2,-2,-2,-2,-2,-2,-2,-2,-2,-2,-2,-2,-2,-2,-2,-2,-2,-2,-2,-2,-2,-2,-2,-2,-2,-2,-2,-2,-2,-2,-2,-2,-2,-2,-2,-2,-2,-2,-2,-2,-2,-2,-2,-2,-2,-2,-2,-2,-2,-2,-2,-2,-2,-2,-2,-2,-2,-2,-2,-2,-2,-2,-2,-2,-2,-2,-2,-2,-2,-2,-2,-2,-2,-2,-2,-2,-2,-2,-2,-2,-2,-2,-2,-2,-2,-2,-2,-2,-2,-2,-2,-2,-2,-2,-2,-2,-2SUR,-2,-2,-2,-2,-2,-2,-2,-2,-2,-2,-2,-2,-2,-2,-2,-2,-2,-2,-2,-2,-2,-2,-2,-2,-2,-2,-2,-2,-2,-2,-2,-2,-2,-2,-2,-2,-2,-2,-2,-2,-2,-2,-2,-2,-2,-2,-2,-2,-2,-2,-2,-2,-2,-2,-2,-2,-2,-2,-2,-2,-2,-2,-2,-2,-2,-2,-2,-2,-2,-2,-2,-2,-2,-2,-2,-2,-2,-2,-2,-2,-2,-2,-2,-2,-2,-2,-2,-2,-2,-2,-2,-2,-2,-2,-2,-2,-2,-2,-2,-2,-2,-2,-2,-2,-2,-2,-2,-2,-2,-2,-2,-2,-2,-2,-2,-2,-2,-2,-2,-2,-2,-2,-2,-2,-2,-2,-2,-2,-2,-2,-2,-2,-2,-2,-2,-2,-2,-2,-2,-2,-2,-2,-2,-2,-2,-2,-2,-2,-2,-2,-2,-2,-2,-2,-2,-2,-2,-2,-2,-2,-2,-2,-2,-2,-2,-2,-2,-2,-2,-2,-2,-2,-2,-2,-2,-2,-2,-2,-2,-2,-2,-2,-2,-2,-2,-2,-2,-2,-2,-2,-2,-2,-2,-2ECU,0.589281046,0.687272727,-2,0.29737931,0.748091603,0.775539568,0.768108108,0.821470588,-2,-2,-2,-2,-2,-2,-2,0.844605263,-2,0.805479452,0.847118644,0.838992806,0.72504065,0.813191489,0.79625,0.776363636,0.832679739,-2,-2,-2,0.77472973,0.827272727,0.831942446,0.802463768,0.795454545,0.782727273,0.841879195,0.55125,0.710980392,0.636363636,0.608496732,0.642516556,0.406184211,-2,-2,-2,0.567368421,-2,0.314678899,-2,0.311818182,0.687272727,0.311818182,-2,-2,0.668181818,-2,0.735,0.302054795,-2,-2,-2,0.42,-2,-2,0.659738562,0.604109589,0.311523179,-2,0.305454545,0.311818182,-2,-2,-2,0.311818182,0.311818182,-2,-2,-2,0.579090909,0.651184211,0.666143791,0.666143791,0.658208955,-2,-2,-2,-2,-2,0.377432432,0.519597315,0.637398374,0.497777778,0.565384615,0.589370629,0.389403974,0.554852941,0.6664,0.486423358,0.458181818,0.560965517,0.601517241,0.528181818,0.602385321,0.572816901,0.58496124,0.588,0.579416058,0.514915254,0.639130435,0.505473684,0.533235294,0.753846154,0.459160839,-2,0.457763158,-2,-2,-2,0.637,-2,0.773684211,0.43880597,-2,-2,-2,-2,0.565637584,-2,-2,-2,0.425793103,0.458987342,0.486797386,0.506225166,0.447248322,-2,0.744545455,0.653333333,0.384313725,0.380394737,0.409452055,0.528684211,0.509864865,0.736644295,0.433023256,0.399538462,0.59255814,-2,-2,-2,-2,0.384313725,-2,-2,-2,-2,-2,-2,0.317837838,0.709210526,-2,-2,0.725454545,0.557254902,-2,0.554473684,-2,0.515454545,0.499735099,0.67375,0.515789474,0.77503268,0.435555556,0.665801527,-2,0.717385621,0.452307692,-2,0.750909091,0.405263158,-2,0.604545455,-2,0.655454545,-2,-2,-2,-2,-2,-2,-2,-2,-2,-2,-2PER,0.701530055,0.719021739,-2,0.240701754,0.741447368,0.856766467,0.637,0.664222222,-2,-2,-2,-2,-2,-2,-2,0.774254144,-2,0.793063584,0.887007299,0.867151515,0.820141844,0.834166667,0.825263158,0.881452514,0.824699454,-2,-2,0.77472973,-2,0.809565217,0.82060241,0.897349398,0.772282609,0.836195652,0.841581921,0.627640449,0.760437158,0.697717391,0.72295082,0.745888889,0.52519337,-2,-2,-2,0.682209945,-2,0.432352941,-2,0.260978261,0.708369565,0.260978261,-2,-2,0.735,-2,0.91,0.238875,-2,-2,-2,0.362173913,-2,-2,0.707777778,0.504848485,0.265303867,-2,0.260978261,0.260978261,-2,-2,-2,0.260978261,0.260978261,-2,-2,-2,0.585869565,0.690819672,0.701530055,0.728306011,0.706086957,-2,-2,-2,-2,-2,0.36045977,0.481694915,0.542266667,0.49,0.569032258,0.561637427,0.351933702,0.520625,0.577111111,0.443333333,0.371538462,0.463905325,0.564069767,0.455191257,0.620916031,0.534545455,0.522236842,0.478425197,0.49,0.418292683,0.524186047,0.390338983,0.479574468,0.628205128,0.392,-2,0.463076923,-2,-2,-2,0.476756757,-2,0.663870968,0.533417722,-2,-2,-2,-2,0.585810056,-2,-2,-2,0.389707602,0.417407407,0.402888889,0.432513966,0.389772727,-2,0.673076923,0.694615385,0.369508197,0.344615385,0.371724138,0.476464088,0.495505618,0.688202247,0.394545455,0.354605263,0.5665625,-2,-2,-2,-2,0.34273224,-2,-2,-2,-2,-2,-2,0.269775281,0.705384615,-2,-2,0.735,0.487322404,-2,0.506153846,-2,0.452717391,0.467977528,0.555333333,0.427039106,0.696174863,0.340277778,0.58,-2,0.68010929,0.468695652,-2,0.732307692,0.317464789,-2,0.703043478,-2,0.735,-2,-2,-2,-2,-2,-2,-2,-2,-2,-2,-2BRA,0.620837696,0.709479167,-2,0.280786517,0.741125,0.796608187,0.647169811,0.680842105,-2,-2,-2,-2,-2,-2,-2,0.782962963,-2,0.763425414,0.809861111,0.808070175,0.782638889,0.824090909,0.81027933,0.800860215,0.795287958,-2,-2,0.827272727,0.809565217,-2,0.803372093,0.835882353,0.7809375,0.806458333,0.815783784,0.603076923,0.743979058,0.678854167,0.672146597,0.719361702,0.477037037,-2,-2,-2,0.648148148,-2,0.389219858,-2,0.296041667,0.678854167,0.296041667,-2,-2,0.740104167,-2,0.84,0.268333333,-2,-2,-2,0.403229167,-2,-2,0.698510638,0.546976744,0.295555556,-2,0.296041667,0.296041667,-2,-2,-2,0.296041667,0.296041667,-2,-2,-2,0.586979167,0.680842105,0.697801047,0.713193717,0.698323353,-2,-2,-2,-2,-2,0.393076923,0.492648649,0.580509554,0.496049383,0.562592593,0.537062147,0.380531915,0.516407186,0.604680851,0.4816,0.438421053,0.512272727,0.552960894,0.518219895,0.605294118,0.543815029,0.508607595,0.508421053,0.518488372,0.443333333,0.501395349,0.41552,0.455353535,0.6125,0.441849711,-2,0.433263158,-2,-2,-2,0.45027027,-2,0.632258065,0.47804878,-2,-2,-2,-2,0.569032258,-2,-2,-2,0.429438202,0.412631579,0.443085106,0.471459459,0.406994536,-2,0.668888889,0.680842105,0.420732984,0.392,0.409230769,0.474361702,0.508540541,0.658602151,0.432173913,0.387006369,0.623636364,-2,-2,-2,-2,0.410471204,-2,-2,-2,-2,-2,-2,0.305591398,0.742736842,-2,-2,0.735,0.518219895,-2,0.572526316,-2,0.454270833,0.49,0.588,0.471657754,0.723455497,0.354605263,0.570065359,-2,0.692670157,0.383478261,-2,0.727263158,0.4116,-2,0.632916667,-2,0.6890625,-2,-2,-2,-2,-2,-2,-2,-2,-2,-2,-2BOL,0.601754386,0.695116279,-2,0.285316456,0.723172414,0.744545455,0.689230769,0.696626506,-2,-2,-2,-2,-2,-2,-2,0.771242604,-2,0.770853659,0.850852713,0.801818182,0.769481481,0.800126582,0.788930818,0.82742515,0.843255814,-2,-2,0.831942446,0.82060241,0.803372093,-2,0.828258065,0.774883721,0.791976744,0.850120482,0.591585366,0.750760234,0.655232558,0.647602339,0.7,0.463905325,-2,-2,-2,0.603076923,-2,0.4312,-2,0.307674419,0.695116279,0.307674419,-2,-2,0.695116279,-2,0.98,0.279072848,-2,-2,-2,0.421627907,-2,-2,0.635833333,0.598181818,0.309473684,-2,0.307674419,0.307674419,-2,-2,-2,0.307674419,0.307674419,-2,-2,-2,0.598255814,0.697529412,0.704912281,0.687719298,0.735,-2,-2,-2,-2,-2,0.372760736,0.498802395,0.607323944,0.513986014,0.617534247,0.570632911,0.368941176,0.570065359,0.666863905,0.505605096,0.426588235,0.52433121,0.595214724,0.532982456,0.610491803,0.566363636,0.538309859,0.534545455,0.552820513,0.455492958,0.462777778,0.45853211,0.495764706,0.64358209,0.424458599,-2,0.447017544,-2,-2,-2,0.410967742,-2,0.653333333,0.460402685,-2,-2,-2,-2,0.604431138,-2,-2,-2,0.422625,0.418541667,0.481301775,0.487030303,0.403878788,-2,0.707455621,0.657176471,0.398837209,0.363176471,0.387160494,0.510295858,0.492969697,0.745269461,0.434788732,0.378,0.584561404,-2,-2,-2,-2,0.406900585,-2,-2,-2,-2,-2,-2,0.318795181,0.691764706,-2,-2,0.729302326,0.529883721,-2,0.576470588,-2,0.478604651,0.516407186,0.527692308,0.498596491,0.750760234,0.404782609,0.653333333,-2,0.74502924,0.326666667,-2,0.709058824,0.417941176,-2,0.63244186,-2,0.678023256,-2,-2,-2,-2,-2,-2,-2,-2,-2,-2,-2PRY,0.709058824,0.755176471,-2,0.210886076,0.717746479,0.856688742,0.68173913,0.735,-2,-2,-2,-2,-2,-2,-2,0.757005988,-2,0.791304348,0.9034375,0.88516129,0.847368421,0.879487179,0.880127389,0.87373494,0.823431953,-2,-2,0.802463768,0.897349398,0.835882353,0.828258065,-2,0.772470588,0.847411765,0.847730061,0.655301205,0.818588235,0.732117647,0.743647059,0.79443787,0.539289941,-2,-2,-2,0.713254438,-2,0.438211382,-2,0.224823529,0.743647059,0.224823529,-2,-2,0.784,-2,0.829230769,0.201369863,-2,-2,-2,0.351647059,-2,-2,0.721796407,0.53218543,0.228862275,-2,0.224823529,0.224823529,-2,-2,-2,0.224823529,0.224823529,-2,-2,-2,0.639882353,0.743647059,0.760941176,0.766705882,0.751333333,-2,-2,-2,-2,-2,0.343,0.460481928,0.582318841,0.449166667,0.556028369,0.549299363,0.33060241,0.523561644,0.613975904,0.458181818,0.379166667,0.474394904,0.579371069,0.469704142,0.588,0.534545455,0.526029412,0.507192982,0.509342105,0.414084507,0.464210526,0.390185185,0.43686747,0.599701493,0.390718954,-2,0.431666667,-2,-2,-2,0.398125,-2,0.653333333,0.531408451,-2,-2,-2,-2,0.584457831,-2,-2,-2,0.372151899,0.323298969,0.401445783,0.415757576,0.316521739,-2,0.668982036,0.7175,0.342130178,0.326666667,0.338765432,0.452307692,0.442195122,0.700848485,0.356363636,0.319716312,0.557586207,-2,-2,-2,-2,0.330532544,-2,-2,-2,-2,-2,-2,0.236144578,0.737882353,-2,-2,0.778235294,0.521893491,-2,0.533491124,-2,0.443882353,0.451393939,0.49,0.419156627,0.709058824,0.348444444,0.558962963,-2,0.714823529,0.309473684,-2,0.746666667,0.338947368,-2,0.726352941,-2,0.766705882,-2,-2,-2,-2,-2,-2,-2,-2,-2,-2,-2CHL,0.595183246,0.668645833,-2,0.335842697,0.74725,0.785146199,0.67490566,0.722105263,-2,-2,-2,-2,-2,-2,-2,0.803703704,-2,0.763425414,0.809861111,0.785146199,0.782638889,0.818522727,0.804804469,0.800860215,0.815811518,-2,-2,0.795454545,0.772282609,0.7809375,