1961,USA,CAN,BHS,CUB,HTI,DOM,JAM,TTO,BRB,DMA,GRD,LCA,VCT,ATG,KNA,MEX,BLZ,GTM,HND,SLV,NIC,CRI,PAN,COL,VEN,GUY,SUR,ECU,PER,BRA,BOL,PRY,CHL,ARG,URY,GBR,IRL,NLD,BEL,LUX,FRA,MCO,LIE,CHE,ESP,AND,PRT,DEU,POL,AUT,HUN,CZE,SVK,ITA,SMR,MLT,ALB,MNE,MKD,HRV,SRB,BIH,SVN,GRC,CYP,BGR,MDA,ROU,RUS,EST,LVA,LTU,UKR,BLR,ARM,GEO,AZE,FIN,SWE,NOR,DNK,ISL,CPV,STP,GNB,GNQ,GMB,MLI,SEN,BEN,MRT,NER,CIV,GIN,BFA,LBR,SLE,GHA,TGO,CMR,NGA,GAB,CAF,TCD,COG,COD,UGA,KEN,TZA,BDI,RWA,SOM,DJI,ETH,ERI,AGO,MOZ,ZMB,ZWE,MWI,ZAF,NAM,LSO,BWA,SWZ,MDG,COM,MUS,SYC,MAR,DZA,TUN,LBY,SDN,SSD,IRN,TUR,IRQ,EGY,SYR,LBN,JOR,ISR,SAU,YEM,KWT,BHR,QAT,ARE,OMN,AFG,TKM,TJK,KGZ,UZB,KAZ,CHN,MNG,TWN,PRK,KOR,JPN,IND,BTN,PAK,BGD,MMR,LKA,MDV,NPL,THA,KHM,LAO,VNM,MYS,SGP,BRN,PHL,IDN,TLS,AUS,PNG,NZL,VUT,SLB,KIR,TUV,FJI,TON,NRU,MHL,PLW,FSM,WSMUSA,-2,0.832460733,-2,0.15819209,0.572327044,0.729411765,0.452830189,0.494736842,-2,-2,-2,-2,-2,-2,-2,0.606382979,-2,0.688888889,0.692307692,0.730994152,0.839160839,0.668571429,0.651685393,0.664864865,0.605263158,-2,-2,0.60130719,0.715846995,0.633507853,0.614035088,0.723529412,0.607329843,0.64921466,0.625,0.895604396,0.773684211,0.848167539,0.863874346,0.872340426,0.693121693,-2,-2,-2,0.739361702,-2,0.642857143,-2,0.178010471,0.664921466,0.178010471,-2,-2,0.832460733,-2,0.928571429,0.167664671,-2,-2,-2,0.240837696,-2,-2,0.760638298,0.444444444,0.180851064,-2,0.178010471,0.178010471,-2,-2,-2,0.178010471,0.178010471,-2,-2,-2,0.602094241,0.678947368,0.712041885,0.722513089,0.754491018,-2,-2,-2,-2,-2,0.226519337,0.369565217,0.391025641,0.339506173,0.422360248,0.426136364,0.240641711,0.373493976,0.449197861,0.327586207,0.275132275,0.36,0.421348315,0.342105263,0.481481481,0.395348837,0.401273885,0.348484848,0.391812865,0.25,0.325581395,0.264,0.252525253,0.425,0.279069767,-2,0.312169312,-2,-2,-2,0.243243243,-2,0.387096774,0.748466258,-2,-2,-2,-2,0.454054054,-2,-2,-2,0.237288136,0.210526316,0.315508021,0.315217391,0.252747253,-2,0.515957447,0.777777778,0.221052632,0.201058201,0.236263736,0.320855615,0.336956522,0.562162162,0.25,0.205128205,0.272727273,-2,-2,-2,-2,0.242105263,-2,-2,-2,-2,-2,-2,0.188172043,0.650793651,-2,-2,0.701570681,0.357894737,-2,0.412698413,-2,0.298429319,0.356756757,0.3,0.301075269,0.557894737,0.264900662,0.434210526,-2,0.531578947,0.304347826,-2,0.560846561,0.261744966,-2,0.910994764,-2,0.853403141,-2,-2,-2,-2,-2,-2,-2,-2,-2,-2,-2CAN,0.832460733,-2,-2,0.202247191,0.65625,0.789473684,0.594339623,0.621052632,-2,-2,-2,-2,-2,-2,-2,0.698412698,-2,0.767955801,0.743055556,0.771929825,0.888888889,0.732954545,0.698324022,0.698924731,0.67539267,-2,-2,0.701298701,0.733695652,0.723958333,0.709302326,0.770588235,0.682291667,0.708333333,0.702702703,0.791208791,0.869109948,0.895833333,0.87434555,0.914893617,0.597883598,-2,-2,-2,0.71957672,-2,0.539007092,-2,0.223958333,0.760416667,0.223958333,-2,-2,0.885416667,-2,0.928571429,0.202380952,-2,-2,-2,0.302083333,-2,-2,0.792553191,0.511627907,0.227513228,-2,0.223958333,0.223958333,-2,-2,-2,0.223958333,0.223958333,-2,-2,-2,0.692708333,0.773684211,0.795811518,0.80104712,0.808383234,-2,-2,-2,-2,-2,0.28021978,0.389189189,0.47133758,0.413580247,0.487654321,0.485875706,0.281914894,0.437125749,0.54787234,0.405714286,0.326315789,0.420454545,0.519553073,0.429319372,0.529411765,0.456647399,0.462025316,0.421052632,0.424418605,0.357142857,0.418604651,0.352,0.353535354,0.5,0.323699422,-2,0.363157895,-2,-2,-2,0.351351351,-2,0.548387097,0.652439024,-2,-2,-2,-2,0.510752688,-2,-2,-2,0.325842697,0.289473684,0.367021277,0.394594595,0.322404372,-2,0.613756614,0.831578947,0.287958115,0.273684211,0.28021978,0.367021277,0.394594595,0.672043011,0.316770186,0.27388535,0.454545455,-2,-2,-2,-2,0.314136126,-2,-2,-2,-2,-2,-2,0.23655914,0.721052632,-2,-2,0.791666667,0.476439791,-2,0.484210526,-2,0.385416667,0.413978495,0.5,0.385026738,0.64921466,0.328947368,0.496732026,-2,0.628272251,0.260869565,-2,0.642105263,0.32,-2,0.890625,-2,0.895833333,-2,-2,-2,-2,-2,-2,-2,-2,-2,-2,-2BHS,-2,-2,-2,-2,-2,-2,-2,-2,-2,-2,-2,-2,-2,-2,-2,-2,-2,-2,-2,-2,-2,-2,-2,-2,-2,-2,-2,-2,-2,-2,-2,-2,-2,-2,-2,-2,-2,-2,-2,-2,-2,-2,-2,-2,-2,-2,-2,-2,-2,-2,-2,-2,-2,-2,-2,-2,-2,-2,-2,-2,-2,-2,-2,-2,-2,-2,-2,-2,-2,-2,-2,-2,-2,-2,-2,-2,-2,-2,-2,-2,-2,-2,-2,-2,-2,-2,-2,-2,-2,-2,-2,-2,-2,-2,-2,-2,-2,-2,-2,-2,-2,-2,-2,-2,-2,-2,-2,-2,-2,-2,-2,-2,-2,-2,-2,-2,-2,-2,-2,-2,-2,-2,-2,-2,-2,-2,-2,-2,-2,-2,-2,-2,-2,-2,-2,-2,-2,-2,-2,-2,-2,-2,-2,-2,-2,-2,-2,-2,-2,-2,-2,-2,-2,-2,-2,-2,-2,-2,-2,-2,-2,-2,-2,-2,-2,-2,-2,-2,-2,-2,-2,-2,-2,-2,-2,-2,-2,-2,-2,-2,-2,-2,-2,-2,-2,-2,-2,-2,-2,-2,-2,-2,-2,-2CUB,0.15819209,0.202247191,-2,-2,0.385135135,0.24375,0.494736842,0.542168675,-2,-2,-2,-2,-2,-2,-2,0.348571429,-2,0.24260355,0.218045113,0.211180124,0.201492537,0.280487805,0.275862069,0.265536723,0.305084746,-2,-2,0.303448276,0.245614035,0.286516854,0.291139241,0.215189873,0.342696629,0.297752809,0.312138728,0.172619048,0.237288136,0.207865169,0.197740113,0.189655172,0.154285714,-2,-2,-2,0.177142857,-2,0.109375,-2,0.949438202,0.241573034,0.949438202,-2,-2,0.191011236,-2,0.214285714,0.923076923,-2,-2,-2,0.775280899,-2,-2,0.261363636,0.493670886,0.948571429,-2,0.949438202,0.949438202,-2,-2,-2,0.949438202,0.949438202,-2,-2,-2,0.275280899,0.289772727,0.282485876,0.265536723,0.23566879,-2,-2,-2,-2,-2,0.771929825,0.566473988,0.552447552,0.621621622,0.546666667,0.506097561,0.770114943,0.544871795,0.488505747,0.576470588,0.702247191,0.511904762,0.482142857,0.576271186,0.566929134,0.494047619,0.548611111,0.651162791,0.592814371,0.702380952,0.813953488,0.752212389,0.682352941,0.594936709,0.695652174,-2,0.653409091,-2,-2,-2,0.783783784,-2,0.709677419,0.093333333,-2,-2,-2,-2,0.476744186,-2,-2,-2,0.710059172,0.77,0.617142857,0.626436782,0.688235294,-2,0.404494382,0.284090909,0.734463277,0.75,0.758823529,0.548571429,0.63372093,0.329479769,0.68627451,0.736486486,0.609375,-2,-2,-2,-2,0.706214689,-2,-2,-2,-2,-2,-2,0.936046512,0.301136364,-2,-2,0.269662921,0.604519774,-2,0.551136364,-2,0.58988764,0.587209302,0.6,0.572254335,0.338983051,0.608695652,0.397163121,-2,0.406779661,0.869565217,-2,0.398876404,0.75,-2,0.207865169,-2,0.213483146,-2,-2,-2,-2,-2,-2,-2,-2,-2,-2,-2HTI,0.572327044,0.65625,-2,0.385135135,-2,0.741496599,0.722891566,0.753246753,-2,-2,-2,-2,-2,-2,-2,0.765822785,-2,0.703225806,0.74796748,0.734693878,0.700787402,0.75,0.72972973,0.730769231,0.754716981,-2,-2,0.763358779,0.756578947,0.75625,0.737931034,0.732394366,0.7625,0.70625,0.796178344,0.529801325,0.675,0.59375,0.616352201,0.620253165,0.411392405,-2,-2,-2,0.547770701,-2,0.295652174,-2,0.39375,0.6,0.39375,-2,-2,0.61875,-2,0.888888889,0.406896552,-2,-2,-2,0.45625,-2,-2,0.639240506,0.6,0.39375,-2,0.3875,0.39375,-2,-2,-2,0.39375,0.39375,-2,-2,-2,0.5125,0.613924051,0.622641509,0.616352201,0.615942029,-2,-2,-2,-2,-2,0.464052288,0.567741935,0.7,0.591240876,0.712230216,0.711409396,0.461538462,0.645833333,0.735849057,0.579310345,0.5,0.617449664,0.68,0.610062893,0.754237288,0.708333333,0.683823529,0.592920354,0.664335664,0.546875,0.580645161,0.576576577,0.597560976,0.73015873,0.51369863,-2,0.553459119,-2,-2,-2,0.586206897,-2,0.666666667,0.430656934,-2,-2,-2,-2,0.737179487,-2,-2,-2,0.490066225,0.522222222,0.480769231,0.564935065,0.519480519,-2,0.761006289,0.64556962,0.4875,0.477987421,0.487012987,0.525316456,0.632258065,0.720779221,0.477941176,0.473684211,0.645833333,-2,-2,-2,-2,0.496855346,-2,-2,-2,-2,-2,-2,0.41025641,0.685534591,-2,-2,0.65,0.566037736,-2,0.639240506,-2,0.48125,0.512987013,0.695652174,0.503184713,0.729559748,0.454545455,0.62406015,-2,0.71875,0.5,-2,0.8375,0.465116279,-2,0.58125,-2,0.625,-2,-2,-2,-2,-2,-2,-2,-2,-2,-2,-2DOM,0.729411765,0.789473684,-2,0.24375,0.741496599,-2,0.7,0.735632184,-2,-2,-2,-2,-2,-2,-2,0.779761905,-2,0.82208589,0.891472868,0.911949686,0.907692308,0.864516129,0.810126582,0.833333333,0.8,-2,-2,0.791366906,0.874251497,0.812865497,0.75974026,0.874172185,0.801169591,0.842105263,0.801204819,0.660606061,0.824561404,0.748538012,0.782352941,0.790419162,0.553571429,-2,-2,-2,0.702380952,-2,0.426229508,-2,0.251461988,0.748538012,0.251461988,-2,-2,0.789473684,-2,0.785714286,0.225165563,-2,-2,-2,0.350877193,-2,-2,0.786982249,0.551948052,0.251461988,-2,0.251461988,0.251461988,-2,-2,-2,0.251461988,0.251461988,-2,-2,-2,0.643274854,0.729411765,0.747058824,0.758823529,0.72972973,-2,-2,-2,-2,-2,0.325153374,0.460606061,0.578571429,0.496503497,0.6,0.559748428,0.333333333,0.519736842,0.601190476,0.442307692,0.362573099,0.48427673,0.604938272,0.476470588,0.647540984,0.581699346,0.545454545,0.495726496,0.532894737,0.460526316,0.6,0.412280702,0.476744186,0.698630137,0.383116883,-2,0.417647059,-2,-2,-2,0.571428571,-2,0.689655172,0.565517241,-2,-2,-2,-2,0.602409639,-2,-2,-2,0.35,0.383838384,0.390532544,0.451807229,0.4,-2,0.660818713,0.775147929,0.356725146,0.349112426,0.353658537,0.464285714,0.481927711,0.684848485,0.377622378,0.373239437,0.551724138,-2,-2,-2,-2,0.376470588,-2,-2,-2,-2,-2,-2,0.266666667,0.781065089,-2,-2,0.795321637,0.505882353,-2,0.526627219,-2,0.415204678,0.457831325,0.678571429,0.431137725,0.676470588,0.345864662,0.553191489,-2,0.658823529,0.52173913,-2,0.748538012,0.297709924,-2,0.748538012,-2,0.766081871,-2,-2,-2,-2,-2,-2,-2,-2,-2,-2,-2JAM,0.452830189,0.594339623,-2,0.494736842,0.722891566,0.7,-2,0.806818182,-2,-2,-2,-2,-2,-2,-2,0.70754717,-2,0.683168317,0.614457831,0.673913043,0.666666667,0.695238095,0.64893617,0.647058824,0.688679245,-2,-2,0.783783784,0.65,0.660377358,0.703296703,0.695652174,0.688679245,0.679245283,0.745098039,0.45,0.657142857,0.556603774,0.547169811,0.580952381,0.264150943,-2,-2,-2,0.509615385,-2,0.272727273,-2,0.490566038,0.603773585,0.490566038,-2,-2,0.58490566,-2,0.5,0.445783133,-2,-2,-2,0.622641509,-2,-2,0.650485437,0.781609195,0.495145631,-2,0.490566038,0.490566038,-2,-2,-2,0.490566038,0.490566038,-2,-2,-2,0.613207547,0.628571429,0.603773585,0.622641509,0.613861386,-2,-2,-2,-2,-2,0.572916667,0.640776699,0.764044944,0.64,0.70212766,0.663366337,0.572815534,0.633333333,0.776699029,0.670212766,0.653846154,0.642857143,0.737373737,0.676190476,0.716049383,0.725274725,0.738095238,0.697368421,0.663043478,0.594936709,0.76744186,0.622222222,0.604395604,0.813333333,0.621052632,-2,0.682692308,-2,-2,-2,0.756756757,-2,0.806451613,0.284090909,-2,-2,-2,-2,0.68627451,-2,-2,-2,0.66,0.514285714,0.660194175,0.708737864,0.597938144,-2,0.825242718,0.663461538,0.60952381,0.6,0.59223301,0.75,0.653465347,0.712871287,0.7,0.675324675,0.772727273,-2,-2,-2,-2,0.638095238,-2,-2,-2,-2,-2,-2,0.490566038,0.714285714,-2,-2,0.698113208,0.79245283,-2,0.723809524,-2,0.660377358,0.693069307,0.766666667,0.702970297,0.752380952,0.537313433,0.666666667,-2,0.773584906,0.695652174,-2,0.692307692,0.609375,-2,0.537735849,-2,0.575471698,-2,-2,-2,-2,-2,-2,-2,-2,-2,-2,-2TTO,0.494736842,0.621052632,-2,0.542168675,0.753246753,0.735632184,0.806818182,-2,-2,-2,-2,-2,-2,-2,-2,0.726315789,-2,0.711111111,0.693333333,0.702380952,0.727272727,0.741935484,0.662650602,0.714285714,0.726315789,-2,-2,0.838235294,0.677777778,0.694736842,0.710843373,0.75,0.736842105,0.747368421,0.776595745,0.494382022,0.691489362,0.631578947,0.578947368,0.612903226,0.273684211,-2,-2,-2,0.516129032,-2,0.337662338,-2,0.557894737,0.694736842,0.557894737,-2,-2,0.621052632,-2,0.666666667,0.519480519,-2,-2,-2,0.663157895,-2,-2,0.694736842,0.817073171,0.557894737,-2,0.557894737,0.557894737,-2,-2,-2,0.557894737,0.557894737,-2,-2,-2,0.589473684,0.659574468,0.642105263,0.652631579,0.7,-2,-2,-2,-2,-2,0.643678161,0.7,0.827160494,0.711111111,0.761363636,0.714285714,0.623655914,0.734939759,0.782608696,0.670731707,0.726315789,0.701149425,0.808988764,0.747368421,0.782608696,0.703703704,0.761904762,0.738461538,0.790123457,0.690140845,0.837837838,0.670588235,0.65060241,0.818181818,0.719512195,-2,0.677419355,-2,-2,-2,0.78125,-2,0.777777778,0.325,-2,-2,-2,-2,0.747252747,-2,-2,-2,0.662921348,0.610526316,0.734042553,0.714285714,0.659090909,-2,0.765957447,0.663157895,0.638297872,0.64893617,0.684782609,0.793478261,0.681318681,0.777777778,0.708860759,0.720588235,0.781818182,-2,-2,-2,-2,0.64893617,-2,-2,-2,-2,-2,-2,0.557894737,0.734042553,-2,-2,0.694736842,0.810526316,-2,0.765957447,-2,0.663157895,0.692307692,0.791666667,0.722222222,0.680851064,0.596774194,0.633802817,-2,0.842105263,0.714285714,-2,0.757894737,0.666666667,-2,0.578947368,-2,0.610526316,-2,-2,-2,-2,-2,-2,-2,-2,-2,-2,-2BRB,-2,-2,-2,-2,-2,-2,-2,-2,-2,-2,-2,-2,-2,-2,-2,-2,-2,-2,-2,-2,-2,-2,-2,-2,-2,-2,-2,-2,-2,-2,-2,-2,-2,-2,-2,-2,-2,-2,-2,-2,-2,-2,-2,-2,-2,-2,-2,-2,-2,-2,-2,-2,-2,-2,-2,-2,-2,-2,-2,-2,-2,-2,-2,-2,-2,-2,-2,-2,-2,-2,-2,-2,-2,-2,-2,-2,-2,-2,-2,-2,-2,-2,-2,-2,-2,-2,-2,-2,-2,-2,-2,-2,-2,-2,-2,-2,-2,-2,-2,-2,-2,-2,-2,-2,-2,-2,-2,-2,-2,-2,-2,-2,-2,-2,-2,-2,-2,-2,-2,-2,-2,-2,-2,-2,-2,-2,-2,-2,-2,-2,-2,-2,-2,-2,-2,-2,-2,-2,-2,-2,-2,-2,-2,-2,-2,-2,-2,-2,-2,-2,-2,-2,-2,-2,-2,-2,-2,-2,-2,-2,-2,-2,-2,-2,-2,-2,-2,-2,-2,-2,-2,-2,-2,-2,-2,-2,-2,-2,-2,-2,-2,-2,-2,-2,-2,-2,-2,-2,-2,-2,-2,-2,-2,-2DMA,-2,-2,-2,-2,-2,-2,-2,-2,-2,-2,-2,-2,-2,-2,-2,-2,-2,-2,-2,-2,-2,-2,-2,-2,-2,-2,-2,-2,-2,-2,-2,-2,-2,-2,-2,-2,-2,-2,-2,-2,-2,-2,-2,-2,-2,-2,-2,-2,-2,-2,-2,-2,-2,-2,-2,-2,-2,-2,-2,-2,-2,-2,-2,-2,-2,-2,-2,-2,-2,-2,-2,-2,-2,-2,-2,-2,-2,-2,-2,-2,-2,-2,-2,-2,-2,-2,-2,-2,-2,-2,-2,-2,-2,-2,-2,-2,-2,-2,-2,-2,-2,-2,-2,-2,-2,-2,-2,-2,-2,-2,-2,-2,-2,-2,-2,-2,-2,-2,-2,-2,-2,-2,-2,-2,-2,-2,-2,-2,-2,-2,-2,-2,-2,-2,-2,-2,-2,-2,-2,-2,-2,-2,-2,-2,-2,-2,-2,-2,-2,-2,-2,-2,-2,-2,-2,-2,-2,-2,-2,-2,-2,-2,-2,-2,-2,-2,-2,-2,-2,-2,-2,-2,-2,-2,-2,-2,-2,-2,-2,-2,-2,-2,-2,-2,-2,-2,-2,-2,-2,-2,-2,-2,-2,-2GRD,-2,-2,-2,-2,-2,-2,-2,-2,-2,-2,-2,-2,-2,-2,-2,-2,-2,-2,-2,-2,-2,-2,-2,-2,-2,-2,-2,-2,-2,-2,-2,-2,-2,-2,-2,-2,-2,-2,-2,-2,-2,-2,-2,-2,-2,-2,-2,-2,-2,-2,-2,-2,-2,-2,-2,-2,-2,-2,-2,-2,-2,-2,-2,-2,-2,-2,-2,-2,-2,-2,-2,-2,-2,-2,-2,-2,-2,-2,-2,-2,-2,-2,-2,-2,-2,-2,-2,-2,-2,-2,-2,-2,-2,-2,-2,-2,-2,-2,-2,-2,-2,-2,-2,-2,-2,-2,-2,-2,-2,-2,-2,-2,-2,-2,-2,-2,-2,-2,-2,-2,-2,-2,-2,-2,-2,-2,-2,-2,-2,-2,-2,-2,-2,-2,-2,-2,-2,-2,-2,-2,-2,-2,-2,-2,-2,-2,-2,-2,-2,-2,-2,-2,-2,-2,-2,-2,-2,-2,-2,-2,-2,-2,-2,-2,-2,-2,-2,-2,-2,-2,-2,-2,-2,-2,-2,-2,-2,-2,-2,-2,-2,-2,-2,-2,-2,-2,-2,-2,-2,-2,-2,-2,-2,-2LCA,-2,-2,-2,-2,-2,-2,-2,-2,-2,-2,-2,-2,-2,-2,-2,-2,-2,-2,-2,-2,-2,-2,-2,-2,-2,-2,-2,-2,-2,-2,-2,-2,-2,-2,-2,-2,-2,-2,-2,-2,-2,-2,-2,-2,-2,-2,-2,-2,-2,-2,-2,-2,-2,-2,-2,-2,-2,-2,-2,-2,-2,-2,-2,-2,-2,-2,-2,-2,-2,-2,-2,-2,-2,-2,-2,-2,-2,-2,-2,-2,-2,-2,-2,-2,-2,-2,-2,-2,-2,-2,-2,-2,-2,-2,-2,-2,-2,-2,-2,-2,-2,-2,-2,-2,-2,-2,-2,-2,-2,-2,-2,-2,-2,-2,-2,-2,-2,-2,-2,-2,-2,-2,-2,-2,-2,-2,-2,-2,-2,-2,-2,-2,-2,-2,-2,-2,-2,-2,-2,-2,-2,-2,-2,-2,-2,-2,-2,-2,-2,-2,-2,-2,-2,-2,-2,-2,-2,-2,-2,-2,-2,-2,-2,-2,-2,-2,-2,-2,-2,-2,-2,-2,-2,-2,-2,-2,-2,-2,-2,-2,-2,-2,-2,-2,-2,-2,-2,-2,-2,-2,-2,-2,-2,-2VCT,-2,-2,-2,-2,-2,-2,-2,-2,-2,-2,-2,-2,-2,-2,-2,-2,-2,-2,-2,-2,-2,-2,-2,-2,-2,-2,-2,-2,-2,-2,-2,-2,-2,-2,-2,-2,-2,-2,-2,-2,-2,-2,-2,-2,-2,-2,-2,-2,-2,-2,-2,-2,-2,-2,-2,-2,-2,-2,-2,-2,-2,-2,-2,-2,-2,-2,-2,-2,-2,-2,-2,-2,-2,-2,-2,-2,-2,-2,-2,-2,-2,-2,-2,-2,-2,-2,-2,-2,-2,-2,-2,-2,-2,-2,-2,-2,-2,-2,-2,-2,-2,-2,-2,-2,-2,-2,-2,-2,-2,-2,-2,-2,-2,-2,-2,-2,-2,-2,-2,-2,-2,-2,-2,-2,-2,-2,-2,-2,-2,-2,-2,-2,-2,-2,-2,-2,-2,-2,-2,-2,-2,-2,-2,-2,-2,-2,-2,-2,-2,-2,-2,-2,-2,-2,-2,-2,-2,-2,-2,-2,-2,-2,-2,-2,-2,-2,-2,-2,-2,-2,-2,-2,-2,-2,-2,-2,-2,-2,-2,-2,-2,-2,-2,-2,-2,-2,-2,-2,-2,-2,-2,-2,-2,-2ATG,-2,-2,-2,-2,-2,-2,-2,-2,-2,-2,-2,-2,-2,-2,-2,-2,-2,-2,-2,-2,-2,-2,-2,-2,-2,-2,-2,-2,-2,-2,-2,-2,-2,-2,-2,-2,-2,-2,-2,-2,-2,-2,-2,-2,-2,-2,-2,-2,-2,-2,-2,-2,-2,-2,-2,-2,-2,-2,-2,-2,-2,-2,-2,-2,-2,-2,-2,-2,-2,-2,-2,-2,-2,-2,-2,-2,-2,-2,-2,-2,-2,-2,-2,-2,-2,-2,-2,-2,-2,-2,-2,-2,-2,-2,-2,-2,-2,-2,-2,-2,-2,-2,-2,-2,-2,-2,-2,-2,-2,-2,-2,-2,-2,-2,-2,-2,-2,-2,-2,-2,-2,-2,-2,-2,-2,-2,-2,-2,-2,-2,-2,-2,-2,-2,-2,-2,-2,-2,-2,-2,-2,-2,-2,-2,-2,-2,-2,-2,-2,-2,-2,-2,-2,-2,-2,-2,-2,-2,-2,-2,-2,-2,-2,-2,-2,-2,-2,-2,-2,-2,-2,-2,-2,-2,-2,-2,-2,-2,-2,-2,-2,-2,-2,-2,-2,-2,-2,-2,-2,-2,-2,-2,-2,-2KNA,-2,-2,-2,-2,-2,-2,-2,-2,-2,-2,-2,-2,-2,-2,-2,-2,-2,-2,-2,-2,-2,-2,-2,-2,-2,-2,-2,-2,-2,-2,-2,-2,-2,-2,-2,-2,-2,-2,-2,-2,-2,-2,-2,-2,-2,-2,-2,-2,-2,-2,-2,-2,-2,-2,-2,-2,-2,-2,-2,-2,-2,-2,-2,-2,-2,-2,-2,-2,-2,-2,-2,-2,-2,-2,-2,-2,-2,-2,-2,-2,-2,-2,-2,-2,-2,-2,-2,-2,-2,-2,-2,-2,-2,-2,-2,-2,-2,-2,-2,-2,-2,-2,-2,-2,-2,-2,-2,-2,-2,-2,-2,-2,-2,-2,-2,-2,-2,-2,-2,-2,-2,-2,-2,-2,-2,-2,-2,-2,-2,-2,-2,-2,-2,-2,-2,-2,-2,-2,-2,-2,-2,-2,-2,-2,-2,-2,-2,-2,-2,-2,-2,-2,-2,-2,-2,-2,-2,-2,-2,-2,-2,-2,-2,-2,-2,-2,-2,-2,-2,-2,-2,-2,-2,-2,-2,-2,-2,-2,-2,-2,-2,-2,-2,-2,-2,-2,-2,-2,-2,-2,-2,-2,-2,-2MEX,0.606382979,0.698412698,-2,0.348571429,0.765822785,0.779761905,0.70754717,0.726315789,-2,-2,-2,-2,-2,-2,-2,-2,-2,0.797752809,0.861111111,0.822485207,0.758865248,0.844827586,0.772727273,0.781420765,0.829787234,-2,-2,0.861842105,0.790055249,0.798941799,0.786982249,0.77245509,0.82010582,0.80952381,0.82967033,0.541899441,0.70212766,0.613756614,0.622340426,0.637837838,0.413978495,-2,-2,-2,0.572192513,-2,0.319148936,-2,0.35978836,0.666666667,0.35978836,-2,-2,0.666666667,-2,0.785714286,0.339393939,-2,-2,-2,0.433862434,-2,-2,0.702702703,0.609467456,0.365591398,-2,0.35978836,0.35978836,-2,-2,-2,0.35978836,0.35978836,-2,-2,-2,0.571428571,0.64171123,0.632978723,0.654255319,0.640243902,-2,-2,-2,-2,-2,0.413407821,0.565934066,0.636363636,0.540880503,0.625,0.668571429,0.427027027,0.575757576,0.654054054,0.540697674,0.481283422,0.614942529,0.619318182,0.563829787,0.664179104,0.629411765,0.608974359,0.583333333,0.573964497,0.476190476,0.558139535,0.488,0.555555556,0.7,0.482352941,-2,0.524064171,-2,-2,-2,0.513513514,-2,0.741935484,0.440993789,-2,-2,-2,-2,0.617486339,-2,-2,-2,0.462857143,0.464912281,0.497297297,0.532967033,0.483333333,-2,0.725806452,0.663101604,0.425531915,0.401069519,0.430167598,0.524324324,0.543956044,0.699453552,0.452830189,0.432258065,0.575757576,-2,-2,-2,-2,0.457446809,-2,-2,-2,-2,-2,-2,0.366120219,0.732620321,-2,-2,0.735449735,0.622340426,-2,0.545454545,-2,0.544973545,0.573770492,0.733333333,0.527173913,0.755319149,0.5,0.693333333,-2,0.760638298,0.47826087,-2,0.748663102,0.43537415,-2,0.634920635,-2,0.671957672,-2,-2,-2,-2,-2,-2,-2,-2,-2,-2,-2BLZ,-2,-2,-2,-2,-2,-2,-2,-2,-2,-2,-2,-2,-2,-2,-2,-2,-2,-2,-2,-2,-2,-2,-2,-2,-2,-2,-2,-2,-2,-2,-2,-2,-2,-2,-2,-2,-2,-2,-2,-2,-2,-2,-2,-2,-2,-2,-2,-2,-2,-2,-2,-2,-2,-2,-2,-2,-2,-2,-2,-2,-2,-2,-2,-2,-2,-2,-2,-2,-2,-2,-2,-2,-2,-2,-2,-2,-2,-2,-2,-2,-2,-2,-2,-2,-2,-2,-2,-2,-2,-2,-2,-2,-2,-2,-2,-2,-2,-2,-2,-2,-2,-2,-2,-2,-2,-2,-2,-2,-2,-2,-2,-2,-2,-2,-2,-2,-2,-2,-2,-2,-2,-2,-2,-2,-2,-2,-2,-2,-2,-2,-2,-2,-2,-2,-2,-2,-2,-2,-2,-2,-2,-2,-2,-2,-2,-2,-2,-2,-2,-2,-2,-2,-2,-2,-2,-2,-2,-2,-2,-2,-2,-2,-2,-2,-2,-2,-2,-2,-2,-2,-2,-2,-2,-2,-2,-2,-2,-2,-2,-2,-2,-2,-2,-2,-2,-2,-2,-2,-2,-2,-2,-2,-2,-2GTM,0.688888889,0.767955801,-2,0.24260355,0.703225806,0.82208589,0.683168317,0.711111111,-2,-2,-2,-2,-2,-2,-2,0.797752809,-2,-2,0.846715328,0.868263473,0.847826087,0.845238095,0.785714286,0.807909605,0.805555556,-2,-2,0.821917808,0.809248555,0.779005525,0.786585366,0.807453416,0.779005525,0.806629834,0.789772727,0.637426901,0.777777778,0.690607735,0.711111111,0.723163842,0.505617978,-2,-2,-2,0.657303371,-2,0.419847328,-2,0.270718232,0.685082873,0.270718232,-2,-2,0.740331492,-2,0.928571429,0.246835443,-2,-2,-2,0.392265193,-2,-2,0.711864407,0.577639752,0.270718232,-2,0.270718232,0.270718232,-2,-2,-2,0.270718232,0.270718232,-2,-2,-2,0.569060773,0.670391061,0.666666667,0.688888889,0.664556962,-2,-2,-2,-2,-2,0.356725146,0.465909091,0.547297297,0.464516129,0.532051282,0.556213018,0.348314607,0.509433962,0.610169492,0.457317073,0.402234637,0.511764706,0.558139535,0.477777778,0.578947368,0.542682927,0.526666667,0.465648855,0.518518519,0.455696203,0.511627907,0.428571429,0.511111111,0.623376623,0.371257485,-2,0.43575419,-2,-2,-2,0.486486486,-2,0.612903226,0.566878981,-2,-2,-2,-2,0.554285714,-2,-2,-2,0.397660819,0.419047619,0.438202247,0.465909091,0.38372093,-2,0.702247191,0.715083799,0.366666667,0.351955307,0.352601156,0.468926554,0.488505747,0.664772727,0.385620915,0.337748344,0.538461538,-2,-2,-2,-2,0.388888889,-2,-2,-2,-2,-2,-2,0.28,0.720670391,-2,-2,0.762430939,0.544444444,-2,0.56424581,-2,0.458563536,0.491428571,0.5,0.477272727,0.744444444,0.411347518,0.647887324,-2,0.7,0.434782609,-2,0.709497207,0.374100719,-2,0.70718232,-2,0.712707182,-2,-2,-2,-2,-2,-2,-2,-2,-2,-2,-2HND,0.692307692,0.743055556,-2,0.218045113,0.74796748,0.891472868,0.614457831,0.693333333,-2,-2,-2,-2,-2,-2,-2,0.861111111,-2,0.846715328,-2,0.932835821,0.831858407,0.912408759,0.842105263,0.866197183,0.86013986,-2,-2,0.86440678,0.905109489,0.826388889,0.868217054,0.921875,0.826388889,0.854166667,0.873239437,0.654411765,0.805555556,0.694444444,0.741258741,0.742857143,0.51048951,-2,-2,-2,0.680555556,-2,0.403508772,-2,0.243055556,0.763888889,0.243055556,-2,-2,0.770833333,-2,0.923076923,0.220472441,-2,-2,-2,0.326388889,-2,-2,0.718309859,0.542635659,0.24822695,-2,0.236111111,0.243055556,-2,-2,-2,0.243055556,0.243055556,-2,-2,-2,0.631944444,0.73943662,0.748251748,0.741258741,0.738095238,-2,-2,-2,-2,-2,0.299270073,0.460431655,0.550847458,0.472,0.553846154,0.539568345,0.304964539,0.5,0.602836879,0.441860465,0.354166667,0.518248175,0.573529412,0.461538462,0.608695652,0.5546875,0.52173913,0.471698113,0.527559055,0.391304348,0.441176471,0.386138614,0.443037975,0.619047619,0.369230769,-2,0.412587413,-2,-2,-2,0.379310345,-2,0.642857143,0.56,-2,-2,-2,-2,0.592857143,-2,-2,-2,0.347826087,0.307692308,0.397163121,0.427536232,0.335766423,-2,0.694444444,0.690140845,0.333333333,0.309859155,0.316176471,0.464788732,0.45323741,0.746376812,0.372093023,0.322033898,0.446808511,-2,-2,-2,-2,0.342657343,-2,-2,-2,-2,-2,-2,0.246376812,0.753521127,-2,-2,0.75,0.531468531,-2,0.524475524,-2,0.451388889,0.489361702,0.576923077,0.460992908,0.763888889,0.362831858,0.594594595,-2,0.755244755,0.294117647,-2,0.805555556,0.327272727,-2,0.708333333,-2,0.708333333,-2,-2,-2,-2,-2,-2,-2,-2,-2,-2,-2SLV,0.730994152,0.771929825,-2,0.211180124,0.734693878,0.911949686,0.673913043,0.702380952,-2,-2,-2,-2,-2,-2,-2,0.822485207,-2,0.868263473,0.932835821,-2,0.858208955,0.886075949,0.835443038,0.846153846,0.852941176,-2,-2,0.856115108,0.884848485,0.824561404,0.818181818,0.903225806,0.801169591,0.847953216,0.862275449,0.642424242,0.801169591,0.725146199,0.754385965,0.767857143,0.526627219,-2,-2,-2,0.714285714,-2,0.409836066,-2,0.228070175,0.742690058,0.228070175,-2,-2,0.777777778,-2,0.857142857,0.201342282,-2,-2,-2,0.350877193,-2,-2,0.752941176,0.54248366,0.228070175,-2,0.228070175,0.228070175,-2,-2,-2,0.228070175,0.228070175,-2,-2,-2,0.637426901,0.705882353,0.713450292,0.736842105,0.723684211,-2,-2,-2,-2,-2,0.337423313,0.476190476,0.557142857,0.445205479,0.551724138,0.5625,0.339285714,0.503311258,0.592814371,0.443037975,0.368421053,0.496932515,0.549382716,0.464705882,0.620967742,0.551948052,0.524822695,0.466101695,0.516556291,0.421052632,0.523809524,0.391304348,0.44047619,0.635135135,0.384615385,-2,0.420118343,-2,-2,-2,0.472222222,-2,0.677419355,0.531034483,-2,-2,-2,-2,0.568862275,-2,-2,-2,0.351851852,0.346938776,0.395209581,0.437125749,0.351851852,-2,0.688235294,0.733727811,0.335294118,0.319526627,0.337349398,0.464285714,0.460606061,0.686746988,0.367346939,0.323943662,0.49122807,-2,-2,-2,-2,0.358823529,-2,-2,-2,-2,-2,-2,0.238095238,0.715976331,-2,-2,0.789473684,0.517647059,-2,0.535294118,-2,0.415204678,0.487951807,0.6,0.43373494,0.719298246,0.363636364,0.607407407,-2,0.694117647,0.434782609,-2,0.730994152,0.323076923,-2,0.719298246,-2,0.736842105,-2,-2,-2,-2,-2,-2,-2,-2,-2,-2,-2NIC,0.839160839,0.888888889,-2,0.201492537,0.700787402,0.907692308,0.666666667,0.727272727,-2,-2,-2,-2,-2,-2,-2,0.758865248,-2,0.847826087,0.831858407,0.858208955,-2,0.879699248,0.840909091,0.797202797,0.755244755,-2,-2,0.739837398,0.836879433,0.798611111,0.785185185,0.864661654,0.798611111,0.8125,0.788732394,0.75,0.881944444,0.833333333,0.853146853,0.887323944,0.612676056,-2,-2,-2,0.75177305,-2,0.5,-2,0.222222222,0.75,0.222222222,-2,-2,0.868055556,-2,1,0.2109375,-2,-2,-2,0.326388889,-2,-2,0.788732394,0.53968254,0.226950355,-2,0.222222222,0.222222222,-2,-2,-2,0.222222222,0.222222222,-2,-2,-2,0.673611111,0.769230769,0.797202797,0.804195804,0.80952381,-2,-2,-2,-2,-2,0.31884058,0.435714286,0.560344828,0.483870968,0.592,0.572463768,0.328671329,0.523076923,0.577464789,0.410852713,0.354166667,0.466666667,0.574626866,0.454545455,0.660377358,0.5234375,0.504347826,0.489795918,0.4921875,0.355932203,0.5,0.404494382,0.457142857,0.666666667,0.348484848,-2,0.394366197,-2,-2,-2,0.458333333,-2,0.684210526,0.632,-2,-2,-2,-2,0.594405594,-2,-2,-2,0.335714286,0.345679012,0.382978723,0.418439716,0.311594203,-2,0.65034965,0.823943662,0.300699301,0.27972028,0.306569343,0.411347518,0.449275362,0.705035971,0.346774194,0.298387097,0.522727273,-2,-2,-2,-2,0.319444444,-2,-2,-2,-2,-2,-2,0.242857143,0.727272727,-2,-2,0.819444444,0.472222222,-2,0.524475524,-2,0.381944444,0.427536232,0.6,0.394366197,0.701388889,0.341666667,0.544642857,-2,0.673611111,0.333333333,-2,0.694444444,0.355932203,-2,0.861111111,-2,0.895833333,-2,-2,-2,-2,-2,-2,-2,-2,-2,-2,-2CRI,0.668571429,0.732954545,-2,0.280487805,0.75,0.864516129,0.695238095,0.741935484,-2,-2,-2,-2,-2,-2,-2,0.844827586,-2,0.845238095,0.912408759,0.886075949,0.879699248,-2,0.877300613,0.843023256,0.851428571,-2,-2,0.829787234,0.851190476,0.840909091,0.816455696,0.897435897,0.835227273,0.835227273,0.858823529,0.63253012,0.76,0.676136364,0.714285714,0.738372093,0.497109827,-2,-2,-2,0.687861272,-2,0.376923077,-2,0.289772727,0.681818182,0.289772727,-2,-2,0.772727273,-2,0.857142857,0.267973856,-2,-2,-2,0.420454545,-2,-2,0.744186047,0.608974359,0.294797688,-2,0.289772727,0.289772727,-2,-2,-2,0.289772727,0.289772727,-2,-2,-2,0.590909091,0.706896552,0.714285714,0.725714286,0.713375796,-2,-2,-2,-2,-2,0.385542169,0.49122807,0.616438356,0.496774194,0.607843137,0.595092025,0.393063584,0.560509554,0.639534884,0.528301887,0.436781609,0.533333333,0.589285714,0.508571429,0.653846154,0.588607595,0.587412587,0.53968254,0.547770701,0.493975904,0.534883721,0.466101695,0.53125,0.6375,0.409937888,-2,0.471264368,-2,-2,-2,0.486486486,-2,0.677419355,0.503355705,-2,-2,-2,-2,0.611764706,-2,-2,-2,0.414634146,0.423423423,0.456647399,0.497076023,0.383233533,-2,0.699421965,0.706896552,0.4,0.385057471,0.397590361,0.48255814,0.49112426,0.701754386,0.411764706,0.351724138,0.560606061,-2,-2,-2,-2,0.388571429,-2,-2,-2,-2,-2,-2,0.305882353,0.781609195,-2,-2,0.767045455,0.571428571,-2,0.586206897,-2,0.477272727,0.523529412,0.6,0.497076023,0.771428571,0.411764706,0.627737226,-2,0.742857143,0.434782609,-2,0.775862069,0.395522388,-2,0.693181818,-2,0.727272727,-2,-2,-2,-2,-2,-2,-2,-2,-2,-2,-2PAN,0.651685393,0.698324022,-2,0.275862069,0.72972973,0.810126582,0.64893617,0.662650602,-2,-2,-2,-2,-2,-2,-2,0.772727273,-2,0.785714286,0.842105263,0.835443038,0.840909091,0.877300613,-2,0.855491329,0.814606742,-2,-2,0.8125,0.842105263,0.826815642,0.805031447,0.898089172,0.82122905,0.82122905,0.819767442,0.597633136,0.752808989,0.659217877,0.674157303,0.708571429,0.517045455,-2,-2,-2,0.664772727,-2,0.34375,-2,0.268156425,0.687150838,0.268156425,-2,-2,0.709497207,-2,0.923076923,0.248407643,-2,-2,-2,0.38547486,-2,-2,0.668571429,0.5375,0.272727273,-2,0.268156425,0.268156425,-2,-2,-2,0.268156425,0.268156425,-2,-2,-2,0.608938547,0.683615819,0.707865169,0.707865169,0.690322581,-2,-2,-2,-2,-2,0.382352941,0.476744186,0.551724138,0.476510067,0.58,0.585365854,0.365714286,0.561290323,0.617142857,0.520467836,0.395480226,0.530487805,0.572289157,0.5,0.617886179,0.585798817,0.524137931,0.527131783,0.541666667,0.5,0.564102564,0.4375,0.488372093,0.592105263,0.4,-2,0.474576271,-2,-2,-2,0.5,-2,0.733333333,0.476821192,-2,-2,-2,-2,0.572254335,-2,-2,-2,0.406060606,0.396039604,0.426136364,0.441860465,0.370588235,-2,0.727272727,0.668539326,0.387640449,0.372881356,0.384615385,0.468571429,0.479768786,0.701149425,0.406666667,0.347222222,0.629032258,-2,-2,-2,-2,0.376404494,-2,-2,-2,-2,-2,-2,0.277456647,0.728813559,-2,-2,0.737430168,0.516853933,-2,0.548022599,-2,0.463687151,0.5,0.571428571,0.454022989,0.752808989,0.373239437,0.614285714,-2,0.730337079,0.473684211,-2,0.717514124,0.361702128,-2,0.659217877,-2,0.703910615,-2,-2,-2,-2,-2,-2,-2,-2,-2,-2,-2COL,0.664864865,0.698924731,-2,0.265536723,0.730769231,0.833333333,0.647058824,0.714285714,-2,-2,-2,-2,-2,-2,-2,0.781420765,-2,0.807909605,0.866197183,0.846153846,0.797202797,0.843023256,0.855491329,-2,0.854054054,-2,-2,0.792207792,0.899441341,0.817204301,0.844311377,0.891566265,0.817204301,0.865591398,0.839779006,0.613636364,0.767567568,0.672043011,0.681081081,0.714285714,0.513661202,-2,-2,-2,0.666666667,-2,0.426470588,-2,0.290322581,0.693548387,0.290322581,-2,-2,0.715053763,-2,0.928571429,0.256097561,-2,-2,-2,0.392473118,-2,-2,0.717391304,0.550898204,0.295081967,-2,0.290322581,0.290322581,-2,-2,-2,0.290322581,0.290322581,-2,-2,-2,0.602150538,0.706521739,0.724324324,0.72972973,0.721212121,-2,-2,-2,-2,-2,0.393258427,0.491712707,0.572368421,0.5,0.563291139,0.563953488,0.362637363,0.545454545,0.626373626,0.479289941,0.408602151,0.485714286,0.579545455,0.464864865,0.577777778,0.550898204,0.532894737,0.503875969,0.54491018,0.464285714,0.523809524,0.421487603,0.516129032,0.602564103,0.390532544,-2,0.483695652,-2,-2,-2,0.5,-2,0.677419355,0.506329114,-2,-2,-2,-2,0.611111111,-2,-2,-2,0.406779661,0.435185185,0.450549451,0.43956044,0.376404494,-2,0.693548387,0.690217391,0.389189189,0.375,0.393258427,0.459016393,0.477777778,0.729281768,0.425,0.384615385,0.59375,-2,-2,-2,-2,0.367567568,-2,-2,-2,-2,-2,-2,0.305555556,0.722826087,-2,-2,0.795698925,0.497297297,-2,0.576086957,-2,0.489247312,0.5,0.566666667,0.450549451,0.745945946,0.380952381,0.651006711,-2,0.735135135,0.454545455,-2,0.741935484,0.35862069,-2,0.688172043,-2,0.747311828,-2,-2,-2,-2,-2,-2,-2,-2,-2,-2,-2VEN,0.605263158,0.67539267,-2,0.305084746,0.754716981,0.8,0.688679245,0.726315789,-2,-2,-2,-2,-2,-2,-2,0.829787234,-2,0.805555556,0.86013986,0.852941176,0.755244755,0.851428571,0.814606742,0.854054054,-2,-2,-2,0.849673203,0.841530055,0.811518325,0.860465116,0.840236686,0.832460733,0.87434555,0.880434783,0.574585635,0.726315789,0.633507853,0.636842105,0.668449198,0.457446809,-2,-2,-2,0.590425532,-2,0.35,-2,0.32460733,0.685863874,0.32460733,-2,-2,0.685863874,-2,0.928571429,0.305389222,-2,-2,-2,0.434554974,-2,-2,0.673796791,0.619883041,0.329787234,-2,0.314136126,0.32460733,-2,-2,-2,0.32460733,0.32460733,-2,-2,-2,0.596858639,0.661375661,0.668421053,0.673684211,0.674698795,-2,-2,-2,-2,-2,0.408839779,0.545945946,0.611464968,0.51552795,0.608695652,0.590909091,0.390374332,0.584337349,0.668449198,0.514285714,0.46031746,0.56,0.608938547,0.547368421,0.614814815,0.598837209,0.585987261,0.553030303,0.555555556,0.464285714,0.534883721,0.483870968,0.535353535,0.632911392,0.441860465,-2,0.470899471,-2,-2,-2,0.513513514,-2,0.709677419,0.451219512,-2,-2,-2,-2,0.610810811,-2,-2,-2,0.429378531,0.451327434,0.502673797,0.494565217,0.434065934,-2,0.75,0.666666667,0.405263158,0.386243386,0.397790055,0.518716578,0.516304348,0.740540541,0.41875,0.378205128,0.575757576,-2,-2,-2,-2,0.410526316,-2,-2,-2,-2,-2,-2,0.32972973,0.714285714,-2,-2,0.77486911,0.568421053,-2,0.582010582,-2,0.507853403,0.535135135,0.633333333,0.505376344,0.763157895,0.410596026,0.690789474,-2,0.763157895,0.47826087,-2,0.751322751,0.422818792,-2,0.623036649,-2,0.654450262,-2,-2,-2,-2,-2,-2,-2,-2,-2,-2,-2GUY,-2,-2,-2,-2,-2,-2,-2,-2,-2,-2,-2,-2,-2,-2,-2,-2,-2,-2,-2,-2,-2,-2,-2,-2,-2,-2,-2,-2,-2,-2,-2,-2,-2,-2,-2,-2,-2,-2,-2,-2,-2,-2,-2,-2,-2,-2,-2,-2,-2,-2,-2,-2,-2,-2,-2,-2,-2,-2,-2,-2,-2,-2,-2,-2,-2,-2,-2,-2,-2,-2,-2,-2,-2,-2,-2,-2,-2,-2,-2,-2,-2,-2,-2,-2,-2,-2,-2,-2,-2,-2,-2,-2,-2,-2,-2,-2,-2,-2,-2,-2,-2,-2,-2,-2,-2,-2,-2,-2,-2,-2,-2,-2,-2,-2,-2,-2,-2,-2,-2,-2,-2,-2,-2,-2,-2,-2,-2,-2,-2,-2,-2,-2,-2,-2,-2,-2,-2,-2,-2,-2,-2,-2,-2,-2,-2,-2,-2,-2,-2,-2,-2,-2,-2,-2,-2,-2,-2,-2,-2,-2,-2,-2,-2,-2,-2,-2,-2,-2,-2,-2,-2,-2,-2,-2,-2,-2,-2,-2,-2,-2,-2,-2,-2,-2,-2,-2,-2,-2,-2,-2,-2,-2,-2,-2SUR,-2,-2,-2,-2,-2,-2,-2,-2,-2,-2,-2,-2,-2,-2,-2,-2,-2,-2,-2,-2,-2,-2,-2,-2,-2,-2,-2,-2,-2,-2,-2,-2,-2,-2,-2,-2,-2,-2,-2,-2,-2,-2,-2,-2,-2,-2,-2,-2,-2,-2,-2,-2,-2,-2,-2,-2,-2,-2,-2,-2,-2,-2,-2,-2,-2,-2,-2,-2,-2,-2,-2,-2,-2,-2,-2,-2,-2,-2,-2,-2,-2,-2,-2,-2,-2,-2,-2,-2,-2,-2,-2,-2,-2,-2,-2,-2,-2,-2,-2,-2,-2,-2,-2,-2,-2,-2,-2,-2,-2,-2,-2,-2,-2,-2,-2,-2,-2,-2,-2,-2,-2,-2,-2,-2,-2,-2,-2,-2,-2,-2,-2,-2,-2,-2,-2,-2,-2,-2,-2,-2,-2,-2,-2,-2,-2,-2,-2,-2,-2,-2,-2,-2,-2,-2,-2,-2,-2,-2,-2,-2,-2,-2,-2,-2,-2,-2,-2,-2,-2,-2,-2,-2,-2,-2,-2,-2,-2,-2,-2,-2,-2,-2,-2,-2,-2,-2,-2,-2,-2,-2,-2,-2,-2,-2ECU,0.60130719,0.701298701,-2,0.303448276,0.763358779,0.791366906,0.783783784,0.838235294,-2,-2,-2,-2,-2,-2,-2,0.861842105,-2,0.821917808,0.86440678,0.856115108,0.739837398,0.829787234,0.8125,0.792207792,0.849673203,-2,-2,-2,0.790540541,0.844155844,0.848920863,0.81884058,0.811688312,0.798701299,0.859060403,0.5625,0.725490196,0.649350649,0.620915033,0.655629139,0.414473684,-2,-2,-2,0.578947368,-2,0.321100917,-2,0.318181818,0.701298701,0.318181818,-2,-2,0.681818182,-2,0.75,0.308219178,-2,-2,-2,0.428571429,-2,-2,0.673202614,0.616438356,0.317880795,-2,0.311688312,0.318181818,-2,-2,-2,0.318181818,0.318181818,-2,-2,-2,0.590909091,0.664473684,0.679738562,0.679738562,0.671641791,-2,-2,-2,-2,-2,0.385135135,0.530201342,0.650406504,0.507936508,0.576923077,0.601398601,0.397350993,0.566176471,0.68,0.496350365,0.467532468,0.572413793,0.613793103,0.538961039,0.614678899,0.584507042,0.596899225,0.6,0.591240876,0.525423729,0.652173913,0.515789474,0.544117647,0.769230769,0.468531469,-2,0.467105263,-2,-2,-2,0.65,-2,0.789473684,0.447761194,-2,-2,-2,-2,0.577181208,-2,-2,-2,0.434482759,0.46835443,0.496732026,0.516556291,0.456375839,-2,0.75974026,0.666666667,0.392156863,0.388157895,0.417808219,0.539473684,0.52027027,0.751677852,0.441860465,0.407692308,0.604651163,-2,-2,-2,-2,0.392156863,-2,-2,-2,-2,-2,-2,0.324324324,0.723684211,-2,-2,0.74025974,0.568627451,-2,0.565789474,-2,0.525974026,0.509933775,0.6875,0.526315789,0.790849673,0.444444444,0.679389313,-2,0.732026144,0.461538462,-2,0.766233766,0.413533835,-2,0.616883117,-2,0.668831169,-2,-2,-2,-2,-2,-2,-2,-2,-2,-2,-2PER,0.715846995,0.733695652,-2,0.245614035,0.756578947,0.874251497,0.65,0.677777778,-2,-2,-2,-2,-2,-2,-2,0.790055249,-2,0.809248555,0.905109489,0.884848485,0.836879433,0.851190476,0.842105263,0.899441341,0.841530055,-2,-2,0.790540541,-2,0.826086957,0.837349398,0.915662651,0.788043478,0.85326087,0.858757062,0.640449438,0.775956284,0.711956522,0.737704918,0.761111111,0.535911602,-2,-2,-2,0.696132597,-2,0.441176471,-2,0.266304348,0.722826087,0.266304348,-2,-2,0.75,-2,0.928571429,0.24375,-2,-2,-2,0.369565217,-2,-2,0.722222222,0.515151515,0.270718232,-2,0.266304348,0.266304348,-2,-2,-2,0.266304348,0.266304348,-2,-2,-2,0.597826087,0.704918033,0.715846995,0.743169399,0.720496894,-2,-2,-2,-2,-2,0.367816092,0.491525424,0.553333333,0.5,0.580645161,0.573099415,0.359116022,0.53125,0.588888889,0.452380952,0.379120879,0.473372781,0.575581395,0.464480874,0.633587786,0.545454545,0.532894737,0.488188976,0.5,0.426829268,0.534883721,0.398305085,0.489361702,0.641025641,0.4,-2,0.472527473,-2,-2,-2,0.486486486,-2,0.677419355,0.544303797,-2,-2,-2,-2,0.597765363,-2,-2,-2,0.397660819,0.425925926,0.411111111,0.441340782,0.397727273,-2,0.686813187,0.708791209,0.37704918,0.351648352,0.379310345,0.486187845,0.505617978,0.702247191,0.402597403,0.361842105,0.578125,-2,-2,-2,-2,0.349726776,-2,-2,-2,-2,-2,-2,0.275280899,0.71978022,-2,-2,0.75,0.49726776,-2,0.516483516,-2,0.461956522,0.47752809,0.566666667,0.43575419,0.710382514,0.347222222,0.591836735,-2,0.693989071,0.47826087,-2,0.747252747,0.323943662,-2,0.717391304,-2,0.75,-2,-2,-2,-2,-2,-2,-2,-2,-2,-2,-2BRA,0.633507853,0.723958333,-2,0.286516854,0.75625,0.812865497,0.660377358,0.694736842,-2,-2,-2,-2,-2,-2,-2,0.798941799,-2,0.779005525,0.826388889,0.824561404,0.798611111,0.840909091,0.826815642,0.817204301,0.811518325,-2,-2,0.844155844,0.826086957,-2,0.819767442,0.852941176,0.796875,0.822916667,0.832432432,0.615384615,0.759162304,0.692708333,0.685863874,0.734042553,0.486772487,-2,-2,-2,0.661375661,-2,0.397163121,-2,0.302083333,0.692708333,0.302083333,-2,-2,0.755208333,-2,0.857142857,0.273809524,-2,-2,-2,0.411458333,-2,-2,0.712765957,0.558139535,0.301587302,-2,0.302083333,0.302083333,-2,-2,-2,0.302083333,0.302083333,-2,-2,-2,0.598958333,0.694736842,0.712041885,0.727748691,0.71257485,-2,-2,-2,-2,-2,0.401098901,0.502702703,0.592356688,0.50617284,0.574074074,0.548022599,0.388297872,0.526946108,0.617021277,0.491428571,0.447368421,0.522727273,0.56424581,0.528795812,0.617647059,0.554913295,0.518987342,0.518796992,0.529069767,0.452380952,0.511627907,0.424,0.464646465,0.625,0.450867052,-2,0.442105263,-2,-2,-2,0.459459459,-2,0.64516129,0.487804878,-2,-2,-2,-2,0.580645161,-2,-2,-2,0.438202247,0.421052632,0.45212766,0.481081081,0.415300546,-2,0.682539683,0.694736842,0.429319372,0.4,0.417582418,0.484042553,0.518918919,0.672043011,0.440993789,0.394904459,0.636363636,-2,-2,-2,-2,0.418848168,-2,-2,-2,-2,-2,-2,0.311827957,0.757894737,-2,-2,0.75,0.528795812,-2,0.584210526,-2,0.463541667,0.5,0.6,0.481283422,0.738219895,0.361842105,0.581699346,-2,0.706806283,0.391304348,-2,0.742105263,0.42,-2,0.645833333,-2,0.703125,-2,-2,-2,-2,-2,-2,-2,-2,-2,-2,-2BOL,0.614035088,0.709302326,-2,0.291139241,0.737931034,0.75974026,0.703296703,0.710843373,-2,-2,-2,-2,-2,-2,-2,0.786982249,-2,0.786585366,0.868217054,0.818181818,0.785185185,0.816455696,0.805031447,0.844311377,0.860465116,-2,-2,0.848920863,0.837349398,0.819767442,-2,0.84516129,0.790697674,0.808139535,0.86746988,0.603658537,0.766081871,0.668604651,0.660818713,0.714285714,0.473372781,-2,-2,-2,0.615384615,-2,0.44,-2,0.313953488,0.709302326,0.313953488,-2,-2,0.709302326,-2,1,0.284768212,-2,-2,-2,0.430232558,-2,-2,0.648809524,0.61038961,0.315789474,-2,0.313953488,0.313953488,-2,-2,-2,0.313953488,0.313953488,-2,-2,-2,0.610465116,0.711764706,0.719298246,0.701754386,0.75,-2,-2,-2,-2,-2,0.380368098,0.508982036,0.61971831,0.524475524,0.630136986,0.582278481,0.376470588,0.581699346,0.680473373,0.515923567,0.435294118,0.535031847,0.607361963,0.543859649,0.62295082,0.577922078,0.549295775,0.545454545,0.564102564,0.464788732,0.472222222,0.467889908,0.505882353,0.656716418,0.433121019,-2,0.456140351,-2,-2,-2,0.419354839,-2,0.666666667,0.469798658,-2,-2,-2,-2,0.616766467,-2,-2,-2,0.43125,0.427083333,0.49112426,0.496969697,0.412121212,-2,0.721893491,0.670588235,0.406976744,0.370588235,0.395061728,0.520710059,0.503030303,0.760479042,0.443661972,0.385714286,0.596491228,-2,-2,-2,-2,0.415204678,-2,-2,-2,-2,-2,-2,0.325301205,0.705882353,-2,-2,0.744186047,0.540697674,-2,0.588235294,-2,0.488372093,0.526946108,0.538461538,0.50877193,0.766081871,0.413043478,0.666666667,-2,0.760233918,0.333333333,-2,0.723529412,0.426470588,-2,0.645348837,-2,0.691860465,-2,-2,-2,-2,-2,-2,-2,-2,-2,-2,-2PRY,0.723529412,0.770588235,-2,0.215189873,0.732394366,0.874172185,0.695652174,0.75,-2,-2,-2,-2,-2,-2,-2,0.77245509,-2,0.807453416,0.921875,0.903225806,0.864661654,0.897435897,0.898089172,0.891566265,0.840236686,-2,-2,0.81884058,0.915662651,0.852941176,0.84516129,-2,0.788235294,0.864705882,0.865030675,0.668674699,0.835294118,0.747058824,0.758823529,0.810650888,0.550295858,-2,-2,-2,0.727810651,-2,0.447154472,-2,0.229411765,0.758823529,0.229411765,-2,-2,0.8,-2,0.846153846,0.205479452,-2,-2,-2,0.358823529,-2,-2,0.736526946,0.543046358,0.233532934,-2,0.229411765,0.229411765,-2,-2,-2,0.229411765,0.229411765,-2,-2,-2,0.652941176,0.758823529,0.776470588,0.782352941,0.766666667,-2,-2,-2,-2,-2,0.35,0.469879518,0.594202899,0.458333333,0.567375887,0.560509554,0.337349398,0.534246575,0.626506024,0.467532468,0.386904762,0.484076433,0.591194969,0.479289941,0.6,0.545454545,0.536764706,0.51754386,0.519736842,0.422535211,0.473684211,0.398148148,0.445783133,0.611940299,0.39869281,-2,0.44047619,-2,-2,-2,0.40625,-2,0.666666667,0.542253521,-2,-2,-2,-2,0.596385542,-2,-2,-2,0.379746835,0.329896907,0.409638554,0.424242424,0.322981366,-2,0.682634731,0.732142857,0.349112426,0.333333333,0.345679012,0.461538462,0.451219512,0.715151515,0.363636364,0.326241135,0.568965517,-2,-2,-2,-2,0.337278107,-2,-2,-2,-2,-2,-2,0.240963855,0.752941176,-2,-2,0.794117647,0.532544379,-2,0.544378698,-2,0.452941176,0.460606061,0.5,0.427710843,0.723529412,0.355555556,0.57037037,-2,0.729411765,0