1962,USA,CAN,BHS,CUB,HTI,DOM,JAM,TTO,BRB,DMA,GRD,LCA,VCT,ATG,KNA,MEX,BLZ,GTM,HND,SLV,NIC,CRI,PAN,COL,VEN,GUY,SUR,ECU,PER,BRA,BOL,PRY,CHL,ARG,URY,GBR,IRL,NLD,BEL,LUX,FRA,MCO,LIE,CHE,ESP,AND,PRT,DEU,POL,AUT,HUN,CZE,SVK,ITA,SMR,MLT,ALB,MNE,MKD,HRV,SRB,BIH,SVN,GRC,CYP,BGR,MDA,ROU,RUS,EST,LVA,LTU,UKR,BLR,ARM,GEO,AZE,FIN,SWE,NOR,DNK,ISL,CPV,STP,GNB,GNQ,GMB,MLI,SEN,BEN,MRT,NER,CIV,GIN,BFA,LBR,SLE,GHA,TGO,CMR,NGA,GAB,CAF,TCD,COG,COD,UGA,KEN,TZA,BDI,RWA,SOM,DJI,ETH,ERI,AGO,MOZ,ZMB,ZWE,MWI,ZAF,NAM,LSO,BWA,SWZ,MDG,COM,MUS,SYC,MAR,DZA,TUN,LBY,SDN,SSD,IRN,TUR,IRQ,EGY,SYR,LBN,JOR,ISR,SAU,YEM,KWT,BHR,QAT,ARE,OMN,AFG,TKM,TJK,KGZ,UZB,KAZ,CHN,MNG,TWN,PRK,KOR,JPN,IND,BTN,PAK,BGD,MMR,LKA,MDV,NPL,THA,KHM,LAO,VNM,MYS,SGP,BRN,PHL,IDN,TLS,AUS,PNG,NZL,VUT,SLB,KIR,TUV,FJI,TON,NRU,MHL,PLW,FSM,WSMUSA,-2,0.804465661,-2,0.167984934,0.542382428,0.631215317,0.431699648,0.462321692,0.193452381,-2,-2,-2,-2,-2,-2,0.544298209,-2,0.594444445,0.621153846,0.64928086,0.725702869,0.637656501,0.607952788,0.585679186,0.532790309,0.16080402,-2,0.51972576,0.56056667,0.575790071,0.545112782,0.632689816,0.512681315,0.566670822,0.601973684,0.863802198,0.705567205,0.817784557,0.841575727,0.845452914,0.642560847,-2,-2,-2,0.605336589,-2,0.578373016,-2,0.177587913,0.645452859,0.173650905,-2,-2,0.7838193,-2,0.845238096,0.118716057,-2,-2,-2,0.237019639,-2,-2,0.638255657,0.391713748,0.179008209,-2,0.183493425,0.175279746,-2,-2,-2,0.173985473,0.175619409,-2,-2,-2,0.568904264,0.658371322,0.689354276,0.691965206,0.722536989,-2,-2,-2,0.112903226,-2,0.218950726,0.360107284,0.41232698,0.269753087,0.416537267,0.437206113,0.215034512,0.372461274,0.468400584,0.324286931,0.300872589,0.38242915,0.362937532,0.306298533,0.467781557,0.366477838,0.368778536,0.296004082,0.372377021,0.234375,0.278824453,0.221068826,0.22843654,0.442410715,0.249895244,-2,0.308695098,-2,-2,-2,0.230791927,-2,0.478636107,0.697616214,-2,0.283018868,0.252293578,0.263392857,0.462443694,-2,0.194444445,-2,0.265087583,0.206856784,0.305975355,0.296849202,0.231636785,-2,0.441245656,0.622222223,0.215034513,0.219962299,0.212509378,0.311538919,0.307253771,0.567371404,0.260371179,0.210672211,0.249789563,-2,-2,-2,-2,0.258704454,-2,-2,-2,-2,-2,-2,0.188086022,0.593113361,-2,-2,0.669682979,0.318711148,-2,0.334979912,-2,0.280115947,0.298992414,0.35,0.287668436,0.51505848,0.264634239,0.407926519,-2,0.459789474,0.294415293,-2,0.514675249,0.285974524,-2,0.896442264,-2,0.848270198,-2,-2,-2,-2,0.216666667,-2,-2,-2,-2,-2,-2CAN,0.804465661,-2,-2,0.216167844,0.601756841,0.671732147,0.550206249,0.576881456,0.210059172,-2,-2,-2,-2,-2,-2,0.609048869,-2,0.664828965,0.661120538,0.699478426,0.779469825,0.687706323,0.664230504,0.635176651,0.5985659,0.2075,-2,0.607059607,0.610268879,0.651979167,0.624793343,0.695866805,0.594207058,0.634799078,0.667945238,0.763604396,0.791697831,0.857720588,0.849172775,0.873413195,0.613682835,-2,-2,-2,0.629176115,-2,0.490701703,-2,0.23158701,0.766482844,0.227665441,-2,-2,0.844283137,-2,0.816666667,0.170957918,-2,-2,-2,0.306553478,-2,-2,0.692719283,0.469797005,0.233364457,-2,0.257077206,0.229166667,-2,-2,-2,0.228120899,0.229626226,-2,-2,-2,0.676393692,0.7750774,0.798296384,0.80052356,0.79704876,-2,-2,-2,0.198924731,-2,0.283834587,0.403646319,0.466946323,0.345794273,0.466049383,0.487573046,0.26815043,0.415717346,0.539368269,0.403676815,0.361953075,0.440065982,0.446251947,0.39016989,0.493132279,0.411302423,0.43365583,0.367742811,0.408862022,0.318571429,0.364764511,0.309064516,0.31962482,0.501111111,0.321042536,-2,0.373578948,-2,-2,-2,0.325675676,-2,0.586420623,0.572488169,-2,0.305031447,0.275229358,0.318584071,0.512637755,-2,0.227586207,-2,0.350421349,0.283625731,0.366581505,0.382171247,0.304347348,-2,0.535961973,0.681414474,0.286836201,0.29410017,0.27210989,0.382625683,0.361931444,0.637226325,0.330124224,0.282682586,0.393171345,-2,-2,-2,-2,0.328439031,-2,-2,-2,-2,-2,-2,0.237801483,0.638957689,-2,-2,0.738970589,0.406847347,-2,0.407394519,-2,0.357238248,0.366377894,0.498538012,0.368983957,0.579548042,0.334013914,0.48266553,-2,0.535251664,0.317130062,-2,0.575954593,0.34292683,-2,0.843351716,-2,0.875651042,-2,-2,-2,-2,0.233333334,-2,-2,-2,-2,-2,-2BHS,-2,-2,-2,-2,-2,-2,-2,-2,-2,-2,-2,-2,-2,-2,-2,-2,-2,-2,-2,-2,-2,-2,-2,-2,-2,-2,-2,-2,-2,-2,-2,-2,-2,-2,-2,-2,-2,-2,-2,-2,-2,-2,-2,-2,-2,-2,-2,-2,-2,-2,-2,-2,-2,-2,-2,-2,-2,-2,-2,-2,-2,-2,-2,-2,-2,-2,-2,-2,-2,-2,-2,-2,-2,-2,-2,-2,-2,-2,-2,-2,-2,-2,-2,-2,-2,-2,-2,-2,-2,-2,-2,-2,-2,-2,-2,-2,-2,-2,-2,-2,-2,-2,-2,-2,-2,-2,-2,-2,-2,-2,-2,-2,-2,-2,-2,-2,-2,-2,-2,-2,-2,-2,-2,-2,-2,-2,-2,-2,-2,-2,-2,-2,-2,-2,-2,-2,-2,-2,-2,-2,-2,-2,-2,-2,-2,-2,-2,-2,-2,-2,-2,-2,-2,-2,-2,-2,-2,-2,-2,-2,-2,-2,-2,-2,-2,-2,-2,-2,-2,-2,-2,-2,-2,-2,-2,-2,-2,-2,-2,-2,-2,-2,-2,-2,-2,-2,-2,-2,-2,-2,-2,-2,-2,-2CUB,0.167984934,0.216167844,-2,-2,0.381456457,0.32400266,0.443715453,0.46297623,0.184931507,-2,-2,-2,-2,-2,-2,0.375178572,-2,0.330825585,0.306458454,0.259678113,0.269195467,0.312971175,0.33280283,0.330835995,0.356986818,0.204022989,-2,0.371377317,0.332563115,0.297104581,0.314047882,0.285094937,0.413283799,0.343943669,0.341165518,0.188582252,0.271110436,0.210599251,0.198870057,0.203832326,0.235513898,-2,-2,-2,0.32948052,-2,0.106770834,-2,0.881385768,0.238043154,0.888052435,-2,-2,0.202648475,-2,0.167748918,0.949192783,-2,-2,-2,0.771569021,-2,-2,0.327991235,0.508971366,0.88984127,-2,0.865830212,0.886223526,-2,-2,-2,0.883201244,0.885830212,-2,-2,-2,0.290106817,0.295997475,0.285048248,0.283879473,0.244737949,-2,-2,-2,0.306666667,-2,0.766698858,0.560197779,0.50775087,0.711284745,0.515907591,0.48251738,0.789097876,0.547898861,0.453173062,0.533605665,0.614759959,0.495678409,0.512099466,0.606942933,0.494575678,0.488569703,0.527964092,0.714470285,0.541645281,0.686190476,0.697842129,0.739742558,0.682639885,0.549993607,0.686287626,-2,0.628506348,-2,-2,-2,0.751115193,-2,0.514937232,0.122248062,-2,0.157534247,0.126262627,0.158163266,0.439306673,-2,0.207317073,-2,0.657410539,0.786345292,0.587589286,0.639509471,0.724208145,-2,0.451126115,0.367709172,0.750259162,0.762614679,0.78481717,0.566364923,0.637136963,0.342667813,0.665797354,0.750152791,0.6246875,-2,-2,-2,-2,0.665892733,-2,-2,-2,-2,-2,-2,0.886942175,0.349683226,-2,-2,0.279275905,0.623056347,-2,0.600334537,-2,0.592562868,0.612911582,0.504697987,0.550550245,0.384738163,0.660556977,0.418361781,-2,0.42984723,0.699345716,-2,0.448327091,0.685185185,-2,0.201710363,-2,0.219573432,-2,-2,-2,-2,0.232142857,-2,-2,-2,-2,-2,-2HTI,0.542382428,0.601756841,-2,0.381456457,-2,0.779032323,0.723690681,0.73127454,0.356589148,-2,-2,-2,-2,-2,-2,0.774871192,-2,0.762607668,0.766840883,0.771320449,0.746735165,0.769039735,0.75989249,0.764348346,0.792781376,0.351973684,-2,0.784195113,0.768119982,0.724084596,0.75219905,0.748550124,0.755608975,0.735034548,0.808415259,0.498569004,0.685215736,0.561875,0.577020322,0.585527652,0.417430897,-2,-2,-2,0.620039197,-2,0.283920762,-2,0.409375,0.5775,0.404375,-2,-2,0.601875,-2,0.748792271,0.358377854,-2,-2,-2,0.51170709,-2,-2,0.675680859,0.637696335,0.401875,-2,0.44125,0.4008551,-2,-2,-2,0.400392588,0.401875,-2,-2,-2,0.480997475,0.564462026,0.565052098,0.558176101,0.592453773,-2,-2,-2,0.308219178,-2,0.510671978,0.61173982,0.735869565,0.573398216,0.726994229,0.711319672,0.486324787,0.67600945,0.737716195,0.612732096,0.555555556,0.681173812,0.670729167,0.597339139,0.72987938,0.680253623,0.695965819,0.555835177,0.697247197,0.54590941,0.57951177,0.558906845,0.589541358,0.745761183,0.545738204,-2,0.610900414,-2,-2,-2,0.569346543,-2,0.569892474,0.386214543,-2,0.354961832,0.284090909,0.323170732,0.76181891,-2,0.373831776,-2,0.542905453,0.536363637,0.535384616,0.57236115,0.524891775,-2,0.745503145,0.700894263,0.523542746,0.512189587,0.497352648,0.568213784,0.62382134,0.725871844,0.540075561,0.495462795,0.593504902,-2,-2,-2,-2,0.533043058,-2,-2,-2,-2,-2,-2,0.414724165,0.700976251,-2,-2,0.645895523,0.578018868,-2,0.60951387,-2,0.554138514,0.549789596,0.692270532,0.563448027,0.743567753,0.535783366,0.686281572,-2,0.721184045,0.538043479,-2,0.806809702,0.56068314,-2,0.535625,-2,0.578669154,-2,-2,-2,-2,0.291666667,-2,-2,-2,-2,-2,-2DOM,0.631215317,0.671732147,-2,0.32400266,0.779032323,-2,0.688942308,0.687260537,0.337931035,-2,-2,-2,-2,-2,-2,0.787985218,-2,0.831146038,0.855310902,0.871069183,0.879441392,0.86219437,0.827523184,0.845986038,0.8,0.321428572,-2,0.798808453,0.835563249,0.76220198,0.769700639,0.854639284,0.782358195,0.818671679,0.820815176,0.574264383,0.747208932,0.650212402,0.656579314,0.672709581,0.480134997,-2,-2,-2,0.700200377,-2,0.349986263,-2,0.340353636,0.650212402,0.337995145,-2,-2,0.67539722,-2,0.762422361,0.286193893,-2,-2,-2,0.457429118,-2,-2,0.731586363,0.612657443,0.340353636,-2,0.368655523,0.334651182,-2,-2,-2,0.331892132,0.333278164,-2,-2,-2,0.566875522,0.640649279,0.641135046,0.648279689,0.658515659,-2,-2,-2,0.303797469,-2,0.434421347,0.531323439,0.647533137,0.510387671,0.652150538,0.660584874,0.423143351,0.589136714,0.679822291,0.523086213,0.476959627,0.598235926,0.623725175,0.533357245,0.678315947,0.605570485,0.602570205,0.482619346,0.632784002,0.492295244,0.575,0.467009916,0.504869555,0.733153453,0.471663154,-2,0.514510734,-2,-2,-2,0.569568452,-2,0.618023463,0.480929352,-2,0.350364964,0.263157895,0.344086022,0.679314272,-2,0.376033058,-2,0.478030303,0.449062049,0.480643631,0.514168921,0.462019231,-2,0.679691653,0.749076312,0.455323358,0.447283486,0.432753439,0.548632219,0.545841905,0.699912165,0.503244179,0.448524481,0.561172804,-2,-2,-2,-2,0.496487721,-2,-2,-2,-2,-2,-2,0.358451817,0.74666462,-2,-2,0.708981573,0.538318535,-2,0.559882237,-2,0.489985759,0.532024471,0.678211889,0.523068863,0.713235294,0.473608007,0.628339931,-2,0.67464986,0.545843659,-2,0.758702969,0.471515061,-2,0.643136931,-2,0.67177333,-2,-2,-2,-2,0.325,-2,-2,-2,-2,-2,-2JAM,0.431699648,0.550206249,-2,0.443715453,0.723690681,0.688942308,-2,0.826114405,0.402439025,-2,-2,-2,-2,-2,-2,0.725202157,-2,0.704029574,0.636722003,0.649456522,0.658854167,0.701904762,0.675630876,0.687368698,0.713192082,0.411917099,-2,0.764907765,0.691515837,0.662833307,0.707417583,0.700767264,0.709318526,0.661343953,0.729367202,0.434543569,0.649559083,0.530334408,0.505950051,0.520910973,0.311827538,-2,-2,-2,0.543837229,-2,0.268575175,-2,0.462762694,0.574244516,0.456665133,-2,-2,0.53122834,-2,0.5625,0.403614458,-2,-2,-2,0.594994224,-2,-2,0.64286567,0.752038078,0.45895493,-2,0.487152938,0.455809335,-2,-2,-2,0.455487101,0.456665133,-2,-2,-2,0.540343611,0.576480837,0.548850356,0.561320755,0.583186401,-2,-2,-2,0.314606742,-2,0.558424861,0.66038835,0.728004615,0.585957447,0.714700194,0.698939806,0.543164524,0.64859944,0.761230871,0.691038587,0.666506411,0.675595238,0.716144496,0.653773204,0.680014221,0.683598061,0.70995671,0.601343785,0.702766374,0.581872024,0.705460061,0.591194099,0.590144231,0.750703364,0.599878168,-2,0.682255245,-2,-2,-2,0.663446252,-2,0.627207707,0.274698516,-2,0.364516129,0.27184466,0.31775701,0.705206221,-2,0.374125874,-2,0.652510823,0.526690182,0.662750149,0.658716758,0.569802406,-2,0.771227917,0.671811741,0.583004583,0.578242678,0.551303227,0.693181818,0.627152842,0.68560231,0.652690583,0.602639296,0.696790177,-2,-2,-2,-2,0.632855151,-2,-2,-2,-2,-2,-2,0.46160955,0.68844367,-2,-2,0.660032214,0.713299586,-2,0.671733822,-2,0.657622308,0.65284096,0.745608783,0.673224279,0.751190476,0.567473285,0.708333334,-2,0.744817145,0.686321662,-2,0.718105066,0.642240243,-2,0.480250039,-2,0.526602246,-2,-2,-2,-2,0.316666667,-2,-2,-2,-2,-2,-2TTO,0.462321692,0.576881456,-2,0.46297623,0.73127454,0.687260537,0.826114405,-2,0.380136987,-2,-2,-2,-2,-2,-2,0.724660242,-2,0.70940171,0.685291005,0.66697995,0.704127161,0.710967742,0.703665727,0.706101191,0.71928997,0.421212121,-2,0.801470588,0.700145434,0.670334928,0.729077601,0.717931937,0.731835687,0.701514399,0.75728183,0.472071394,0.664140908,0.585742525,0.530039722,0.546247532,0.333014355,-2,-2,-2,0.557084124,-2,0.314898585,-2,0.499604646,0.636100816,0.492562392,-2,-2,0.562884807,-2,0.638596492,0.456923358,-2,-2,-2,0.624031778,-2,-2,0.693339985,0.766745541,0.49490981,-2,0.532468496,0.49390064,-2,-2,-2,0.49121152,0.492562392,-2,-2,-2,0.531826044,0.588003197,0.57338908,0.582184334,0.643478261,-2,-2,-2,0.351648352,-2,0.603089081,0.681606218,0.760948668,0.626699834,0.747173965,0.709474463,0.582661291,0.704848521,0.761402387,0.680954089,0.721330972,0.716603421,0.737827716,0.707017544,0.714089158,0.686035526,0.723057644,0.647008547,0.744576292,0.645070423,0.733918919,0.614420331,0.622801205,0.765111852,0.668266736,-2,0.652106807,-2,-2,-2,0.694289922,-2,0.629821532,0.321590909,-2,0.359848485,0.317647059,0.347826087,0.740621448,-2,0.35,-2,0.655581277,0.591993016,0.702702028,0.67440174,0.618006993,-2,0.728216819,0.668027546,0.595847965,0.610875852,0.60076451,0.711843297,0.640176249,0.729468599,0.665311209,0.642902813,0.722369765,-2,-2,-2,-2,0.62058459,-2,-2,-2,-2,-2,-2,0.494258374,0.681575267,-2,-2,0.647837905,0.70808006,-2,0.684958922,-2,0.621322537,0.64057009,0.749336518,0.653190319,0.698245437,0.576532793,0.667444887,-2,0.772727273,0.675091575,-2,0.74343335,0.679674797,-2,0.505436126,-2,0.541244467,-2,-2,-2,-2,0.272727273,-2,-2,-2,-2,-2,-2BRB,0.193452381,0.210059172,-2,0.184931507,0.356589148,0.337931035,0.402439025,0.380136987,-2,-2,-2,-2,-2,-2,-2,0.369047619,-2,0.350649351,0.337748345,0.337606838,0.341085272,0.354166667,0.352739726,0.33881579,0.360119048,0.353896104,-2,0.352272728,0.345679013,0.294478528,0.320610687,0.333333334,0.319875777,0.30239521,0.343537415,0.187116565,0.297619048,0.223214286,0.217791411,0.221518988,0.162650603,-2,-2,-2,0.260736197,-2,0.14379085,-2,0.193452381,0.241071429,0.18452381,-2,-2,0.213017752,-2,0.301470588,0.127906977,-2,-2,-2,0.278443114,-2,-2,0.300595238,0.312903226,0.193452381,-2,0.215976332,0.186390533,-2,-2,-2,0.1875,0.1875,-2,-2,-2,0.215568863,0.236686391,0.213017752,0.223214286,0.219858156,-2,-2,-2,0.296511628,-2,0.271084338,0.304635762,0.33881579,0.263975156,0.339160839,0.334437086,0.246710527,0.31402439,0.363354038,0.352760736,0.317073171,0.359756098,0.338509317,0.290625,0.338461539,0.300632912,0.35,0.237903226,0.35443038,0.286144579,0.308176101,0.282208589,0.267295598,0.350340136,0.2852349,-2,0.320359282,-2,-2,-2,0.285714286,-2,0.217105263,0.122047244,-2,0.278301887,0.21686747,0.297872341,0.367088608,-2,0.358870968,-2,0.323899371,0.262048193,0.307692308,0.289473684,0.262048193,-2,0.320359282,0.316568048,0.265243903,0.277108434,0.25,0.298013245,0.287878788,0.333333334,0.302631579,0.269736842,0.29710145,-2,-2,-2,-2,0.32208589,-2,-2,-2,-2,-2,-2,0.197604791,0.321428572,-2,-2,0.285714286,0.3125,-2,0.310559006,-2,0.326923077,0.298657718,0.316037736,0.310897436,0.377976191,0.289256199,0.338028169,-2,0.351190476,0.349358975,-2,0.369822485,0.335403727,-2,0.193452381,-2,0.221893491,-2,-2,-2,-2,0.227272728,-2,-2,-2,-2,-2,-2DMA,-2,-2,-2,-2,-2,-2,-2,-2,-2,-2,-2,-2,-2,-2,-2,-2,-2,-2,-2,-2,-2,-2,-2,-2,-2,-2,-2,-2,-2,-2,-2,-2,-2,-2,-2,-2,-2,-2,-2,-2,-2,-2,-2,-2,-2,-2,-2,-2,-2,-2,-2,-2,-2,-2,-2,-2,-2,-2,-2,-2,-2,-2,-2,-2,-2,-2,-2,-2,-2,-2,-2,-2,-2,-2,-2,-2,-2,-2,-2,-2,-2,-2,-2,-2,-2,-2,-2,-2,-2,-2,-2,-2,-2,-2,-2,-2,-2,-2,-2,-2,-2,-2,-2,-2,-2,-2,-2,-2,-2,-2,-2,-2,-2,-2,-2,-2,-2,-2,-2,-2,-2,-2,-2,-2,-2,-2,-2,-2,-2,-2,-2,-2,-2,-2,-2,-2,-2,-2,-2,-2,-2,-2,-2,-2,-2,-2,-2,-2,-2,-2,-2,-2,-2,-2,-2,-2,-2,-2,-2,-2,-2,-2,-2,-2,-2,-2,-2,-2,-2,-2,-2,-2,-2,-2,-2,-2,-2,-2,-2,-2,-2,-2,-2,-2,-2,-2,-2,-2,-2,-2,-2,-2,-2,-2GRD,-2,-2,-2,-2,-2,-2,-2,-2,-2,-2,-2,-2,-2,-2,-2,-2,-2,-2,-2,-2,-2,-2,-2,-2,-2,-2,-2,-2,-2,-2,-2,-2,-2,-2,-2,-2,-2,-2,-2,-2,-2,-2,-2,-2,-2,-2,-2,-2,-2,-2,-2,-2,-2,-2,-2,-2,-2,-2,-2,-2,-2,-2,-2,-2,-2,-2,-2,-2,-2,-2,-2,-2,-2,-2,-2,-2,-2,-2,-2,-2,-2,-2,-2,-2,-2,-2,-2,-2,-2,-2,-2,-2,-2,-2,-2,-2,-2,-2,-2,-2,-2,-2,-2,-2,-2,-2,-2,-2,-2,-2,-2,-2,-2,-2,-2,-2,-2,-2,-2,-2,-2,-2,-2,-2,-2,-2,-2,-2,-2,-2,-2,-2,-2,-2,-2,-2,-2,-2,-2,-2,-2,-2,-2,-2,-2,-2,-2,-2,-2,-2,-2,-2,-2,-2,-2,-2,-2,-2,-2,-2,-2,-2,-2,-2,-2,-2,-2,-2,-2,-2,-2,-2,-2,-2,-2,-2,-2,-2,-2,-2,-2,-2,-2,-2,-2,-2,-2,-2,-2,-2,-2,-2,-2,-2LCA,-2,-2,-2,-2,-2,-2,-2,-2,-2,-2,-2,-2,-2,-2,-2,-2,-2,-2,-2,-2,-2,-2,-2,-2,-2,-2,-2,-2,-2,-2,-2,-2,-2,-2,-2,-2,-2,-2,-2,-2,-2,-2,-2,-2,-2,-2,-2,-2,-2,-2,-2,-2,-2,-2,-2,-2,-2,-2,-2,-2,-2,-2,-2,-2,-2,-2,-2,-2,-2,-2,-2,-2,-2,-2,-2,-2,-2,-2,-2,-2,-2,-2,-2,-2,-2,-2,-2,-2,-2,-2,-2,-2,-2,-2,-2,-2,-2,-2,-2,-2,-2,-2,-2,-2,-2,-2,-2,-2,-2,-2,-2,-2,-2,-2,-2,-2,-2,-2,-2,-2,-2,-2,-2,-2,-2,-2,-2,-2,-2,-2,-2,-2,-2,-2,-2,-2,-2,-2,-2,-2,-2,-2,-2,-2,-2,-2,-2,-2,-2,-2,-2,-2,-2,-2,-2,-2,-2,-2,-2,-2,-2,-2,-2,-2,-2,-2,-2,-2,-2,-2,-2,-2,-2,-2,-2,-2,-2,-2,-2,-2,-2,-2,-2,-2,-2,-2,-2,-2,-2,-2,-2,-2,-2,-2VCT,-2,-2,-2,-2,-2,-2,-2,-2,-2,-2,-2,-2,-2,-2,-2,-2,-2,-2,-2,-2,-2,-2,-2,-2,-2,-2,-2,-2,-2,-2,-2,-2,-2,-2,-2,-2,-2,-2,-2,-2,-2,-2,-2,-2,-2,-2,-2,-2,-2,-2,-2,-2,-2,-2,-2,-2,-2,-2,-2,-2,-2,-2,-2,-2,-2,-2,-2,-2,-2,-2,-2,-2,-2,-2,-2,-2,-2,-2,-2,-2,-2,-2,-2,-2,-2,-2,-2,-2,-2,-2,-2,-2,-2,-2,-2,-2,-2,-2,-2,-2,-2,-2,-2,-2,-2,-2,-2,-2,-2,-2,-2,-2,-2,-2,-2,-2,-2,-2,-2,-2,-2,-2,-2,-2,-2,-2,-2,-2,-2,-2,-2,-2,-2,-2,-2,-2,-2,-2,-2,-2,-2,-2,-2,-2,-2,-2,-2,-2,-2,-2,-2,-2,-2,-2,-2,-2,-2,-2,-2,-2,-2,-2,-2,-2,-2,-2,-2,-2,-2,-2,-2,-2,-2,-2,-2,-2,-2,-2,-2,-2,-2,-2,-2,-2,-2,-2,-2,-2,-2,-2,-2,-2,-2,-2ATG,-2,-2,-2,-2,-2,-2,-2,-2,-2,-2,-2,-2,-2,-2,-2,-2,-2,-2,-2,-2,-2,-2,-2,-2,-2,-2,-2,-2,-2,-2,-2,-2,-2,-2,-2,-2,-2,-2,-2,-2,-2,-2,-2,-2,-2,-2,-2,-2,-2,-2,-2,-2,-2,-2,-2,-2,-2,-2,-2,-2,-2,-2,-2,-2,-2,-2,-2,-2,-2,-2,-2,-2,-2,-2,-2,-2,-2,-2,-2,-2,-2,-2,-2,-2,-2,-2,-2,-2,-2,-2,-2,-2,-2,-2,-2,-2,-2,-2,-2,-2,-2,-2,-2,-2,-2,-2,-2,-2,-2,-2,-2,-2,-2,-2,-2,-2,-2,-2,-2,-2,-2,-2,-2,-2,-2,-2,-2,-2,-2,-2,-2,-2,-2,-2,-2,-2,-2,-2,-2,-2,-2,-2,-2,-2,-2,-2,-2,-2,-2,-2,-2,-2,-2,-2,-2,-2,-2,-2,-2,-2,-2,-2,-2,-2,-2,-2,-2,-2,-2,-2,-2,-2,-2,-2,-2,-2,-2,-2,-2,-2,-2,-2,-2,-2,-2,-2,-2,-2,-2,-2,-2,-2,-2,-2KNA,-2,-2,-2,-2,-2,-2,-2,-2,-2,-2,-2,-2,-2,-2,-2,-2,-2,-2,-2,-2,-2,-2,-2,-2,-2,-2,-2,-2,-2,-2,-2,-2,-2,-2,-2,-2,-2,-2,-2,-2,-2,-2,-2,-2,-2,-2,-2,-2,-2,-2,-2,-2,-2,-2,-2,-2,-2,-2,-2,-2,-2,-2,-2,-2,-2,-2,-2,-2,-2,-2,-2,-2,-2,-2,-2,-2,-2,-2,-2,-2,-2,-2,-2,-2,-2,-2,-2,-2,-2,-2,-2,-2,-2,-2,-2,-2,-2,-2,-2,-2,-2,-2,-2,-2,-2,-2,-2,-2,-2,-2,-2,-2,-2,-2,-2,-2,-2,-2,-2,-2,-2,-2,-2,-2,-2,-2,-2,-2,-2,-2,-2,-2,-2,-2,-2,-2,-2,-2,-2,-2,-2,-2,-2,-2,-2,-2,-2,-2,-2,-2,-2,-2,-2,-2,-2,-2,-2,-2,-2,-2,-2,-2,-2,-2,-2,-2,-2,-2,-2,-2,-2,-2,-2,-2,-2,-2,-2,-2,-2,-2,-2,-2,-2,-2,-2,-2,-2,-2,-2,-2,-2,-2,-2,-2MEX,0.544298209,0.609048869,-2,0.375178572,0.774871192,0.787985218,0.725202157,0.724660242,0.369047619,-2,-2,-2,-2,-2,-2,-2,-2,0.810893572,0.83238204,0.780095063,0.771740317,0.832018313,0.789589443,0.816474575,0.827244215,0.330808081,-2,0.824703436,0.784408156,0.770438642,0.783967315,0.775116434,0.803057025,0.791216089,0.813957972,0.494740043,0.68706383,0.577629295,0.581331504,0.585868072,0.443937039,-2,-2,-2,0.635890495,-2,0.289807026,-2,0.3953092,0.606060606,0.389380346,-2,-2,0.59920635,-2,0.734203297,0.322638146,-2,-2,-2,0.490740741,-2,-2,0.684020674,0.64661407,0.396234434,-2,0.41704833,0.388555598,-2,-2,-2,0.386243387,0.387404062,-2,-2,-2,0.518782015,0.58567775,0.566489362,0.582068371,0.606157987,-2,-2,-2,0.288043479,-2,0.482214115,0.604706164,0.662626263,0.530856918,0.673486547,0.700086581,0.456876346,0.617796821,0.681798811,0.596795118,0.534163978,0.671292403,0.627840909,0.57821119,0.673115193,0.638740218,0.642264958,0.549479167,0.620315582,0.516122144,0.579917225,0.508227643,0.541969918,0.72219731,0.51719457,-2,0.594693376,-2,-2,-2,0.535265529,-2,0.617663777,0.404576497,-2,0.340764331,0.266055046,0.355855856,0.687404258,-2,0.381118881,-2,0.521344538,0.490456141,0.526426427,0.552500466,0.497764228,-2,0.708284752,0.695724031,0.48025567,0.474925004,0.469116057,0.572430019,0.575256711,0.708026371,0.533432639,0.476310028,0.569274137,-2,-2,-2,-2,0.525471372,-2,-2,-2,-2,-2,-2,0.401935612,0.720065101,-2,-2,0.678001548,0.601684047,-2,0.570643939,-2,0.574210911,0.580744895,0.696078431,0.572908991,0.758137662,0.546511628,0.722880259,-2,0.723692643,0.542160738,-2,0.745873053,0.523014944,-2,0.544733045,-2,0.595821356,-2,-2,-2,-2,0.333333334,-2,-2,-2,-2,-2,-2BLZ,-2,-2,-2,-2,-2,-2,-2,-2,-2,-2,-2,-2,-2,-2,-2,-2,-2,-2,-2,-2,-2,-2,-2,-2,-2,-2,-2,-2,-2,-2,-2,-2,-2,-2,-2,-2,-2,-2,-2,-2,-2,-2,-2,-2,-2,-2,-2,-2,-2,-2,-2,-2,-2,-2,-2,-2,-2,-2,-2,-2,-2,-2,-2,-2,-2,-2,-2,-2,-2,-2,-2,-2,-2,-2,-2,-2,-2,-2,-2,-2,-2,-2,-2,-2,-2,-2,-2,-2,-2,-2,-2,-2,-2,-2,-2,-2,-2,-2,-2,-2,-2,-2,-2,-2,-2,-2,-2,-2,-2,-2,-2,-2,-2,-2,-2,-2,-2,-2,-2,-2,-2,-2,-2,-2,-2,-2,-2,-2,-2,-2,-2,-2,-2,-2,-2,-2,-2,-2,-2,-2,-2,-2,-2,-2,-2,-2,-2,-2,-2,-2,-2,-2,-2,-2,-2,-2,-2,-2,-2,-2,-2,-2,-2,-2,-2,-2,-2,-2,-2,-2,-2,-2,-2,-2,-2,-2,-2,-2,-2,-2,-2,-2,-2,-2,-2,-2,-2,-2,-2,-2,-2,-2,-2,-2GTM,0.594444445,0.664828965,-2,0.330825585,0.762607668,0.831146038,0.704029574,0.70940171,0.350649351,-2,-2,-2,-2,-2,-2,0.810893572,-2,-2,0.828119569,0.823020626,0.832290007,0.849519633,0.812288423,0.840027862,0.808357177,0.322404372,-2,0.81651446,0.795100468,0.748810122,0.764426704,0.805102855,0.775663477,0.802887567,0.815816596,0.541420874,0.72005772,0.613388974,0.621931102,0.626287804,0.460601197,-2,-2,-2,0.710348114,-2,0.344923664,-2,0.371529329,0.61604571,0.36514635,-2,-2,0.644843858,-2,0.805869873,0.304140613,-2,-2,-2,0.490124013,-2,-2,0.687828755,0.637443729,0.369401669,-2,0.396042877,0.36514635,-2,-2,-2,0.363991595,0.36514635,-2,-2,-2,0.517289007,0.600152796,0.586524823,0.605128205,0.607398098,-2,-2,-2,0.305882353,-2,0.469111472,0.563973064,0.627422234,0.512801051,0.623513564,0.653682546,0.433503098,0.5873161,0.668924032,0.552447083,0.495489613,0.635795017,0.604181875,0.544198624,0.627170019,0.575992627,0.601428572,0.496411384,0.606986532,0.50562588,0.554900712,0.492546584,0.53125649,0.706425154,0.474728269,-2,0.540387918,-2,-2,-2,0.533337583,-2,0.544983723,0.475331383,-2,0.351973684,0.292079208,0.344339623,0.667277386,-2,0.357692308,-2,0.512466773,0.484201921,0.522519927,0.542587573,0.467947422,-2,0.698763081,0.740520623,0.464306785,0.464187261,0.44485953,0.561386354,0.563636134,0.685456539,0.509477124,0.450124172,0.553150367,-2,-2,-2,-2,0.50531401,-2,-2,-2,-2,-2,-2,0.378197425,0.706489042,-2,-2,0.697454786,0.556410256,-2,0.591539946,-2,0.533020086,0.540952381,0.585483871,0.535016454,0.743466857,0.523855577,0.694409983,-2,0.689130435,0.52580252,-2,0.73081698,0.50705036,-2,0.5929074,-2,0.624438698,-2,-2,-2,-2,0.275862069,-2,-2,-2,-2,-2,-2HND,0.621153846,0.661120538,-2,0.306458454,0.766840883,0.855310902,0.636722003,0.685291005,0.337748345,-2,-2,-2,-2,-2,-2,0.83238204,-2,0.828119569,-2,0.881622589,0.847247885,0.869894856,0.836475517,0.855049811,0.826858921,0.325443787,-2,0.810044299,0.833265405,0.785340563,0.819354429,0.8709375,0.768644682,0.824343608,0.857801985,0.586465142,0.760575943,0.632290096,0.668303789,0.662690708,0.512125489,-2,-2,-2,0.701126835,-2,0.363916548,-2,0.326073233,0.675126263,0.319255051,-2,-2,0.688584088,-2,0.808906883,0.256069554,-2,-2,-2,0.432600837,-2,-2,0.696310893,0.594133364,0.321840748,-2,0.339775013,0.320622801,-2,-2,-2,0.31787481,0.319255051,-2,-2,-2,0.581881313,0.66971831,0.661456191,0.661538462,0.673171331,-2,-2,-2,0.288235294,-2,0.407850999,0.536185977,0.6422579,0.495615385,0.630015861,0.635455815,0.39498227,0.577102804,0.65212934,0.540835446,0.488143242,0.626565948,0.608193278,0.523222061,0.644347826,0.588023362,0.592527857,0.490184317,0.607529528,0.449459281,0.503515065,0.438439678,0.478871929,0.681972789,0.452292152,-2,0.517353615,-2,-2,-2,0.463287014,-2,0.59920635,0.501893491,-2,0.378472222,0.286458334,0.384210527,0.660506242,-2,0.34883721,-2,0.471474019,0.40843331,0.475854288,0.505030252,0.426022747,-2,0.670616718,0.700274043,0.416666667,0.42469702,0.395415425,0.533901904,0.521430026,0.719700034,0.486551562,0.423516949,0.485436341,-2,-2,-2,-2,0.465310153,-2,-2,-2,-2,-2,-2,0.326384753,0.751760564,-2,-2,0.7,0.536188811,-2,0.549319102,-2,0.52668947,0.525293096,0.598138958,0.521965649,0.764971968,0.480758035,0.666149757,-2,0.718636203,0.435616038,-2,0.786868687,0.474957118,-2,0.631439394,-2,0.648284314,-2,-2,-2,-2,0.28,-2,-2,-2,-2,-2,-2SLV,0.64928086,0.699478426,-2,0.259678113,0.771320449,0.871069183,0.649456522,0.66697995,0.337606838,-2,-2,-2,-2,-2,-2,0.780095063,-2,0.823020626,0.881622589,-2,0.868293667,0.853109917,0.843757022,0.826486014,0.797349709,0.272058824,-2,0.79685188,0.807130125,0.763929054,0.792324442,0.853911754,0.727289341,0.796259217,0.858848568,0.575310482,0.749485895,0.647899187,0.676075664,0.681071429,0.502324599,-2,-2,-2,0.687651332,-2,0.368316726,-2,0.297818872,0.66482329,0.295116169,-2,-2,0.68236715,-2,0.750793651,0.182638354,-2,-2,-2,0.429536957,-2,-2,0.69809221,0.579813259,0.297818872,-2,0.324845899,0.292413466,-2,-2,-2,0.290665523,0.292413466,-2,-2,-2,0.579583016,0.640984655,0.64050893,0.656464531,0.676547988,-2,-2,-2,0.292307693,-2,0.403518287,0.51683087,0.641428572,0.458398194,0.595388696,0.650436047,0.392203833,0.564504791,0.652760777,0.515963432,0.46754386,0.604819849,0.579776104,0.486590229,0.653817205,0.565914855,0.594746677,0.459078245,0.581135289,0.458973521,0.513384052,0.416646649,0.449153758,0.687509764,0.446798711,-2,0.504015216,-2,-2,-2,0.493686869,-2,0.639304916,0.482183908,-2,0.363309353,0.294520548,0.3875,0.685593928,-2,0.325688074,-2,0.444287508,0.408442066,0.46662653,0.490752224,0.418942686,-2,0.67471874,0.715512554,0.409220093,0.416669391,0.395194036,0.539371773,0.514010896,0.716969,0.472830096,0.409098268,0.486239035,-2,-2,-2,-2,0.437563939,-2,-2,-2,-2,-2,-2,0.303830228,0.722118601,-2,-2,0.707236842,0.519693095,-2,0.556108598,-2,0.481698725,0.493975904,0.635877863,0.501350229,0.720304861,0.452309986,0.633703704,-2,0.686837829,0.480397085,-2,0.724192728,0.47010989,-2,0.650409993,-2,0.671123755,-2,-2,-2,-2,0.214285715,-2,-2,-2,-2,-2,-2NIC,0.725702869,0.779469825,-2,0.269195467,0.746735165,0.879441392,0.658854167,0.704127161,0.341085272,-2,-2,-2,-2,-2,-2,0.771740317,-2,0.832290007,0.847247885,0.868293667,-2,0.881408066,0.857267733,0.821061292,0.7679285,0.292207792,-2,0.765343536,0.807942479,0.776856576,0.812974758,0.865664161,0.754568714,0.783801021,0.838216465,0.65738342,0.817260882,0.746615905,0.746161056,0.768130057,0.552452018,-2,-2,-2,0.711865361,-2,0.419642857,-2,0.28968254,0.687182741,0.29223356,-2,-2,0.767361112,-2,0.875,0.223889803,-2,-2,-2,0.404220086,-2,-2,0.760345579,0.584048921,0.292046606,-2,0.320294785,0.288776086,-2,-2,-2,0.288034188,0.28968254,-2,-2,-2,0.595779915,0.690737834,0.705707998,0.704128359,0.73904762,-2,-2,-2,0.285714286,-2,0.390999238,0.508817595,0.636104618,0.466259809,0.618033899,0.642164088,0.37410578,0.572064778,0.668940728,0.493786145,0.463165808,0.57364747,0.584104877,0.490159326,0.663522013,0.54193853,0.563602485,0.467120181,0.573962603,0.405238829,0.495989305,0.412091751,0.455090766,0.709770115,0.427020202,-2,0.478433099,-2,-2,-2,0.472260589,-2,0.641018307,0.557610739,-2,0.343511451,0.304347826,0.38764045,0.693941928,-2,0.339285715,-2,0.447748448,0.395637434,0.464448545,0.480053192,0.385178545,-2,0.655071732,0.772377923,0.373147578,0.387228561,0.356409672,0.478929573,0.494478951,0.742570342,0.453942653,0.376205043,0.495649351,-2,-2,-2,-2,0.422743056,-2,-2,-2,-2,-2,-2,0.303479854,0.743738405,-2,-2,0.764314059,0.482304005,-2,0.520302278,-2,0.450748759,0.45802099,0.60952381,0.463312131,0.725694445,0.431862746,0.611715368,-2,0.670138889,0.419475656,-2,0.717120181,0.466736155,-2,0.737662155,-2,0.772789763,-2,-2,-2,-2,0.24,-2,-2,-2,-2,-2,-2CRI,0.637656501,0.687706323,-2,0.312971175,0.769039735,0.86219437,0.701904762,0.710967742,0.354166667,-2,-2,-2,-2,-2,-2,0.832018313,-2,0.849519633,0.869894856,0.853109917,0.881408066,-2,0.85876865,0.866598333,0.827948923,0.298561151,-2,0.789893617,0.813474026,0.805512017,0.803498119,0.875990676,0.781775486,0.813681052,0.867647059,0.584836489,0.750056497,0.652674924,0.666131621,0.690614618,0.492807787,-2,-2,-2,0.689860869,-2,0.332756841,-2,0.31342569,0.645378365,0.31342569,-2,-2,0.709397345,-2,0.816729323,0.290703346,-2,-2,-2,0.43369096,-2,-2,0.734452574,0.607955388,0.31593817,-2,0.338706588,0.312484129,-2,-2,-2,0.308728172,0.310616701,-2,-2,-2,0.555341551,0.641157773,0.653232243,0.649373997,0.674589133,-2,-2,-2,0.257575758,-2,0.416909016,0.53046252,0.64354852,0.466410353,0.618024133,0.650839426,0.397751304,0.572868414,0.67204017,0.551082762,0.471231714,0.594252874,0.567898671,0.507192691,0.652097902,0.586472472,0.591899065,0.475139283,0.584126315,0.456362952,0.488998747,0.444033507,0.480330883,0.681025449,0.438097779,-2,0.508104094,-2,-2,-2,0.465118243,-2,0.623593399,0.45322824,-2,0.345238095,0.267441861,0.34375,0.66302521,-2,0.35,-2,0.467672103,0.410575348,0.4783237,0.495451592,0.395006597,-2,0.683044316,0.733336544,0.422222222,0.415385879,0.399944606,0.515669314,0.511458084,0.738808228,0.486370158,0.387518511,0.514069265,-2,-2,-2,-2,0.464172078,-2,-2,-2,-2,-2,-2,0.330907278,0.77282707,-2,-2,0.723410368,0.517557861,-2,0.538817734,-2,0.488636364,0.521139706,0.649593496,0.510302718,0.748842777,0.449784792,0.669041027,-2,0.710411623,0.482451546,-2,0.741863619,0.464033384,-2,0.644343718,-2,0.68765871,-2,-2,-2,-2,0.236842106,-2,-2,-2,-2,-2,-2PAN,0.607952788,0.664230504,-2,0.33280283,0.75989249,0.827523184,0.675630876,0.703665727,0.352739726,-2,-2,-2,-2,-2,-2,0.789589443,-2,0.812288423,0.836475517,0.843757022,0.857267733,0.85876865,-2,0.844412331,0.781156582,0.316091954,-2,0.792214913,0.820550119,0.771547356,0.812628083,0.868236505,0.78265244,0.793103005,0.842044525,0.551153017,0.732885976,0.625480498,0.631060133,0.656265913,0.489831139,-2,-2,-2,0.692575937,-2,0.330477151,-2,0.34640698,0.641740557,0.344123875,-2,-2,0.649679479,-2,0.829959514,0.301835401,-2,-2,-2,0.473843421,-2,-2,0.686137567,0.608462919,0.346409299,-2,0.372610323,0.339557665,-2,-2,-2,0.338206653,0.339557665,-2,-2,-2,0.565937164,0.639973047,0.648453133,0.647510566,0.661223467,-2,-2,-2,0.313953489,-2,0.469213854,0.570872093,0.660477454,0.510982306,0.646410257,0.673996059,0.431575092,0.613978495,0.703431242,0.577135327,0.510824225,0.65309437,0.615471502,0.557142857,0.670821543,0.609075879,0.618129572,0.536293164,0.632483819,0.525510204,0.578167787,0.473466981,0.512842763,0.706766917,0.4925,-2,0.548035799,-2,-2,-2,0.53426396,-2,0.663235294,0.451428348,-2,0.374172186,0.290816327,0.383495146,0.679846975,-2,0.354961832,-2,0.523418653,0.465461663,0.518114054,0.527860926,0.451649258,-2,0.710858586,0.706415782,0.459078441,0.464742565,0.438786566,0.561018388,0.551205148,0.725574713,0.529203981,0.449384307,0.599462366,-2,-2,-2,-2,0.496613462,-2,-2,-2,-2,-2,-2,0.354324654,0.722204945,-2,-2,0.70357747,0.545124214,-2,0.581703607,-2,0.527298121,0.536082474,0.629251701,0.517876879,0.751404495,0.485361857,0.656869633,-2,0.717703102,0.534342106,-2,0.748665319,0.520563983,-2,0.616306186,-2,0.664740696,-2,-2,-2,-2,0.25,-2,-2,-2,-2,-2,-2COL,0.585679186,0.635176651,-2,0.330835995,0.764348346,0.845986038,0.687368698,0.706101191,0.33881579,-2,-2,-2,-2,-2,-2,0.816474575,-2,0.840027862,0.855049811,0.826486014,0.821061292,0.866598333,0.844412331,-2,0.855598456,0.334254144,-2,0.798277809,0.865179608,0.784708345,0.832682005,0.87301318,0.795989538,0.843665264,0.866401131,0.535893072,0.734004049,0.616456288,0.616096096,0.637516689,0.473644761,-2,-2,-2,0.698804186,-2,0.345888355,-2,0.360378682,0.633730715,0.358204769,-2,-2,0.641369677,-2,0.820721358,0.294715447,-2,-2,-2,0.475712542,-2,-2,0.702993898,0.623579943,0.362758375,-2,0.382117812,0.357282503,-2,-2,-2,0.354768278,0.356030856,-2,-2,-2,0.542303339,0.627173913,0.632724933,0.636603996,0.662586259,-2,-2,-2,0.295454546,-2,0.484917502,0.564038172,0.642643541,0.513888889,0.633862319,0.653405316,0.433769662,0.603084416,0.676200512,0.572978304,0.503860547,0.601601538,0.602558116,0.53470516,0.646812387,0.593845329,0.606253194,0.511714521,0.625258829,0.506652661,0.551624388,0.472966024,0.532102978,0.67256918,0.480632126,-2,0.563433729,-2,-2,-2,0.529126214,-2,0.595785149,0.426348915,-2,0.37,0.284313726,0.378640777,0.680555556,-2,0.390151515,-2,0.515017738,0.47417154,0.513484333,0.51320745,0.445911498,-2,0.704852796,0.723896575,0.458108108,0.461042601,0.451053993,0.550586628,0.5496997,0.726248027,0.521678744,0.455854491,0.572648196,-2,-2,-2,-2,0.486881129,-2,-2,-2,-2,-2,-2,0.370839452,0.726630435,-2,-2,0.723936419,0.531257344,-2,0.58162146,-2,0.545571524,0.548076923,0.623333334,0.534577051,0.755069043,0.499851191,0.705711689,-2,0.716251778,0.530590263,-2,0.744880786,0.49831487,-2,0.591912109,-2,0.661534702,-2,-2,-2,-2,0.316666667,-2,-2,-2,-2,-2,-2VEN,0.532790309,0.5985659,-2,0.356986818,0.792781376,0.8,0.713192082,0.71928997,0.360119048,-2,-2,-2,-2,-2,-2,0.827244215,-2,0.808357177,0.826858921,0.797349709,0.7679285,0.827948923,0.781156582,0.855598456,-2,0.343434344,-2,0.818065768,0.83926723,0.772155924,0.839323467,0.826368343,0.807623809,0.843172775,0.851721817,0.509964883,0.700507292,0.582626943,0.579554656,0.595926727,0.448481469,-2,-2,-2,0.639475061,-2,0.302314815,-2,0.386510014,0.620709715,0.380557634,-2,-2,0.619824368,-2,0.791208792,0.313408897,-2,-2,-2,0.498153981,-2,-2,0.692898396,0.664018774,0.385131712,-2,0.411036317,0.381671254,-2,-2,-2,0.381427171,0.38254176,-2,-2,-2,0.54242932,0.598544974,0.595080092,0.600730995,0.633729488,-2,-2,-2,0.306451613,-2,0.483108414,0.581668625,0.662560678,0.520369017,0.673236715,0.665584416,0.445187166,0.641962913,0.682141266,0.595317131,0.545948204,0.639183674,0.646792925,0.575337103,0.631387,0.634182553,0.641011252,0.531669791,0.633709982,0.506696429,0.565314201,0.513364056,0.552764487,0.675200091,0.499210776,-2,0.564078768,-2,-2,-2,0.538695083,-2,0.586116243,0.39985218,-2,0.338607595,0.270642202,0.340707965,0.685657507,-2,0.381944445,-2,0.526925553,0.493663717,0.554125743,0.54089963,0.48114587,-2,0.72983871,0.720685112,0.479270924,0.466591081,0.451931465,0.5704694,0.56062131,0.727993848,0.519418668,0.443648019,0.563579723,-2,-2,-2,-2,0.507303975,-2,-2,-2,-2,-2,-2,0.390671317,0.718253968,-2,-2,0.700926619,0.563972432,-2,0.583892321,-2,0.569944018,0.568452524,0.64122807,0.55353563,0.769578948,0.511656395,0.742955713,-2,0.719578948,0.547826087,-2,0.776455027,0.534454664,-2,0.535724674,-2,0.588094696,-2,-2,-2,-2,0.283333334,-2,-2,-2,-2,-2,-2GUY,0.16080402,0.2075,-2,0.204022989,0.351973684,0.321428572,0.411917099,0.421212121,0.353896104,-2,-2,-2,-2,-2,-2,0.330808081,-2,0.322404372,0.325443787,0.272058824,0.292207792,0.298561151,0.316091954,0.334254144,0.343434344,-2,-2,0.356687898,0.348901099,0.284615385,0.332278481,0.315028902,0.35,0.305555556,0.318181818,0.175257732,0.279187818,0.21,0.197969543,0.191256831,0.171717172,-2,-2,-2,0.282722513,-2,0.136871509,-2,0.238693468,0.246231156,0.233668342,-2,-2,0.202020202,-2,0.295180723,0.15942029,-2,-2,-2,0.295454546,-2,-2,0.314720812,0.338709678,0.233668342,-2,0.253768844,0.235,-2,-2,-2,0.233668342,0.233668342,-2,-2,-2,0.210659899,0.226130654,0.2075,0.213567839,0.25,-2,-2,-2,0.348314607,-2,0.297435898,0.340782123,0.336206897,0.284574468,0.363372093,0.326923077,0.276836158,0.326424871,0.353092784,0.380208334,0.344387755,0.349740933,0.345549738,0.325520834,0.325,0.339673913,0.350574713,0.273648649,0.378378379,0.309782609,0.338541667,0.297927461,0.318681319,0.337142857,0.311428572,-2,0.328205128,-2,-2,-2,0.308333334,-2,0.189944134,0.125806452,-2,0.318548387,0.258064516,0.28440367,0.343085107,-2,0.357664234,-2,0.329787234,0.289340102,0.319095478,0.30874317,0.287564767,-2,0.326530612,0.3075,0.294270834,0.28125,0.281725889,0.302259887,0.305699482,0.310256411,0.316939891,0.284482759,0.32208589,-2,-2,-2,-2,0.300518135,-2,-2,-2,-2,-2,-2,0.237244898,0.293969849,-2,-2,0.268844221,0.291457287,-2,0.287234043,-2,0.321621622,0.300561798,0.336134454,0.315217392,0.347715736,0.304195804,0.37202381,-2,0.342639594,0.318918919,-2,0.349246231,0.339473684,-2,0.168341709,-2,0.195,-2,-2,-2,-2,0.316666667,-2,-2,-2,-2,-2,-2SUR,-2,-2,-2,-2,-2,-2,-2,-2,-2,-2,-2,-2,-2,-2,-2,-2,-2,-2,-2,-2,-2,-2,-2,-2,-2,-2,-2,-2,-2,-2,-2,-2,-2,-2,-2,-2,-2,-2,-2,-2,-2,-2,-2,-2,-2,-2,-2,-2,-2,-2,-2,-2,-2,-2,-2,-2,-2,-2,-2,-2,-2,-2,-2,-2,-2,-2,-2,-2,-2,-2,-2,-2,-2,-2,-2,-2,-2,-2,-2,-2,-2,-2,-2,-2,-2,-2,-2,-2,-2,-2,-2,-2,-2,-2,-2,-2,-2,-2,-2,-2,-2,-2,-2,-2,-2,-2,-2,-2,-2,-2,-2,-2,-2,-2,-2,-2,-2,-2,-2,-2,-2,-2,-2,-2,-2,-2,-2,-2,-2,-2,-2,-2,-2,-2,-2,-2,-2,-2,-2,-2,-2,-2,-2,-2,-2,-2,-2,-2,-2,-2,-2,-2,-2,-2,-2,-2,-2,-2,-2,-2,-2,-2,-2,-2,-2,-2,-2,-2,-2,-2,-2,-2,-2,-2,-2,-2,-2,-2,-2,-2,-2,-2,-2,-2,-2,-2,-2,-2,-2,-2,-2,-2,-2,-2ECU,0.51972576,0.607059607,-2,0.371377317,0.784195113,0.798808453,0.764907765,0.801470588,0.352272728,-2,-2,-2,-2,-2,-2,0.824703436,-2,0.81651446,0.810044299,0.79685188,0.765343536,0.789893617,0.792214913,0.798277809,0.818065768,0.356687898,-2,-2,0.798779043,0.76762766,0.82508155,0.792101854,0.804780326,0.747288794,0.833901786,0.491776316,0.66844458,0.584984603,0.549931201,0.562451441,0.399945176,-2,-2,-2,0.619316616,-2,0.297196421,-2,0.396204311,0.613535949,0.391049672,-2,-2,0.590909091,-2,0.671296297,0.329548186,-2,-2,-2,0.532938564,-2,-2,0.662122141,0.687340057,0.390899161,-2,0.416153435,0.38986014,-2,-2,-2,0.387070184,0.388472353,-2,-2,-2,0.503146853,0.573262483,0.570638512,0.574405364,0.605517865,-2,-2,-2,0.397435898,-2,0.500054199,0.59458044,0.684484689,0.565443664,0.642628205,0.663336663,0.509722008,0.637254902,0.706847826,0.577052188,0.572307901,0.648640759,0.658247903,0.581308477,0.639531231,0.625586855,0.643955231,0.595138889,0.64284266,0.584349292,0.643766515,0.55,0.598763369,0.761860894,0.56856806,-2,0.560777763,-2,-2,-2,0.643713451,-2,0.632024978,0.372156459,-2,0.316,0.282051282,0.329411765,0.659643236,-2,0.36936937,-2,0.553352491,0.537842137,0.58084024,0.587948475,0.535674551,-2,0.745659604,0.68974359,0.510893247,0.507908735,0.495746215,0.609736842,0.587162162,0.720398512,0.53989575,0.505050974,0.622201358,-2,-2,-2,-2,0.503973169,-2,-2,-2,-2,-2,-2,0.401635846,0.695175439,-2,-2,0.643325747,0.593592076,-2,0.603336726,-2,0.586191433,0.577641306,0.674458662,0.58652746,0.74438317,0.539386401,0.725044975,-2,0.713381493,0.550769231,-2,0.756828223,0.552712864,-2,0.517204445,-2,0.567748918,-2,-2,-2,-2,0.3,-2,-2,-2,-2,-2,-2PER,0.56056667,0.610268879,-2,0.332563115,0.768119982,0.835563249,0.691515837,0.700145434,0.345679013,-2,-2,-2,-2,-2,-2,0.784408156,-2,0.795100468,0.833265405,0.807130125,0.807942479,0.813474026,0.820550119,0.865179608,0.83926723,0.348901099,-2,0.798779043,-2,0.762142578,0.829000786,0.845891027,0.787686898,0.804408213,0.821535394,0.531936431,0.693287877,0.591661081,0.607591198,0.617644758,0.456296608,-2,-2,-2,0.686702662,-2,0.355588236,-2,0.349011205,0.623527581,0.351213848,-2,-2,0.619493392,-2,0.810820368,0.288541667,-2,-2,-2,0.467968449,-2,-2,0.699606686,0.608537296,0.355623433,-2,0.385345157,0.345871472,-2,-2,-2,0.346808562,0.346808562,-2,-2,-2,0.521135266,0.603560338,0.599151568,0.609470162,0.629092668,-2,-2,-2,0.324175824,-2,0.476700839,0.550640761,0.618250825,0.532407408,0.651708719,0.660336116,0.432033259,0.603524544,0.647655454,0.552579365,0.510827408,0.603803508,0.634822661,0.540996198,0.639998313,0.617797695,0.622883012,0.498429748,0.611502348,0.498791993,0.583955622,0.472908199,0.546613218,0.681898959,0.486432161,-2,0.56959707,-2,-2,-2,0.521292024,-2,0.565538946,0.439719466,-2,0.345890411,0.286407767,0.35,0.663368663,-2,0.404255319,-2,0.520589669,0.488518519,0.50731767,0.527813248,0.472406238,-2,0.707245879,0.720623675,0.468070045,0.453851082,0.45304803,0.566623335,0.56871808,0.670128121,0.524970199,0.447252711,0.588554886,-2,-2,-2,-2,0.477136116,-2,-2,-2,-2,-2,-2,0.364097849,0.696894516,-2,-2,0.670154185,0.534977493,-2,0.569301666,-2,0.545532252,0.543111871,0.633333334,0.567877095,0.729640596,0.484931866,0.682161754,-2,0.705401615,0.557526662,-2,0.767899502,0.495305165,-2,0.567946754,-2,0.618421053,-2,-2,-2,-2,0.285714286,-2,-2,-2,-2,-2,-2BRA,0.575790071,0.651979167,-2,0.297104581,0.724084596,0.76220198,0.662833307,0.670334928,0.294478528,-2,-2,-2,-2,-2,-2,0.770438642,-2,0.748810122,0.785340563,0.763929054,0.776856576,0.805512017,0.771547356,0.784708345,0.772155924,0.284615385,-2,0.76762766,0.762142578,-2,0.776388576,0.805934874,0.737349634,0.794049427,0.802376931,0.561790668,0.725109608,0.640354167,0.629817183,0.650283079,0.482252641,-2,-2,-2,0.667507914,-2,0.375325747,-2,0.32373243,0.64153489,0.311684237,-2,-2,0.694136425,-2,0.779532967,0.264811739,-2,-2,-2,0.425487231,-2,-2,0.649905246,0.561678463,0.317460318,-2,0.341804719,0.3