1963,USA,CAN,BHS,CUB,HTI,DOM,JAM,TTO,BRB,DMA,GRD,LCA,VCT,ATG,KNA,MEX,BLZ,GTM,HND,SLV,NIC,CRI,PAN,COL,VEN,GUY,SUR,ECU,PER,BRA,BOL,PRY,CHL,ARG,URY,GBR,IRL,NLD,BEL,LUX,FRA,MCO,LIE,CHE,ESP,AND,PRT,DEU,POL,AUT,HUN,CZE,SVK,ITA,SMR,MLT,ALB,MNE,MKD,HRV,SRB,BIH,SVN,GRC,CYP,BGR,MDA,ROU,RUS,EST,LVA,LTU,UKR,BLR,ARM,GEO,AZE,FIN,SWE,NOR,DNK,ISL,CPV,STP,GNB,GNQ,GMB,MLI,SEN,BEN,MRT,NER,CIV,GIN,BFA,LBR,SLE,GHA,TGO,CMR,NGA,GAB,CAF,TCD,COG,COD,UGA,KEN,TZA,BDI,RWA,SOM,DJI,ETH,ERI,AGO,MOZ,ZMB,ZWE,MWI,ZAF,NAM,LSO,BWA,SWZ,MDG,COM,MUS,SYC,MAR,DZA,TUN,LBY,SDN,SSD,IRN,TUR,IRQ,EGY,SYR,LBN,JOR,ISR,SAU,YEM,KWT,BHR,QAT,ARE,OMN,AFG,TKM,TJK,KGZ,UZB,KAZ,CHN,MNG,TWN,PRK,KOR,JPN,IND,BTN,PAK,BGD,MMR,LKA,MDV,NPL,THA,KHM,LAO,VNM,MYS,SGP,BRN,PHL,IDN,TLS,AUS,PNG,NZL,VUT,SLB,KIR,TUV,FJI,TON,NRU,MHL,PLW,FSM,WSMUSA,-2,0.737647059,-2,0.168888889,0.48681592,0.506367925,0.390040651,0.408411215,0.367559524,-2,-2,-2,-2,-2,-2,0.458102767,-2,0.475,0.5225,0.53918919,0.581632653,0.576404494,0.536009174,0.481168831,0.437301587,0.305527638,-2,0.416237114,0.385022027,0.492168675,0.452380952,0.514757709,0.397131148,0.459920635,0.55,0.7904,0.605577689,0.748031496,0.778313253,0.777637131,0.5624,-2,-2,-2,0.447745901,-2,0.488194445,-2,0.168307086,0.594685039,0.160826772,-2,-2,0.698418973,-2,0.723809524,0.06627907,-2,-2,-2,0.221541502,-2,-2,0.490079365,0.322033898,0.168307086,-2,0.179527559,0.163921569,-2,-2,-2,0.16146245,0.164566929,-2,-2,-2,0.508928572,0.605905512,0.633333334,0.628346457,0.656053812,-2,-2,-2,0.214516129,-2,0.200813008,0.333116883,0.411946903,0.19,0.390178572,0.425862069,0.179955947,0.352857142,0.463223141,0.304938271,0.310282258,0.384615385,0.289300412,0.256967213,0.431377551,0.320726496,0.319469027,0.23134715,0.335294117,0.2078125,0.220464135,0.169230769,0.194130435,0.436830358,0.209684685,-2,0.28995984,-2,-2,-2,0.20742358,-2,0.541666667,0.614427861,-2,0.537735849,0.479357798,0.500446428,0.447291666,-2,0.369444445,-2,0.278242678,0.193027888,0.281620554,0.264556962,0.2,-2,0.348207172,0.443333334,0.198565573,0.226923077,0.179317269,0.287111111,0.263673469,0.543951613,0.25720524,0.205405405,0.215509259,-2,-2,-2,-2,0.261538462,-2,-2,-2,-2,-2,-2,0.1786,0.508661417,-2,-2,0.605905512,0.265551181,-2,0.24439834,-2,0.248712446,0.229166667,0.38,0.260548523,0.448611111,0.251149425,0.362560386,-2,0.3686,0.270258621,-2,0.44507874,0.294693878,-2,0.837795276,-2,0.800980392,-2,-2,-2,-2,0.411666666,-2,-2,-2,-2,-2,-2CAN,0.737647059,-2,-2,0.218584071,0.519900498,0.52629108,0.48076923,0.506074766,0.399112426,-2,-2,-2,-2,-2,-2,0.493700787,-2,0.533617022,0.550226244,0.595675676,0.636548223,0.610335196,0.598630137,0.542857142,0.495652174,0.39425,-2,0.487179487,0.4625,0.551,0.513270142,0.590088105,0.480816327,0.533201581,0.601528384,0.6992,0.678571428,0.778627451,0.7828,0.790336134,0.598007968,-2,-2,-2,0.511836735,-2,0.420276497,-2,0.227254902,0.733921569,0.219803922,-2,-2,0.762992126,-2,0.66952381,0.13255814,-2,-2,-2,0.295472441,-2,-2,0.563241106,0.406567797,0.227254902,-2,0.275686274,0.22265625,-2,-2,-2,0.220669292,0.223529412,-2,-2,-2,0.627075098,0.737647059,0.760742188,0.76,0.746428572,-2,-2,-2,0.377956989,-2,0.273076923,0.397198276,0.439427313,0.264107884,0.422222222,0.464806867,0.241666667,0.374593496,0.504320988,0.381557377,0.377710843,0.436693548,0.354303279,0.333469388,0.434010152,0.347659575,0.385022027,0.298711341,0.373640167,0.266,0.295378152,0.25282258,0.271428572,0.477111111,0.302466368,-2,0.3648,-2,-2,-2,0.285,-2,0.593231441,0.467910447,-2,0.579559748,0.52293578,0.605309735,0.488796681,-2,0.432413793,-2,0.35625,0.263888889,0.347834645,0.351260504,0.271975807,-2,0.435258964,0.5046875,0.271428572,0.298790323,0.2508,0.378318584,0.312804878,0.572289157,0.326304348,0.27690583,0.315207373,-2,-2,-2,-2,0.325604838,-2,-2,-2,-2,-2,-2,0.227091634,0.529019608,-2,-2,0.651960785,0.320392157,-2,0.314049586,-2,0.312606838,0.302838428,0.472222222,0.335294117,0.484387352,0.322126437,0.445169082,-2,0.420119522,0.35472103,-2,0.484313726,0.347560976,-2,0.756274509,-2,0.812695313,-2,-2,-2,-2,0.443333334,-2,-2,-2,-2,-2,-2BHS,-2,-2,-2,-2,-2,-2,-2,-2,-2,-2,-2,-2,-2,-2,-2,-2,-2,-2,-2,-2,-2,-2,-2,-2,-2,-2,-2,-2,-2,-2,-2,-2,-2,-2,-2,-2,-2,-2,-2,-2,-2,-2,-2,-2,-2,-2,-2,-2,-2,-2,-2,-2,-2,-2,-2,-2,-2,-2,-2,-2,-2,-2,-2,-2,-2,-2,-2,-2,-2,-2,-2,-2,-2,-2,-2,-2,-2,-2,-2,-2,-2,-2,-2,-2,-2,-2,-2,-2,-2,-2,-2,-2,-2,-2,-2,-2,-2,-2,-2,-2,-2,-2,-2,-2,-2,-2,-2,-2,-2,-2,-2,-2,-2,-2,-2,-2,-2,-2,-2,-2,-2,-2,-2,-2,-2,-2,-2,-2,-2,-2,-2,-2,-2,-2,-2,-2,-2,-2,-2,-2,-2,-2,-2,-2,-2,-2,-2,-2,-2,-2,-2,-2,-2,-2,-2,-2,-2,-2,-2,-2,-2,-2,-2,-2,-2,-2,-2,-2,-2,-2,-2,-2,-2,-2,-2,-2,-2,-2,-2,-2,-2,-2,-2,-2,-2,-2,-2,-2,-2,-2,-2,-2,-2,-2CUB,0.168888889,0.218584071,-2,-2,0.358888889,0.384042553,0.373059361,0.364594595,0.351369863,-2,-2,-2,-2,-2,-2,0.381696428,-2,0.398095238,0.375128205,0.292767296,0.320053476,0.328181818,0.370256411,0.376328503,0.388444445,0.387643678,-2,0.41734104,0.398536585,0.292307693,0.320108696,0.33725,0.45967742,0.370627803,0.351682693,0.194318182,0.289686098,0.202666666,0.19,0.207109005,0.300904977,-2,-2,-2,0.457727273,-2,0.098958334,-2,0.772666666,0.22278761,0.785333334,-2,-2,0.203571428,-2,0.115151515,0.92654321,-2,-2,-2,0.729464286,-2,-2,0.374887892,0.498058253,0.789555555,-2,0.743111111,0.781858408,-2,-2,-2,0.776116072,0.781111111,-2,-2,-2,0.289686098,0.287111111,0.273230088,0.287111111,0.241116752,-2,-2,-2,0.582666666,-2,0.723394496,0.526225491,0.439901478,0.760900474,0.460891089,0.435990338,0.767676768,0.52337963,0.396948357,0.466203704,0.500909091,0.455479452,0.514953271,0.605733945,0.401111111,0.458937198,0.481951219,0.738888889,0.465952381,0.6365,0.552644231,0.690909091,0.648780488,0.47979798,0.643076923,-2,0.573423424,-2,-2,-2,0.682524272,-2,0.304187192,0.143604651,-2,0.299315068,0.23989899,0.300510204,0.381775701,-2,0.393902439,-2,0.57452381,0.762556054,0.530133928,0.619953052,0.722171945,-2,0.472869956,0.428761062,0.727752294,0.73646789,0.77027027,0.554950495,0.608525345,0.338063063,0.613054187,0.72562814,0.608,-2,-2,-2,-2,0.594292237,-2,-2,-2,-2,-2,-2,0.795945946,0.378318584,-2,-2,0.274444445,0.609513274,-2,0.617056075,-2,0.56547619,0.606683168,0.388926174,0.502403846,0.40896861,0.676797386,0.417582418,-2,0.430269058,0.502669903,-2,0.472888889,0.589351852,-2,0.185777778,-2,0.214380531,-2,-2,-2,-2,0.441071428,-2,-2,-2,-2,-2,-2HTI,0.48681592,0.519900498,-2,0.358888889,-2,0.775739645,0.688265306,0.67383721,0.67751938,-2,-2,-2,-2,-2,-2,0.744723618,-2,0.780890053,0.746428572,0.767549669,0.753048781,0.748675497,0.750552487,0.758031088,0.789303482,0.66875,-2,0.764779875,0.740677966,0.657323232,0.728143713,0.726470588,0.711282052,0.72562814,0.779619565,0.443969849,0.660659898,0.5035,0.51080402,0.523262032,0.402295919,-2,-2,-2,0.657692307,-2,0.258579882,-2,0.40375,0.52725,0.39425,-2,-2,0.55575,-2,0.578260869,0.294366197,-2,-2,-2,0.53880597,-2,-2,0.676515151,0.641623037,0.3895,-2,0.47025,0.387562189,-2,-2,-2,0.386683417,0.3895,-2,-2,-2,0.427020202,0.48925,0.482089553,0.475,0.540517241,-2,-2,-2,0.585616438,-2,0.529427084,0.62295082,0.733152174,0.527777778,0.70467033,0.67566845,0.485555555,0.670876289,0.702604166,0.613846154,0.580555555,0.707653061,0.628385416,0.555384616,0.670245398,0.619565217,0.672702703,0.4928125,0.693650794,0.517696629,0.549459459,0.514175257,0.552445652,0.723295454,0.548888889,-2,0.634924624,-2,-2,-2,0.524861879,-2,0.449462366,0.324683544,-2,0.674427481,0.539772727,0.61402439,0.747135416,-2,0.710280373,-2,0.565957447,0.522979798,0.5605,0.550797872,0.503787879,-2,0.6935,0.71840796,0.531606217,0.519072165,0.482307693,0.580555555,0.584615384,0.694416244,0.572099448,0.49137931,0.514117647,-2,-2,-2,-2,0.540769231,-2,-2,-2,-2,-2,-2,0.398232323,0.680597015,-2,-2,0.609701493,0.5605,-2,0.550797872,-2,0.595675676,0.55726257,0.654444445,0.592525773,0.71969697,0.586170213,0.711077844,-2,0.687437186,0.547282609,-2,0.737313433,0.6234375,-2,0.4655,-2,0.505721393,-2,-2,-2,-2,0.554166666,-2,-2,-2,-2,-2,-2DOM,0.506367925,0.52629108,-2,0.384042553,0.775739645,-2,0.643990384,0.606944445,0.642068966,-2,-2,-2,-2,-2,-2,0.756398104,-2,0.798195877,0.778191489,0.788679245,0.808630952,0.81687898,0.802673797,0.815706806,0.76,0.610714286,-2,0.7659375,0.75703125,0.675961539,0.740677966,0.793351064,0.725369458,0.75547619,0.798404255,0.46352657,0.636363636,0.524292452,0.504265403,0.52725,0.386363637,-2,-2,-2,0.663118812,-2,0.260055866,-2,0.407783019,0.524292452,0.403301887,-2,-2,0.533254717,-2,0.702173913,0.329861111,-2,-2,-2,0.535781991,-2,-2,0.642380952,0.639698492,0.407783019,-2,0.461556604,0.396948357,-2,-2,-2,0.391706161,0.394339623,-2,-2,-2,0.465952381,0.524292452,0.508450705,0.510849057,0.557936508,-2,-2,-2,0.57721519,-2,0.516504854,0.571938775,0.680670103,0.498058253,0.669086021,0.723350254,0.4873057,0.625609756,0.720531401,0.573671497,0.561778846,0.676585366,0.610386473,0.560731707,0.673636364,0.597969543,0.626701571,0.446036585,0.696039604,0.497860962,0.5225,0.495652174,0.506345178,0.72929293,0.532198953,-2,0.580805688,-2,-2,-2,0.539322916,-2,0.519072165,0.37652439,-2,0.665693431,0.5,0.653763441,0.71840796,-2,0.71446281,-2,0.575757576,0.488571428,0.542216981,0.547704081,0.497836539,-2,0.663636363,0.68685446,0.526225491,0.518181818,0.486255924,0.601329787,0.579268293,0.679227053,0.59742268,0.497619048,0.542090396,-2,-2,-2,-2,0.585679611,-2,-2,-2,-2,-2,-2,0.427725119,0.676650943,-2,-2,0.591509434,0.542216981,-2,0.563480392,-2,0.536528497,0.575906736,0.643959732,0.58425,0.7125,0.571283783,0.668313953,-2,0.655952381,0.541450778,-2,0.730424529,0.613054187,-2,0.510849057,-2,0.54859155,-2,-2,-2,-2,0.6175,-2,-2,-2,-2,-2,-2JAM,0.390040651,0.48076923,-2,0.373059361,0.688265306,0.643990384,-2,0.803140097,0.764634147,-2,-2,-2,-2,-2,-2,0.705714286,-2,0.688646289,0.626036866,0.59375,0.618489584,0.673142858,0.667209302,0.691294642,0.700819672,0.782642487,-2,0.708730159,0.69638009,0.632024793,0.675961539,0.670588235,0.693459916,0.611270492,0.677954546,0.39813278,0.609876544,0.478861789,0.441493776,0.437826087,0.341528925,-2,-2,-2,0.549156118,-2,0.251201923,-2,0.413211383,0.517479675,0.401626017,-2,-2,0.453673469,-2,0.59375,0.343373494,-2,-2,-2,0.538979592,-2,-2,0.603483607,0.686343612,0.401626017,-2,0.459552845,0.4,-2,-2,-2,0.399387755,0.401626017,-2,-2,-2,0.444105691,0.498170732,0.46923077,0.475,0.524885845,-2,-2,-2,0.597752809,-2,0.516736401,0.646,0.657366072,0.505319149,0.690909091,0.69778761,0.487837838,0.630672269,0.708474576,0.676271187,0.645208334,0.672916666,0.660169491,0.599788135,0.611780105,0.609825327,0.647727273,0.480053192,0.705364807,0.540366972,0.611304348,0.532157676,0.547098214,0.653669724,0.549768519,-2,0.647727273,-2,-2,-2,0.54162896,-2,0.425565611,0.252040816,-2,0.692580645,0.516504854,0.603738318,0.687931034,-2,0.710839161,-2,0.612770563,0.512139918,0.632040816,0.578260869,0.514583334,-2,0.681352459,0.646153846,0.528661088,0.528661088,0.484854772,0.604545454,0.570798319,0.625416666,0.575112108,0.503456221,0.589810427,-2,-2,-2,-2,0.59623431,-2,-2,-2,-2,-2,-2,0.411020408,0.629471545,-2,-2,0.590853659,0.602439024,-2,0.588675214,-2,0.622123894,0.581981982,0.688323353,0.611304348,0.7125,0.567751479,0.7125,-2,0.680246914,0.643141593,-2,0.706707317,0.641350211,-2,0.401626017,-2,0.453846154,-2,-2,-2,-2,0.601666666,-2,-2,-2,-2,-2,-2TTO,0.408411215,0.506074766,-2,0.364594595,0.67383721,0.606944445,0.803140097,-2,0.722260274,-2,-2,-2,-2,-2,-2,0.68685446,-2,0.672307693,0.643386243,0.6,0.646932515,0.646,0.707446808,0.663020834,0.676650943,0.80030303,-2,0.726470588,0.686387435,0.613636363,0.709946237,0.65157068,0.690487805,0.622877358,0.701069518,0.427272728,0.60495283,0.512910798,0.457075471,0.455612245,0.372727273,-2,-2,-2,0.568137255,-2,0.277528089,-2,0.419248826,0.54859155,0.405868545,-2,-2,0.479481132,-2,0.58,0.374647887,-2,-2,-2,0.555660377,-2,-2,0.657345972,0.680597015,0.410328639,-2,0.481690141,0.408411215,-2,-2,-2,0.403301887,0.405868545,-2,-2,-2,0.450469484,0.490610329,0.479439252,0.486150235,0.557608696,-2,-2,-2,0.668131868,-2,0.534375,0.630051813,0.66,0.515174129,0.696335078,0.669430051,0.514583334,0.641019418,0.703186274,0.656617647,0.680528846,0.695454545,0.633333334,0.633333334,0.613291139,0.63494898,0.65,0.527777778,0.66407767,0.57,0.5985,0.530339806,0.56525,0.676439791,0.586170213,-2,0.595454545,-2,-2,-2,0.576963351,-2,0.457772021,0.302272727,-2,0.683712122,0.603529412,0.660869565,0.697290641,-2,0.665,-2,0.615829146,0.54478673,0.637793427,0.602791878,0.548076923,-2,0.655952381,0.639252336,0.525728155,0.544174757,0.49090909,0.598697916,0.569082125,0.647101449,0.590673575,0.536956521,0.629775281,-2,-2,-2,-2,0.56262136,-2,-2,-2,-2,-2,-2,0.40909091,0.597652582,-2,-2,0.570892019,0.575352113,-2,0.573762376,-2,0.55051282,0.559390863,0.671656051,0.554950495,0.67985782,0.528476821,0.666032609,-2,0.668181818,0.604102564,-2,0.692523365,0.658048781,-2,0.410328639,-2,0.448364486,-2,-2,-2,-2,0.518181818,-2,-2,-2,-2,-2,-2BRB,0.367559524,0.399112426,-2,0.351369863,0.67751938,0.642068966,0.764634147,0.722260274,-2,-2,-2,-2,-2,-2,-2,0.701190476,-2,0.666233766,0.641721855,0.641452991,0.648062016,0.672916666,0.670205479,0.64375,0.68422619,0.672402598,-2,0.669318182,0.656790124,0.559509202,0.609160305,0.633333334,0.607763975,0.574550898,0.652721089,0.355521473,0.56547619,0.424107142,0.413803681,0.420886076,0.309036145,-2,-2,-2,0.495398773,-2,0.273202614,-2,0.367559524,0.458035714,0.350595238,-2,-2,0.404733728,-2,0.572794117,0.243023255,-2,-2,-2,0.529041917,-2,-2,0.571130952,0.594516129,0.367559524,-2,0.41035503,0.354142012,-2,-2,-2,0.35625,0.35625,-2,-2,-2,0.409580839,0.449704142,0.404733728,0.424107142,0.417730496,-2,-2,-2,0.563372093,-2,0.515060241,0.578807947,0.64375,0.501552795,0.644405594,0.635430463,0.46875,0.596646341,0.690372671,0.670245398,0.602439024,0.683536585,0.643167702,0.5521875,0.643076923,0.571202532,0.665,0.452016129,0.673417721,0.543674699,0.585534591,0.536196319,0.507861635,0.665646258,0.541946309,-2,0.608682635,-2,-2,-2,0.542857142,-2,0.4125,0.231889764,-2,0.528773585,0.412048193,0.565957447,0.697468354,-2,0.681854838,-2,0.615408805,0.497891567,0.584615384,0.55,0.497891567,-2,0.608682635,0.60147929,0.503963415,0.526506024,0.475,0.566225166,0.546969697,0.633333334,0.575,0.5125,0.564492754,-2,-2,-2,-2,0.61196319,-2,-2,-2,-2,-2,-2,0.375449102,0.610714286,-2,-2,0.542857142,0.59375,-2,0.590062111,-2,0.621153846,0.567449664,0.600471698,0.590705128,0.718154762,0.549586777,0.642253521,-2,0.667261904,0.663782052,-2,0.702662722,0.63726708,-2,0.367559524,-2,0.421597633,-2,-2,-2,-2,0.431818182,-2,-2,-2,-2,-2,-2DMA,-2,-2,-2,-2,-2,-2,-2,-2,-2,-2,-2,-2,-2,-2,-2,-2,-2,-2,-2,-2,-2,-2,-2,-2,-2,-2,-2,-2,-2,-2,-2,-2,-2,-2,-2,-2,-2,-2,-2,-2,-2,-2,-2,-2,-2,-2,-2,-2,-2,-2,-2,-2,-2,-2,-2,-2,-2,-2,-2,-2,-2,-2,-2,-2,-2,-2,-2,-2,-2,-2,-2,-2,-2,-2,-2,-2,-2,-2,-2,-2,-2,-2,-2,-2,-2,-2,-2,-2,-2,-2,-2,-2,-2,-2,-2,-2,-2,-2,-2,-2,-2,-2,-2,-2,-2,-2,-2,-2,-2,-2,-2,-2,-2,-2,-2,-2,-2,-2,-2,-2,-2,-2,-2,-2,-2,-2,-2,-2,-2,-2,-2,-2,-2,-2,-2,-2,-2,-2,-2,-2,-2,-2,-2,-2,-2,-2,-2,-2,-2,-2,-2,-2,-2,-2,-2,-2,-2,-2,-2,-2,-2,-2,-2,-2,-2,-2,-2,-2,-2,-2,-2,-2,-2,-2,-2,-2,-2,-2,-2,-2,-2,-2,-2,-2,-2,-2,-2,-2,-2,-2,-2,-2,-2,-2GRD,-2,-2,-2,-2,-2,-2,-2,-2,-2,-2,-2,-2,-2,-2,-2,-2,-2,-2,-2,-2,-2,-2,-2,-2,-2,-2,-2,-2,-2,-2,-2,-2,-2,-2,-2,-2,-2,-2,-2,-2,-2,-2,-2,-2,-2,-2,-2,-2,-2,-2,-2,-2,-2,-2,-2,-2,-2,-2,-2,-2,-2,-2,-2,-2,-2,-2,-2,-2,-2,-2,-2,-2,-2,-2,-2,-2,-2,-2,-2,-2,-2,-2,-2,-2,-2,-2,-2,-2,-2,-2,-2,-2,-2,-2,-2,-2,-2,-2,-2,-2,-2,-2,-2,-2,-2,-2,-2,-2,-2,-2,-2,-2,-2,-2,-2,-2,-2,-2,-2,-2,-2,-2,-2,-2,-2,-2,-2,-2,-2,-2,-2,-2,-2,-2,-2,-2,-2,-2,-2,-2,-2,-2,-2,-2,-2,-2,-2,-2,-2,-2,-2,-2,-2,-2,-2,-2,-2,-2,-2,-2,-2,-2,-2,-2,-2,-2,-2,-2,-2,-2,-2,-2,-2,-2,-2,-2,-2,-2,-2,-2,-2,-2,-2,-2,-2,-2,-2,-2,-2,-2,-2,-2,-2,-2LCA,-2,-2,-2,-2,-2,-2,-2,-2,-2,-2,-2,-2,-2,-2,-2,-2,-2,-2,-2,-2,-2,-2,-2,-2,-2,-2,-2,-2,-2,-2,-2,-2,-2,-2,-2,-2,-2,-2,-2,-2,-2,-2,-2,-2,-2,-2,-2,-2,-2,-2,-2,-2,-2,-2,-2,-2,-2,-2,-2,-2,-2,-2,-2,-2,-2,-2,-2,-2,-2,-2,-2,-2,-2,-2,-2,-2,-2,-2,-2,-2,-2,-2,-2,-2,-2,-2,-2,-2,-2,-2,-2,-2,-2,-2,-2,-2,-2,-2,-2,-2,-2,-2,-2,-2,-2,-2,-2,-2,-2,-2,-2,-2,-2,-2,-2,-2,-2,-2,-2,-2,-2,-2,-2,-2,-2,-2,-2,-2,-2,-2,-2,-2,-2,-2,-2,-2,-2,-2,-2,-2,-2,-2,-2,-2,-2,-2,-2,-2,-2,-2,-2,-2,-2,-2,-2,-2,-2,-2,-2,-2,-2,-2,-2,-2,-2,-2,-2,-2,-2,-2,-2,-2,-2,-2,-2,-2,-2,-2,-2,-2,-2,-2,-2,-2,-2,-2,-2,-2,-2,-2,-2,-2,-2,-2VCT,-2,-2,-2,-2,-2,-2,-2,-2,-2,-2,-2,-2,-2,-2,-2,-2,-2,-2,-2,-2,-2,-2,-2,-2,-2,-2,-2,-2,-2,-2,-2,-2,-2,-2,-2,-2,-2,-2,-2,-2,-2,-2,-2,-2,-2,-2,-2,-2,-2,-2,-2,-2,-2,-2,-2,-2,-2,-2,-2,-2,-2,-2,-2,-2,-2,-2,-2,-2,-2,-2,-2,-2,-2,-2,-2,-2,-2,-2,-2,-2,-2,-2,-2,-2,-2,-2,-2,-2,-2,-2,-2,-2,-2,-2,-2,-2,-2,-2,-2,-2,-2,-2,-2,-2,-2,-2,-2,-2,-2,-2,-2,-2,-2,-2,-2,-2,-2,-2,-2,-2,-2,-2,-2,-2,-2,-2,-2,-2,-2,-2,-2,-2,-2,-2,-2,-2,-2,-2,-2,-2,-2,-2,-2,-2,-2,-2,-2,-2,-2,-2,-2,-2,-2,-2,-2,-2,-2,-2,-2,-2,-2,-2,-2,-2,-2,-2,-2,-2,-2,-2,-2,-2,-2,-2,-2,-2,-2,-2,-2,-2,-2,-2,-2,-2,-2,-2,-2,-2,-2,-2,-2,-2,-2,-2ATG,-2,-2,-2,-2,-2,-2,-2,-2,-2,-2,-2,-2,-2,-2,-2,-2,-2,-2,-2,-2,-2,-2,-2,-2,-2,-2,-2,-2,-2,-2,-2,-2,-2,-2,-2,-2,-2,-2,-2,-2,-2,-2,-2,-2,-2,-2,-2,-2,-2,-2,-2,-2,-2,-2,-2,-2,-2,-2,-2,-2,-2,-2,-2,-2,-2,-2,-2,-2,-2,-2,-2,-2,-2,-2,-2,-2,-2,-2,-2,-2,-2,-2,-2,-2,-2,-2,-2,-2,-2,-2,-2,-2,-2,-2,-2,-2,-2,-2,-2,-2,-2,-2,-2,-2,-2,-2,-2,-2,-2,-2,-2,-2,-2,-2,-2,-2,-2,-2,-2,-2,-2,-2,-2,-2,-2,-2,-2,-2,-2,-2,-2,-2,-2,-2,-2,-2,-2,-2,-2,-2,-2,-2,-2,-2,-2,-2,-2,-2,-2,-2,-2,-2,-2,-2,-2,-2,-2,-2,-2,-2,-2,-2,-2,-2,-2,-2,-2,-2,-2,-2,-2,-2,-2,-2,-2,-2,-2,-2,-2,-2,-2,-2,-2,-2,-2,-2,-2,-2,-2,-2,-2,-2,-2,-2KNA,-2,-2,-2,-2,-2,-2,-2,-2,-2,-2,-2,-2,-2,-2,-2,-2,-2,-2,-2,-2,-2,-2,-2,-2,-2,-2,-2,-2,-2,-2,-2,-2,-2,-2,-2,-2,-2,-2,-2,-2,-2,-2,-2,-2,-2,-2,-2,-2,-2,-2,-2,-2,-2,-2,-2,-2,-2,-2,-2,-2,-2,-2,-2,-2,-2,-2,-2,-2,-2,-2,-2,-2,-2,-2,-2,-2,-2,-2,-2,-2,-2,-2,-2,-2,-2,-2,-2,-2,-2,-2,-2,-2,-2,-2,-2,-2,-2,-2,-2,-2,-2,-2,-2,-2,-2,-2,-2,-2,-2,-2,-2,-2,-2,-2,-2,-2,-2,-2,-2,-2,-2,-2,-2,-2,-2,-2,-2,-2,-2,-2,-2,-2,-2,-2,-2,-2,-2,-2,-2,-2,-2,-2,-2,-2,-2,-2,-2,-2,-2,-2,-2,-2,-2,-2,-2,-2,-2,-2,-2,-2,-2,-2,-2,-2,-2,-2,-2,-2,-2,-2,-2,-2,-2,-2,-2,-2,-2,-2,-2,-2,-2,-2,-2,-2,-2,-2,-2,-2,-2,-2,-2,-2,-2,-2MEX,0.458102767,0.493700787,-2,0.381696428,0.744723618,0.756398104,0.705714286,0.68685446,0.701190476,-2,-2,-2,-2,-2,-2,-2,-2,0.782832618,0.76347032,0.700819672,0.745384616,0.778248588,0.766129032,0.808951965,0.783466135,0.628535354,-2,0.748186529,0.739823009,0.70483871,0.741904762,0.738888889,0.746707819,0.734262949,0.758333333,0.425201613,0.6384,0.514426877,0.513306452,0.50720339,0.450200803,-2,-2,-2,0.664609053,-2,0.24744186,-2,0.409288538,0.518181818,0.398023715,-2,-2,0.50515873,-2,0.648557693,0.290588235,-2,-2,-2,0.520238096,-2,-2,0.632071713,0.64957265,0.405533597,-2,0.450592885,0.396456693,-2,-2,-2,0.392063492,0.394268775,-2,-2,-2,0.442828685,0.503162056,0.475,0.484387352,0.543468468,-2,-2,-2,0.547282609,-2,0.523469388,0.611304348,0.654444445,0.494791666,0.685874439,0.695021645,0.462389381,0.626844263,0.67406639,0.620247934,0.557692307,0.691260162,0.604545454,0.562962963,0.647948718,0.615665237,0.641777778,0.48984375,0.633333334,0.528251121,0.571610169,0.502032521,0.501965065,0.707174888,0.524434389,-2,0.632056452,-2,-2,-2,0.529166667,-2,0.468722467,0.349751244,-2,0.647452229,0.505504587,0.676126126,0.719456067,-2,0.724125874,-2,0.550840336,0.4902,0.527777778,0.543432203,0.486585366,-2,0.656224899,0.691929134,0.508230453,0.521341464,0.48266129,0.589508928,0.576229508,0.680769231,0.583333334,0.494343891,0.534651163,-2,-2,-2,-2,0.563821138,-2,-2,-2,-2,-2,-2,0.415863454,0.672134387,-2,-2,0.589525692,0.551976285,-2,0.566041666,-2,0.573275862,0.558333333,0.625882353,0.587711865,0.722908366,0.563372093,0.714805825,-2,0.652409639,0.575757576,-2,0.705928854,0.580122951,-2,0.431818182,-2,0.493700787,-2,-2,-2,-2,0.633333334,-2,-2,-2,-2,-2,-2BLZ,-2,-2,-2,-2,-2,-2,-2,-2,-2,-2,-2,-2,-2,-2,-2,-2,-2,-2,-2,-2,-2,-2,-2,-2,-2,-2,-2,-2,-2,-2,-2,-2,-2,-2,-2,-2,-2,-2,-2,-2,-2,-2,-2,-2,-2,-2,-2,-2,-2,-2,-2,-2,-2,-2,-2,-2,-2,-2,-2,-2,-2,-2,-2,-2,-2,-2,-2,-2,-2,-2,-2,-2,-2,-2,-2,-2,-2,-2,-2,-2,-2,-2,-2,-2,-2,-2,-2,-2,-2,-2,-2,-2,-2,-2,-2,-2,-2,-2,-2,-2,-2,-2,-2,-2,-2,-2,-2,-2,-2,-2,-2,-2,-2,-2,-2,-2,-2,-2,-2,-2,-2,-2,-2,-2,-2,-2,-2,-2,-2,-2,-2,-2,-2,-2,-2,-2,-2,-2,-2,-2,-2,-2,-2,-2,-2,-2,-2,-2,-2,-2,-2,-2,-2,-2,-2,-2,-2,-2,-2,-2,-2,-2,-2,-2,-2,-2,-2,-2,-2,-2,-2,-2,-2,-2,-2,-2,-2,-2,-2,-2,-2,-2,-2,-2,-2,-2,-2,-2,-2,-2,-2,-2,-2,-2GTM,0.475,0.533617022,-2,0.398095238,0.780890053,0.798195877,0.688646289,0.672307693,0.666233766,-2,-2,-2,-2,-2,-2,0.782832618,-2,-2,0.76904762,0.738888889,0.775916231,0.811111112,0.796919431,0.828538813,0.770600858,0.612568306,-2,0.770555555,0.741904762,0.682683983,0.705154639,0.762614679,0.733705358,0.759188034,0.799767442,0.423144105,0.629220779,0.509361702,0.506113537,0.502941177,0.394805195,-2,-2,-2,0.725223214,-2,0.2565,-2,0.448723405,0.51965812,0.436595745,-2,-2,0.521888412,-2,0.649009901,0.343373494,-2,-2,-2,0.558583691,-2,-2,0.630603448,0.662385321,0.444680851,-2,0.495299145,0.436595745,-2,-2,-2,0.434401709,0.436595745,-2,-2,-2,0.442241379,0.503418804,0.48106383,0.495299145,0.522727272,-2,-2,-2,0.581176471,-2,0.552422907,0.628935185,0.672169812,0.533031674,0.679227053,0.71359447,0.49275701,0.631938326,0.691294642,0.615198238,0.55930736,0.721834062,0.617713004,0.580088496,0.641623037,0.57883721,0.642380952,0.500815217,0.660681818,0.527777778,0.56826484,0.528695652,0.523831776,0.75,0.549289099,-2,0.612770563,-2,-2,-2,0.551179245,-2,0.453211009,0.364594595,-2,0.66875,0.554950495,0.654245283,0.741255605,-2,0.679615384,-2,0.595909091,0.521888412,0.576495727,0.588302752,0.524565217,-2,0.660515022,0.727659575,0.533849558,0.547598253,0.510262009,0.621153846,0.606828194,0.670833333,0.601666666,0.534375,0.539447236,-2,-2,-2,-2,0.590652174,-2,-2,-2,-2,-2,-2,0.452575108,0.657692307,-2,-2,0.6008547,0.539957265,-2,0.587892377,-2,0.577102804,0.560952381,0.637419355,0.563122172,0.705364807,0.604545454,0.70388601,-2,0.644347827,0.585981309,-2,0.714529914,0.608,-2,0.454700855,-2,0.509361702,-2,-2,-2,-2,0.524137931,-2,-2,-2,-2,-2,-2HND,0.5225,0.550226244,-2,0.375128205,0.746428572,0.778191489,0.626036866,0.643386243,0.641721855,-2,-2,-2,-2,-2,-2,0.76347032,-2,0.76904762,-2,0.788888889,0.819505495,0.786011904,0.789303482,0.801707317,0.753899083,0.618343195,-2,0.717897727,0.723350254,0.707077625,0.731967213,0.779,0.67535545,0.754794521,0.800246305,0.492592593,0.679816514,0.54162896,0.565581395,0.553398058,0.488073395,-2,-2,-2,0.685613207,-2,0.308108108,-2,0.388636364,0.557045454,0.375681818,-2,-2,0.5760181,-2,0.66,0.277083334,-2,-2,-2,0.511872146,-2,-2,0.640596331,0.613349515,0.375681818,-2,0.421266968,0.378280543,-2,-2,-2,0.373059361,0.375681818,-2,-2,-2,0.505227273,0.57,0.545927601,0.552727273,0.577835052,-2,-2,-2,0.547647059,-2,0.490610329,0.581343284,0.696984925,0.493269231,0.670876289,0.69477612,0.46075,0.621495327,0.666350711,0.607819906,0.591013825,0.698139535,0.610714286,0.555660377,0.646,0.590291262,0.630150754,0.483236994,0.653125,0.482233502,0.537560976,0.466203704,0.488970588,0.707653061,0.508585858,-2,0.591013825,-2,-2,-2,0.519900498,-2,0.527777778,0.421597633,-2,0.719097222,0.544270834,0.73,0.691747573,-2,0.662790698,-2,0.565365853,0.483715596,0.526818182,0.553398058,0.490465117,-2,0.614449541,0.674886878,0.475,0.51255814,0.450921659,0.572864321,0.56014151,0.658372093,0.570959596,0.49875,0.497860962,-2,-2,-2,-2,0.558564815,-2,-2,-2,-2,-2,-2,0.386073059,0.7125,-2,-2,0.6175,0.513863636,-2,0.545454545,-2,0.571890548,0.533163266,0.588387097,0.55379147,0.727752294,0.56875,0.700819672,-2,0.647926268,0.548258707,-2,0.729772727,0.591509434,-2,0.526818182,-2,0.558823529,-2,-2,-2,-2,0.532,-2,-2,-2,-2,-2,-2SLV,0.53918919,0.595675676,-2,0.292767296,0.767549669,0.788679245,0.59375,0.6,0.641452991,-2,-2,-2,-2,-2,-2,0.700819672,-2,0.738888889,0.788888889,-2,0.834459459,0.779136691,0.809467456,0.766477273,0.70467033,0.516911765,-2,0.700709219,0.692941177,0.668131868,0.728143713,0.764367816,0.620738636,0.707336956,0.812650603,0.482786885,0.662912088,0.542119565,0.567877095,0.564571428,0.454120879,-2,-2,-2,0.627966102,-2,0.310457517,-2,0.34918919,0.557608696,0.344054054,-2,-2,0.557608696,-2,0.612222222,0.155737705,-2,-2,-2,0.482786885,-2,-2,0.611081081,0.586285714,0.34918919,-2,0.400540541,0.338918919,-2,-2,-2,0.335597827,0.338918919,-2,-2,-2,0.495652174,0.547282609,0.53918919,0.547282609,0.597941177,-2,-2,-2,0.555384616,-2,0.446132597,0.529597701,0.689428572,0.448011364,0.607100591,0.701453488,0.422865853,0.594413408,0.677071823,0.559444445,0.538333334,0.677071823,0.579661017,0.483050847,0.652333334,0.550887574,0.631437126,0.429452055,0.613428572,0.47204969,0.477810651,0.419889503,0.434939759,0.702890173,0.483532934,-2,0.558516484,-2,-2,-2,0.489393939,-2,0.571130952,0.411666666,-2,0.69028777,0.559589041,0.73625,0.762209302,-2,0.61880734,-2,0.509887006,0.446448087,0.511141304,0.517159763,0.461731844,-2,0.628142077,0.662432432,0.458988764,0.488121547,0.43038674,0.583734939,0.539044944,0.70983146,0.54939759,0.46954023,0.4571875,-2,-2,-2,-2,0.490489131,-2,-2,-2,-2,-2,-2,0.351086956,0.691847827,-2,-2,0.59375,0.495652174,-2,0.548076923,-2,0.520783132,0.475,0.638167939,0.540517241,0.685245901,0.513934427,0.627,-2,0.64558011,0.499710983,-2,0.681521739,0.586285714,-2,0.552445652,-2,0.575135135,-2,-2,-2,-2,0.407142858,-2,-2,-2,-2,-2,-2NIC,0.581632653,0.636548223,-2,0.320053476,0.753048781,0.808630952,0.618489584,0.646932515,0.648062016,-2,-2,-2,-2,-2,-2,0.745384616,-2,0.775916231,0.819505495,0.834459459,-2,0.838961039,0.829945055,0.802673797,0.741581633,0.555194805,-2,0.751307189,0.740055249,0.717346939,0.798726114,0.823333334,0.675,0.717346939,0.843315508,0.536528497,0.714948454,0.626903553,0.607216495,0.616489362,0.46761658,-2,-2,-2,0.638359788,-2,0.322321428,-2,0.339285714,0.593147208,0.344132653,-2,-2,0.633333334,-2,0.7125,0.225,-2,-2,-2,0.457948718,-2,-2,0.695360825,0.596994536,0.339285714,-2,0.39744898,0.337563452,-2,-2,-2,0.336153846,0.339285714,-2,-2,-2,0.492051282,0.581632653,0.583502538,0.573857868,0.635142858,-2,-2,-2,0.542857142,-2,0.44,0.552824859,0.676271187,0.426216217,0.611864407,0.676271187,0.398563219,0.59,0.722395834,0.547883598,0.543556701,0.646596858,0.563903744,0.499484536,0.633333334,0.532417582,0.591714286,0.422222222,0.62295082,0.431818182,0.46737968,0.398704663,0.43038674,0.715229885,0.480277778,-2,0.534375,-2,-2,-2,0.461878453,-2,0.567934783,0.459060403,-2,0.652671756,0.578260869,0.736516854,0.753804348,-2,0.644642858,-2,0.531793479,0.423316062,0.518622449,0.514583334,0.435824743,-2,0.626804123,0.684771574,0.423316062,0.47,0.3859375,0.519186047,0.512698413,0.741099476,0.533055555,0.43132184,0.445142858,-2,-2,-2,-2,0.499739584,-2,-2,-2,-2,-2,-2,0.345897436,0.722193878,-2,-2,0.673724489,0.467766498,-2,0.49032258,-2,0.493575419,0.46408046,0.588095238,0.505645162,0.7125,0.495955883,0.644848485,-2,0.633333334,0.480337079,-2,0.702806122,0.548663102,-2,0.583502538,-2,0.617258883,-2,-2,-2,-2,0.456,-2,-2,-2,-2,-2,-2CRI,0.576404494,0.610335196,-2,0.328181818,0.748675497,0.81687898,0.673142858,0.646,0.672916666,-2,-2,-2,-2,-2,-2,0.778248588,-2,0.811111112,0.786011904,0.779136691,0.838961039,-2,0.798224852,0.84566474,0.76424581,0.567266187,-2,0.7125,0.736969697,0.731609196,0.751013514,0.811818182,0.691907514,0.752528089,0.832647059,0.510285714,0.703107344,0.597752809,0.587078652,0.610714286,0.46408046,-2,-2,-2,0.657267442,-2,0.274161074,-2,0.320224719,0.57849162,0.320224719,-2,-2,0.613764045,-2,0.7375,0.297761194,-2,-2,-2,0.424581005,-2,-2,0.688483146,0.576589595,0.320224719,-2,0.368258427,0.318435754,-2,-2,-2,0.311299435,0.31488764,-2,-2,-2,0.49378531,0.546648044,0.562569832,0.544382023,0.604012346,-2,-2,-2,0.489393939,-2,0.425862069,0.541212122,0.637125749,0.414244186,0.596794872,0.671257485,0.382317073,0.555965909,0.669318182,0.545170454,0.480397727,0.622413793,0.519186047,0.480523255,0.617832168,0.555120482,0.566566265,0.390066225,0.589457832,0.3978125,0.420958083,0.400867052,0.407941177,0.688323353,0.442944786,-2,0.517696629,-2,-2,-2,0.4215625,-2,0.54127907,0.382945736,-2,0.655952381,0.508139535,0.653125,0.678571428,-2,0.665,-2,0.494674556,0.377840909,0.475,0.469135802,0.386440678,-2,0.633333334,0.721787709,0.422222222,0.423428572,0.382183908,0.521341464,0.505202313,0.737068966,0.53292683,0.402147239,0.444155845,-2,-2,-2,-2,0.512784091,-2,-2,-2,-2,-2,-2,0.338135593,0.725842697,-2,-2,0.645786517,0.440502793,-2,0.466857142,-2,0.475,0.4928125,0.664227642,0.497352941,0.689944134,0.463414634,0.674827587,-2,0.644067797,0.503614458,-2,0.672471911,0.50591716,-2,0.565730337,-2,0.615642458,-2,-2,-2,-2,0.45,-2,-2,-2,-2,-2,-2PAN,0.536009174,0.598630137,-2,0.370256411,0.750552487,0.802673797,0.667209302,0.707446808,0.670205479,-2,-2,-2,-2,-2,-2,0.766129032,-2,0.796919431,0.789303482,0.809467456,0.829945055,0.798224852,-2,0.791666666,0.710321101,0.600574713,-2,0.733333334,0.759045226,0.680465117,0.779213483,0.796464646,0.706872038,0.726728111,0.821105528,0.479439252,0.677314815,0.562155963,0.558564815,0.573762376,0.439485981,-2,-2,-2,0.68436019,-2,0.301344086,-2,0.403424657,0.566513761,0.399086758,-2,-2,0.560368663,-2,0.7,0.3375,-2,-2,-2,0.534101383,-2,-2,0.668518519,0.645454545,0.399086758,-2,0.453211009,0.390410959,-2,-2,-2,0.387844037,0.390410959,-2,-2,-2,0.496788991,0.566513761,0.559589041,0.557798165,0.600518134,-2,-2,-2,0.596511628,-2,0.528271028,0.63175,0.730769231,0.518181818,0.677179487,0.72449495,0.472564102,0.633333334,0.750233645,0.602112676,0.594859813,0.736915888,0.625721154,0.583571428,0.687569061,0.600735294,0.676515151,0.518181818,0.687135922,0.523469388,0.56262136,0.483962264,0.510447761,0.780357142,0.55575,-2,0.590420561,-2,-2,-2,0.540101523,-2,0.563480392,0.404733728,-2,0.710927152,0.55255102,0.728640776,0.748067633,-2,0.674427481,-2,0.608737864,0.508139535,0.579587156,0.583168317,0.506074766,-2,0.659722222,0.707077625,0.50399061,0.528773585,0.468309859,0.62079208,0.591509434,0.7125,0.619154229,0.523969072,0.541397849,-2,-2,-2,-2,0.585981309,-2,-2,-2,-2,-2,-2,0.409633028,0.679816514,-2,-2,0.636238532,0.54472477,-2,0.584615384,-2,0.561363636,0.543556701,0.652721089,0.552644231,0.7125,0.567610063,0.664480874,-2,0.669815668,0.56525,-2,0.740825688,0.645454545,-2,0.54472477,-2,0.594292237,-2,-2,-2,-2,0.475,-2,-2,-2,-2,-2,-2COL,0.481168831,0.542857142,-2,0.376328503,0.758031088,0.815706806,0.691294642,0.663020834,0.64375,-2,-2,-2,-2,-2,-2,0.808951965,-2,0.828538813,0.801707317,0.766477273,0.802673797,0.84566474,0.791666666,-2,0.814285714,0.635082873,-2,0.764130435,0.78937198,0.71460177,0.78,0.811737089,0.736036036,0.780652174,0.848372093,0.435242291,0.665418503,0.532826087,0.523555555,0.532710281,0.411946903,-2,-2,-2,0.694394619,-2,0.252040816,-2,0.408913044,0.545217391,0.404782609,-2,-2,0.539301311,-2,0.677227723,0.316666666,-2,-2,-2,0.531004367,-2,-2,0.654166666,0.661448598,0.408913044,-2,0.450217391,0.403030303,-2,-2,-2,0.398253275,0.400652174,-2,-2,-2,0.458333333,0.520434783,0.514069264,0.516304348,0.573762376,-2,-2,-2,0.561363636,-2,0.547747748,0.604545454,0.677272727,0.501388889,0.669211823,0.705714286,0.479656863,0.627678572,0.689726027,0.633333334,0.569162996,0.68161435,0.594292237,0.574318182,0.680054645,0.60495283,0.645631068,0.493575419,0.670327103,0.521568628,0.550467289,0.498222222,0.520673077,0.705445544,0.542195122,-2,0.611013216,-2,-2,-2,0.530339806,-2,0.488443396,0.329050279,-2,0.703,0.540196078,0.719417475,0.7125,-2,0.741287879,-2,0.592093023,0.4875,0.547598253,0.557511737,0.489647577,-2,0.680349345,0.71969697,0.500675676,0.519730942,0.48340708,0.61004902,0.590540541,0.687053572,0.587439614,0.500738916,0.523969072,-2,-2,-2,-2,0.575884956,-2,-2,-2,-2,-2,-2,0.414317181,0.693913044,-2,-2,0.619565217,0.536956521,-2,0.557798165,-2,0.571800948,0.566346154,0.646,0.587674418,0.725982533,0.5878125,0.722395834,-2,0.6625,0.576303317,-2,0.710434783,0.606108598,-2,0.470869565,-2,0.546969697,-2,-2,-2,-2,0.601666666,-2,-2,-2,-2,-2,-2VEN,0.437301587,0.495652174,-2,0.388444445,0.789303482,0.76,0.700819672,0.676650943,0.68422619,-2,-2,-2,-2,-2,-2,0.783466135,-2,0.770600858,0.753899083,0.70467033,0.741581633,0.76424581,0.710321101,0.814285714,-2,0.652525253,-2,0.747135416,0.795154185,0.696153846,0.777272727,0.771875,0.743647541,0.7714,0.781858408,0.423076924,0.640963855,0.50515873,0.496153846,0.497234042,0.417540323,-2,-2,-2,0.654098361,-2,0.241898149,-2,0.425992063,0.527777778,0.41468254,-2,-2,0.526095618,-2,0.621153846,0.305357142,-2,-2,-2,0.533665339,-2,-2,0.6764,0.672746781,0.418452381,-2,0.482539683,0.416798419,-2,-2,-2,0.416334661,0.418452381,-2,-2,-2,0.4636,0.508928572,0.495652174,0.501388889,0.563122172,-2,-2,-2,0.582258065,-2,0.529508197,0.586521739,0.677973569,0.49894958,0.700888889,0.703246753,0.475,0.664609053,0.661041666,0.642531121,0.6,0.68244898,0.650414938,0.573140496,0.615561225,0.636051502,0.66123348,0.484793814,0.676271187,0.521651786,0.565957447,0.515714286,0.541666667,0.68161435,0.528733032,-2,0.624395162,-2,-2,-2,0.535682819,-2,0.439427313,0.331060606,-2,0.643354431,0.514220184,0.647345133,0.722478992,-2,0.725694445,-2,0.593248945,0.5092,0.575298805,0.557872341,0.501814516,-2,0.674193548,0.735968379,0.525614755,0.519591837,0.48076923,0.591111111,0.574691358,0.679674796,0.589082969,0.483636364,0.523831776,-2,-2,-2,-2,0.573877551,-2,-2,-2,-2,-2,-2,0.429032258,0.686111111,-2,-2,0.595634921,0.53154762,-2,0.556485356,-2,0.6004329,0.571681416,0.616666667,0.571610169,0.7372,0.582080925,0.755365853,-2,0.6422,0.586521739,-2,0.761507937,0.613786008,-2,0.425992063,-2,0.495652174,-2,-2,-2,-2,0.538333334,-2,-2,-2,-2,-2,-2GUY,0.305527638,0.39425,-2,0.387643678,0.66875,0.610714286,0.782642487,0.80030303,0.672402598,-2,-2,-2,-2,-2,-2,0.628535354,-2,0.612568306,0.618343195,0.516911765,0.555194805,0.567266187,0.600574713,0.635082873,0.652525253,-2,-2,0.677707006,0.662912088,0.540769231,0.631329114,0.598554913,0.665,0.580555555,0.604545454,0.332989691,0.530456853,0.399,0.376142132,0.363387978,0.326262626,-2,-2,-2,0.537172775,-2,0.260055866,-2,0.453517588,0.467839196,0.443969849,-2,-2,0.383838384,-2,0.560843374,0.302898551,-2,-2,-2,0.561363636,-2,-2,0.597969543,0.643548387,0.443969849,-2,0.482160804,0.4465,-2,-2,-2,0.443969849,0.443969849,-2,-2,-2,0.400253807,0.429648242,0.39425,0.405778894,0.475,-2,-2,-2,0.661797752,-2,0.565128205,0.647486034,0.638793103,0.540691489,0.690406977,0.621153846,0.5259887,0.620207254,0.670876289,0.722395834,0.654336735,0.664507772,0.656544502,0.618489584,0.6175,0.645380435,0.666091954,0.519932432,0.718918919,0.588586956,0.643229166,0.566062176,0.605494505,0.640571428,0.591714286,-2,0.623589743,-2,-2,-2,0.585833334,-2,0.360893855,0.239032258,-2,0.605241935,0.49032258,0.540366972,0.651861702,-2,0.679562044,-2,0.626595745,0.549746193,0.606281407,0.586612022,0.546373057,-2,0.620408163,0.58425,0.559114584,0.534375,0.535279188,0.574293785,0.580829016,0.58948718,0.602185792,0.540517241,0.61196319,-2,-2,-2,-2,0.570984456,-2,-2,-2,-2,-2,-2,0.450765306,0.558542713,-2,-2,0.51080402,0.553768844,-2,0.545744681,-2,0.611081081,0.571067416,0.638655463,0.598913044,0.660659898,0.577972028,0.706845238,-2,0.651015229,0.605945946,-2,0.663567839,0.645,-2,0.319849246,-2,0.3705,-2,-2,-2,-2,0.601666666,-2,-2,-2,-2,-2,-2SUR,-2,-2,-2,-2,-2,-2,-2,-2,-2,-2,-2,-2,-2,-2,-2,-2,-2,-2,-2,-2,-2,-2,-2,-2,-2,-2,-2,-2,-2,-2,-2,-2,-2,-2,-2,-2,-2,-2,-2,-2,-2,-2,-2,-2,-2,-2,-2,-2,-2,-2,-2,-2,-2,-2,-2,-2,-2,-2,-2,-2,-2,-2,-2,-2,-2,-2,-2,-2,-2,-2,-2,-2,-2,-2,-2,-2,-2,-2,-2,-2,-2,-2,-2,-2,-2,-2,-2,-2,-2,-2,-2,-2,-2,-2,-2,-2,-2,-2,-2,-2,-2,-2,-2,-2,-2,-2,-2,-2,-2,-2,-2,-2,-2,-2,-2,-2,-2,-2,-2,-2,-2,-2,-2,-2,-2,-2,-2,-2,-2,-2,-2,-2,-2,-2,-2,-2,-2,-2,-2,-2,-2,-2,-2,-2,-2,-2,-2,-2,-2,-2,-2,-2,-2,-2,-2,-2,-2,-2,-2,-2,-2,-2,-2,-2,-2,-2,-2,-2,-2,-2,-2,-2,-2,-2,-2,-2,-2,-2,-2,-2,-2,-2,-2,-2,-2,-2,-2,-2,-2,-2,-2,-2,-2,-2ECU,0.416237114,0.487179487,-2,0.41734104,0.764779875,0.7659375,0.708730159,0.726470588,0.669318182,-2,-2,-2,-2,-2,-2,0.748186529,-2,0.770555555,0.717897727,0.700709219,0.751307189,0.7125,0.733333334,0.764130435,0.747135416,0.677707006,-2,-2,0.766666667,0.656544502,0.761180124,0.727094972,0.757978723,0.661082475,0.768306011,0.4,0.580829016,0.494587629,0.455,0.445810056,0.366145834,-2,-2,-2,0.626701571,-2,0.259627329,-2,0.450515464,0.499484536,0.44072165,-2,-2,0.475,-2,0.562962963,0.333333333,-2,-2,-2,0.605440414,-2,-2,0.618489584,0.72032967,0.44072165,-2,0.494587629,0.438461539,-2,-2,-2,0.433160622,0.435824743,-2,-2,-2,0.394615384,0.457948718,0.438461539,0.445618557,0.512424242,-2,-2,-2,0.755128205,-2,0.584224599,0.626011561,0.68263473,0.591803279,0.672916666,0.689010989,0.590988372,0.672916666,0.697010869,0.62486631,0.643229166,0.688624339,0.667567568,0.592473118,0.631164384,0.633333334,0.656460674,0.560763889,0.659722222,0.611111111,0.60359116,0.555,0.620738636,0.716766467,0.635174418,-2,0.621727749,-2,-2,-2,0.605555556,-2,0.450847457,0.281724138,-2,0.6004,0.535897436,0.625882353,0.705,-2,0.701801802,-2,0.638611111,0.576963351,0.631701031,0.626373626,0.584224599,-2,0.695,0.677179487,0.598148149,0.596276595,0.545,0.646,0.621351351,0.654663212,0.606034482,0.572289157,0.607763975,-2,-2,-2,-2,0.585,-2,-2,-2,-2,-2,-2,0.455,0.633333334,-2,-2,0.519072165,0.587628866,-2,0.608839779,-2,0.614088398,0.613081395,0.628346457,0.614402174,0.663020834,0.60261194,0.732165605,-2,0.66,0.608,-2,0.710051546,0.657297297,-2,0.396649484,-2,0.443333334,-2,-2,-2,-2,0.57,-2,-2,-2,-2,-2,-2PER,0.385022027,0.4625,-2,0.398536585,0.740677966,0.75703125,0.69638009,0.686387435,0.656790124,-2,-2,-2,-2,-2,-2,0.739823009,-2,0.741904762,0.723350254,0.692941177,0.740055249,0.736969697,0.759045226,0.78937198,0.795154185,0.662912088,-2,0.766666667,-2,0.663288288,0.779619565,0.737313433,0.747963801,0.717777778,0.745098039,0.402252252,0.580088496,0.447797357,0.453603603,0.450469484,0.357847533,-2,-2,-2,0.643409091,-2,0.2565,-2,0.410132159,0.498017621,0.414317181,-2,-2,0.464537445,-2,0.658415842,0.316666666,-2,-2,-2,0.538053097,-2,-2,0.643141593,0.666826923,0.418502202,-2,0.479166667,0.404166666,-2,-2,-2,0.405947136,0.405947136,-2,-2,-2,0.422222222,0.477092511,0.458333333,0.451982379,0.51080402,-2,-2,-2,0.615934066,-2,0.556306307,0.579268293,0.649009901,0.536574074,0.686633663,0.710194175,0.47970297,0.642009133,0.671100917,0.620138889,0.61040724,0.697522522,0.659360731,0.586635945,0.614088398,0.655633803,0.677227723,0.483236994,0.68685446,0.542216981,0.601376147,0.520135746,0.573671497,0.686633663,0.544221106,-2,0.633333334,-2,-2,-2,0.528292683,-2,0.43097561,0.318378378,-2,0.657191781,0.544174757,0.665,0.692523365,-2,0.768085106,-2,0.611342593,0.523555555,0.573348018,0.583571428,0.519730942,-2,0.691294642,0.695833333,0.531136364,0.528251121,0.500446428,0.614705883,0.600227273,0.606108598,0.614975845,0.506030151,0.569035533,-2,-2,-2,-2,0.574318182,-2,-2,-2,-2,-2,-2,0.430269058,0.64030837,-2,-2,0.560792952,0.544052864,-2,0.591013825,-2,0.597652582,0.578260869,0.665,0.665,0.711453744,0.591509434,0.733862433,-2,0.680973451,0.60495283,-2,0.749118943,0.633333334,-2,0.397577093,-2,0.4625,-2,-2,-2,-2,0.542857142,-2,-2,-2,-2,-2,-2BRA,0.492168675,0.551,-2,0.292307693,0.657323232,0.675961539,0.632024793,0.613636363,0.559509202,-2,-2,-2,-2,-2,-2,0.70483871,-2,0.682683983,0.707077625,0.668131868,0.717346939,0.731609196,0.680465117,0.71460177,0.696153846,0.540769231,-2,0.656544502,0.663288288,-2,0.696359224,0.720982142,0.643933055,0.726923077,0.733705358,0.482786885,0.656504065,0.5586,0.545081967,0.538197425,0.453846154,-2,-2,-2,0.639958159,-2,0.335813953,-2,0.32811245,0.560843374,0.305220884,-2,-2,0.60141129,-2,0.666826923,0.243023255,-2,-2,-2,0.417540323,-2,-2,0.557692307,0.536956521,0.316666666,-2,0.362449799,0.3078,-2,-2,-2,0.306451613,0.309036145,-2,-2,-2,0.501814516,0.54558233,0.5244,0.534136546,0.563926941,-2,-2,-2,0.428021978,-2,0.400413223,0.491814159,0.556306307,0.378389831,0.578636364,0.61938326,0.362107623,0.52033195,0.553164557,0.536610878,0.500411522,0.549586777,0.520711297,0.45125,0.573958334,0.514069264,0.551339286,0.4,0.533617022,0.401590909,0.450641025,0.406584362,0.409555555,0.57260274,0.435779816,-2,0.502254099,-2,-2,-2,0.411946903,-2,0.519333334,0.392602041,-2,0.64967742,0.537735849,0.615740741,0.598297872,-2,0.600347222,-2,0.450847457,0.382317073,0.440524193,0.44279661,0.380785124,-2,0.546734694,0.6536,0.395833334,0.412190083,0.362090164,0.464253394,0.455208334,0.617695473,0