1964,USA,CAN,BHS,CUB,HTI,DOM,JAM,TTO,BRB,DMA,GRD,LCA,VCT,ATG,KNA,MEX,BLZ,GTM,HND,SLV,NIC,CRI,PAN,COL,VEN,GUY,SUR,ECU,PER,BRA,BOL,PRY,CHL,ARG,URY,GBR,IRL,NLD,BEL,LUX,FRA,MCO,LIE,CHE,ESP,AND,PRT,DEU,POL,AUT,HUN,CZE,SVK,ITA,SMR,MLT,ALB,MNE,MKD,HRV,SRB,BIH,SVN,GRC,CYP,BGR,MDA,ROU,RUS,EST,LVA,LTU,UKR,BLR,ARM,GEO,AZE,FIN,SWE,NOR,DNK,ISL,CPV,STP,GNB,GNQ,GMB,MLI,SEN,BEN,MRT,NER,CIV,GIN,BFA,LBR,SLE,GHA,TGO,CMR,NGA,GAB,CAF,TCD,COG,COD,UGA,KEN,TZA,BDI,RWA,SOM,DJI,ETH,ERI,AGO,MOZ,ZMB,ZWE,MWI,ZAF,NAM,LSO,BWA,SWZ,MDG,COM,MUS,SYC,MAR,DZA,TUN,LBY,SDN,SSD,IRN,TUR,IRQ,EGY,SYR,LBN,JOR,ISR,SAU,YEM,KWT,BHR,QAT,ARE,OMN,AFG,TKM,TJK,KGZ,UZB,KAZ,CHN,MNG,TWN,PRK,KOR,JPN,IND,BTN,PAK,BGD,MMR,LKA,MDV,NPL,THA,KHM,LAO,VNM,MYS,SGP,BRN,PHL,IDN,TLS,AUS,PNG,NZL,VUT,SLB,KIR,TUV,FJI,TON,NRU,MHL,PLW,FSM,WSMUSA,-2,0.683795811,-2,0.142787194,0.461025063,0.536533019,0.3669447,0.392973438,0.164434524,-2,-2,-2,-2,-2,-2,0.462653478,-2,0.505277778,0.527980769,0.551888731,0.616847438,0.542008026,0.51675987,0.497827308,0.452871763,0.136683417,-2,0.441766896,0.476481669,0.48942156,0.463345865,0.537786344,0.435779118,0.481670199,0.511677631,0.734231868,0.599732124,0.695116873,0.715339368,0.718634976,0.54617672,-2,-2,-2,0.5145361,-2,0.491617064,-2,0.150949726,0.54863493,0.147603269,-2,-2,0.666246405,-2,0.718452381,0.100908648,-2,-2,-2,0.201466693,-2,-2,0.542517308,0.332956685,0.152156978,-2,0.155969411,0.148987784,-2,-2,-2,0.147887652,0.149276497,-2,-2,-2,0.483568624,0.559615624,0.585951135,0.588170425,0.614156441,-2,-2,-2,0.095967742,-2,0.186108117,0.306091191,0.350477933,0.229290124,0.354056677,0.371625196,0.182779335,0.316592082,0.398140496,0.275643891,0.255741701,0.325064778,0.308496902,0.260353753,0.397614323,0.311506162,0.313461755,0.25160347,0.316520467,0.19921875,0.237000785,0.187908502,0.194171059,0.376049107,0.212410957,-2,0.262390833,-2,-2,-2,0.196173138,-2,0.406840691,0.592973781,-2,0.240566038,0.214449541,0.223883928,0.393077139,-2,0.165277778,-2,0.225324445,0.175828266,0.260079051,0.252321822,0.196891267,-2,0.375058808,0.528888889,0.182779336,0.186967954,0.180632971,0.264808081,0.261165705,0.482265693,0.221315502,0.179071379,0.212321128,-2,-2,-2,-2,0.219898785,-2,-2,-2,-2,-2,-2,0.159873118,0.504146357,-2,-2,0.569230532,0.270904476,-2,0.284732925,-2,0.238098555,0.254143551,0.2975,0.244518171,0.437799708,0.224939103,0.346737541,-2,0.390821052,0.250252999,-2,0.437473962,0.243078345,-2,0.761975924,-2,0.721029668,-2,-2,-2,-2,0.184166667,-2,-2,-2,-2,-2,-2CAN,0.683795811,-2,-2,0.183742667,0.511493315,0.570972325,0.467675311,0.490349238,0.178550296,-2,-2,-2,-2,-2,-2,0.517691538,-2,0.56510462,0.561952457,0.594556662,0.662549351,0.584550375,0.564595928,0.539900153,0.508781015,0.176375,-2,0.516000666,0.518728547,0.554182292,0.531074342,0.591486784,0.505075999,0.539579216,0.567753452,0.649063736,0.672943156,0.7290625,0.721796859,0.742401216,0.52163041,-2,-2,-2,0.534799698,-2,0.417096447,-2,0.196848958,0.651510417,0.193515625,-2,-2,0.717640666,-2,0.694166667,0.14531423,-2,-2,-2,0.260570456,-2,-2,0.588811391,0.399327454,0.198359788,-2,0.218515625,0.194791667,-2,-2,-2,0.193902764,0.195182292,-2,-2,-2,0.574934638,0.65881579,0.678551926,0.680445026,0.677491446,-2,-2,-2,0.169086021,-2,0.241259399,0.343099371,0.396904375,0.293925132,0.396141975,0.414437089,0.227927865,0.353359744,0.458463029,0.343125293,0.307660114,0.374056085,0.379314155,0.331644407,0.419162437,0.34960706,0.368607456,0.312581389,0.347532719,0.270785714,0.310049834,0.262704839,0.271681097,0.425944444,0.272886156,-2,0.317542105,-2,-2,-2,0.276824324,-2,0.498457529,0.486614943,-2,0.25927673,0.233944954,0.27079646,0.435742092,-2,0.193448276,-2,0.297858146,0.241081871,0.311594279,0.32484556,0.258695245,-2,0.455567677,0.579202302,0.24381077,0.249985145,0.231293407,0.32523183,0.307641727,0.541642376,0.28060559,0.240280198,0.334195643,-2,-2,-2,-2,0.279173176,-2,-2,-2,-2,-2,-2,0.20213126,0.543114035,-2,-2,0.628125,0.345820245,-2,0.346285341,-2,0.303652511,0.31142121,0.42375731,0.313636363,0.492615835,0.283911827,0.410265701,-2,0.454963914,0.269560552,-2,0.489561404,0.291487805,-2,0.716848958,-2,0.744303385,-2,-2,-2,-2,0.198333333,-2,-2,-2,-2,-2,-2BHS,-2,-2,-2,-2,-2,-2,-2,-2,-2,-2,-2,-2,-2,-2,-2,-2,-2,-2,-2,-2,-2,-2,-2,-2,-2,-2,-2,-2,-2,-2,-2,-2,-2,-2,-2,-2,-2,-2,-2,-2,-2,-2,-2,-2,-2,-2,-2,-2,-2,-2,-2,-2,-2,-2,-2,-2,-2,-2,-2,-2,-2,-2,-2,-2,-2,-2,-2,-2,-2,-2,-2,-2,-2,-2,-2,-2,-2,-2,-2,-2,-2,-2,-2,-2,-2,-2,-2,-2,-2,-2,-2,-2,-2,-2,-2,-2,-2,-2,-2,-2,-2,-2,-2,-2,-2,-2,-2,-2,-2,-2,-2,-2,-2,-2,-2,-2,-2,-2,-2,-2,-2,-2,-2,-2,-2,-2,-2,-2,-2,-2,-2,-2,-2,-2,-2,-2,-2,-2,-2,-2,-2,-2,-2,-2,-2,-2,-2,-2,-2,-2,-2,-2,-2,-2,-2,-2,-2,-2,-2,-2,-2,-2,-2,-2,-2,-2,-2,-2,-2,-2,-2,-2,-2,-2,-2,-2,-2,-2,-2,-2,-2,-2,-2,-2,-2,-2,-2,-2,-2,-2,-2,-2,-2,-2CUB,0.142787194,0.183742667,-2,-2,0.324237988,0.275402261,0.377158135,0.393529795,0.157191781,-2,-2,-2,-2,-2,-2,0.318901786,-2,0.281201747,0.260489686,0.220726396,0.228816147,0.266025499,0.282882405,0.281210595,0.303438795,0.17341954,-2,0.315670719,0.282678648,0.252538894,0.266940699,0.242330696,0.351291229,0.292352119,0.28999069,0.160294914,0.23044387,0.179009363,0.169039548,0.173257477,0.200186813,-2,-2,-2,0.280058442,-2,0.090755208,-2,0.749177902,0.202336681,0.754844569,-2,-2,0.172251204,-2,0.14258658,0.806813865,-2,-2,-2,0.655833668,-2,-2,0.27879255,0.432625661,0.75636508,-2,0.73595568,0.753289997,-2,-2,-2,0.750721057,0.75295568,-2,-2,-2,0.246590794,0.251597853,0.24229101,0.241297552,0.208027256,-2,-2,-2,0.260666667,-2,0.651694029,0.476168112,0.431588239,0.604592033,0.438521452,0.410139773,0.670733194,0.465714031,0.385197102,0.453564815,0.522545965,0.421326647,0.435284546,0.515901493,0.420389326,0.415284248,0.448769478,0.607299742,0.460398488,0.583261905,0.593165809,0.628781174,0.580243902,0.467494566,0.583344482,-2,0.534230395,-2,-2,-2,0.638447914,-2,0.437696647,0.103910853,-2,0.13390411,0.107323233,0.134438776,0.373410672,-2,0.176219512,-2,0.558798958,0.668393498,0.499450893,0.54358305,0.615576923,-2,0.383457198,0.312552796,0.637720287,0.648222477,0.667094595,0.481410184,0.541566418,0.291267641,0.56592775,0.637629872,0.530984375,-2,-2,-2,-2,0.566008823,-2,-2,-2,-2,-2,-2,0.753900849,0.297230742,-2,-2,0.237384519,0.529597895,-2,0.510284356,-2,0.503678437,0.520974844,0.428993289,0.467967708,0.327027438,0.56147343,0.355607513,-2,0.365370145,0.594443858,-2,0.381078027,0.582407407,-2,0.171453808,-2,0.186637417,-2,-2,-2,-2,0.197321428,-2,-2,-2,-2,-2,-2HTI,0.461025063,0.511493315,-2,0.324237988,-2,0.662177475,0.615137079,0.621583359,0.303100775,-2,-2,-2,-2,-2,-2,0.658640513,-2,0.648216517,0.651814751,0.655622382,0.63472489,0.653683775,0.645908616,0.649696094,0.67386417,0.299177631,-2,0.666565846,0.652901985,0.615471907,0.639369193,0.636267605,0.642267628,0.624779365,0.68715297,0.423783653,0.582433376,0.47759375,0.490467273,0.497698504,0.354816262,-2,-2,-2,0.527033317,-2,0.241332647,-2,0.34796875,0.490875,0.34371875,-2,-2,0.51159375,-2,0.63647343,0.304621175,-2,-2,-2,0.434951026,-2,-2,0.57432873,0.542041885,0.34159375,-2,0.3750625,0.340726835,-2,-2,-2,0.3403337,0.34159375,-2,-2,-2,0.408847853,0.479792722,0.480294283,0.474449685,0.503585707,-2,-2,-2,0.261986301,-2,0.434071181,0.519978847,0.62548913,0.487388484,0.617945095,0.604621721,0.413376069,0.574608033,0.627058766,0.520822281,0.472222222,0.57899774,0.570119792,0.507738268,0.620397473,0.57821558,0.591570946,0.4724599,0.592660117,0.464022999,0.492585004,0.475070818,0.501110154,0.633897006,0.463877473,-2,0.519265352,-2,-2,-2,0.483944561,-2,0.484408602,0.328282362,-2,0.301717557,0.241477273,0.274695122,0.647546074,-2,0.317757009,-2,0.461469635,0.455909091,0.455076923,0.486506977,0.446158008,-2,0.633677673,0.595760123,0.445011334,0.435361149,0.42274975,0.482981716,0.530248139,0.616991067,0.459064226,0.421143376,0.504479167,-2,-2,-2,-2,0.453086599,-2,-2,-2,-2,-2,-2,0.35251554,0.595829813,-2,-2,0.549011194,0.491316038,-2,0.51808679,-2,0.471017736,0.467321157,0.588429952,0.478930823,0.63203259,0.455415861,0.583339336,-2,0.613006438,0.457336957,-2,0.685788246,0.476580669,-2,0.45528125,-2,0.491868781,-2,-2,-2,-2,0.247916667,-2,-2,-2,-2,-2,-2DOM,0.536533019,0.570972325,-2,0.275402261,0.662177475,-2,0.585600961,0.584171456,0.287241379,-2,-2,-2,-2,-2,-2,0.669787435,-2,0.706474132,0.727014267,0.740408805,0.747525183,0.732865215,0.703394706,0.719088132,0.68,0.273214286,-2,0.678987185,0.710228761,0.647871683,0.654245543,0.726443391,0.665004465,0.695870927,0.697692899,0.488124726,0.635127592,0.552680542,0.558092417,0.571803144,0.408114747,-2,-2,-2,0.59517032,-2,0.297488323,-2,0.28930059,0.552680542,0.287295873,-2,-2,0.574087637,-2,0.648059006,0.243264809,-2,-2,-2,0.38881475,-2,-2,0.621848408,0.520758827,0.28930059,-2,0.313357194,0.284453505,-2,-2,-2,0.282108312,0.283286439,-2,-2,-2,0.481844194,0.544551887,0.544964789,0.551037736,0.55973831,-2,-2,-2,0.258227848,-2,0.369258145,0.451624923,0.550403166,0.43382952,0.554327957,0.561497143,0.359671848,0.500766206,0.577848947,0.444623281,0.405415683,0.508500537,0.530166398,0.453353658,0.576568555,0.514734912,0.512184674,0.410226444,0.537866402,0.418450957,0.48875,0.396958429,0.429139122,0.623180435,0.40091368,-2,0.437334123,-2,-2,-2,0.484133184,-2,0.525319943,0.408789949,-2,0.297810219,0.22368421,0.292473118,0.577417131,-2,0.319628099,-2,0.406325758,0.381702742,0.408547086,0.437043582,0.392716346,-2,0.577737905,0.636714865,0.387024854,0.380190963,0.367840423,0.466337386,0.463965619,0.59492534,0.427757552,0.381245808,0.476996883,-2,-2,-2,-2,0.422014563,-2,-2,-2,-2,-2,-2,0.304684044,0.634664927,-2,-2,0.602634337,0.457570755,-2,0.475899901,-2,0.416487895,0.4522208,0.576480106,0.444608533,0.60625,0.402566806,0.534088941,-2,0.573452381,0.46396711,-2,0.644897523,0.400787801,-2,0.546666391,-2,0.571007331,-2,-2,-2,-2,0.27625,-2,-2,-2,-2,-2,-2JAM,0.3669447,0.467675311,-2,0.377158135,0.615137079,0.585600961,-2,0.702197244,0.342073171,-2,-2,-2,-2,-2,-2,0.616421833,-2,0.598425137,0.541213703,0.552038043,0.560026042,0.596619048,0.574286244,0.584263393,0.606213269,0.350129534,-2,0.6501716,0.587788461,0.563408311,0.601304945,0.595652174,0.602920747,0.56214236,0.619962121,0.369362033,0.552125221,0.450784246,0.430057543,0.442774327,0.265053407,-2,-2,-2,0.462261644,-2,0.228288899,-2,0.39334829,0.488107839,0.388165363,-2,-2,0.451544089,-2,0.478125,0.343072289,-2,-2,-2,0.50574509,-2,-2,0.546435819,0.639232366,0.39011169,-2,0.414079997,0.387437935,-2,-2,-2,0.387164035,0.388165363,-2,-2,-2,0.459292069,0.490008711,0.466522802,0.477122641,0.495708441,-2,-2,-2,0.26741573,-2,0.474661131,0.561330097,0.618803923,0.49806383,0.607495164,0.594098835,0.461689845,0.551309524,0.64704624,0.587382799,0.566530449,0.574255952,0.608722821,0.555707223,0.578012087,0.581058352,0.603463204,0.511142217,0.597351418,0.49459122,0.599641051,0.502514984,0.501622596,0.638097859,0.509896443,-2,0.579916958,-2,-2,-2,0.563929314,-2,0.533126551,0.233493738,-2,0.30983871,0.231067961,0.270093458,0.599425287,-2,0.318006993,-2,0.554634199,0.447686655,0.563337626,0.559909244,0.484332045,-2,0.655543729,0.571039979,0.495553896,0.491506276,0.468607743,0.589204545,0.533079915,0.582761964,0.554786996,0.512243402,0.59227165,-2,-2,-2,-2,0.537926878,-2,-2,-2,-2,-2,-2,0.392368117,0.58517712,-2,-2,0.561027382,0.606304648,-2,0.570973749,-2,0.558978961,0.554914816,0.633767465,0.572240637,0.638511905,0.482352292,0.602083333,-2,0.633094573,0.583373413,-2,0.610389306,0.545904206,-2,0.408212533,-2,0.447611909,-2,-2,-2,-2,0.269166667,-2,-2,-2,-2,-2,-2TTO,0.392973438,0.490349238,-2,0.393529795,0.621583359,0.584171456,0.702197244,-2,0.323116439,-2,-2,-2,-2,-2,-2,0.615961206,-2,0.602991453,0.582497354,0.566932957,0.598508087,0.604322581,0.598115868,0.600186012,0.611396475,0.358030303,-2,0.68125,0.595123618,0.569784689,0.61971596,0.610242146,0.622060334,0.596287239,0.643689555,0.401260685,0.564519771,0.497881146,0.450533763,0.464310402,0.283062201,-2,-2,-2,0.473521505,-2,0.267663797,-2,0.424663949,0.540685693,0.418678033,-2,-2,0.478452086,-2,0.542807018,0.388384854,-2,-2,-2,0.530427011,-2,-2,0.589338987,0.651733709,0.420673339,-2,0.452598221,0.419815544,-2,-2,-2,0.417529792,0.418678033,-2,-2,-2,0.452052137,0.499802717,0.487380718,0.494856684,0.546956522,-2,-2,-2,0.298901099,-2,0.512625718,0.579365285,0.646806368,0.532694859,0.63509787,0.603053294,0.495262097,0.599121242,0.647192029,0.578810976,0.613131326,0.609112907,0.627153558,0.600964912,0.606975784,0.583130197,0.614598997,0.549957265,0.632889848,0.548309859,0.623831081,0.522257281,0.529381024,0.650345074,0.568026726,-2,0.554290786,-2,-2,-2,0.590146433,-2,0.535348302,0.273352273,-2,0.305871212,0.27,0.295652174,0.62952823,-2,0.2975,-2,0.557244085,0.503194064,0.597296723,0.573241479,0.525305944,-2,0.618984296,0.567823414,0.50647077,0.519244474,0.510649834,0.605066802,0.544149811,0.620048309,0.565514527,0.546467391,0.6140143,-2,-2,-2,-2,0.527496902,-2,-2,-2,-2,-2,-2,0.420119617,0.579338977,-2,-2,0.550662219,0.601868051,-2,0.582215083,-2,0.528124156,0.544484576,0.63693604,0.555211771,0.593508621,0.490052874,0.567328154,-2,0.656818182,0.573827839,-2,0.631918348,0.577723577,-2,0.429620707,-2,0.460057797,-2,-2,-2,-2,0.231818182,-2,-2,-2,-2,-2,-2BRB,0.164434524,0.178550296,-2,0.157191781,0.303100775,0.287241379,0.342073171,0.323116439,-2,-2,-2,-2,-2,-2,-2,0.313690476,-2,0.298051948,0.287086093,0.286965812,0.289922481,0.301041667,0.299828767,0.287993421,0.30610119,0.300811688,-2,0.299431818,0.293827161,0.250306748,0.272519084,0.283333333,0.27189441,0.257035928,0.292006803,0.15904908,0.25297619,0.189732143,0.185122699,0.188291139,0.138253012,-2,-2,-2,0.221625767,-2,0.122222222,-2,0.164434524,0.204910714,0.156845238,-2,-2,0.181065089,-2,0.25625,0.10872093,-2,-2,-2,0.236676647,-2,-2,0.255505952,0.265967742,0.164434524,-2,0.183579882,0.158431953,-2,-2,-2,0.159375,0.159375,-2,-2,-2,0.183233533,0.201183432,0.181065089,0.189732143,0.186879433,-2,-2,-2,0.252034884,-2,0.230421687,0.258940397,0.287993421,0.224378882,0.288286713,0.284271523,0.209703948,0.266920732,0.308850932,0.299846626,0.269512195,0.305792683,0.287732919,0.24703125,0.287692308,0.255537975,0.2975,0.202217742,0.301265823,0.243222892,0.261949685,0.239877301,0.227201258,0.297789116,0.242449665,-2,0.272305389,-2,-2,-2,0.242857143,-2,0.184539474,0.103740157,-2,0.236556604,0.18433735,0.253191489,0.312025316,-2,0.305040322,-2,0.275314465,0.222740964,0.261538461,0.246052631,0.222740964,-2,0.272305389,0.26908284,0.225457317,0.235542168,0.2125,0.253311258,0.24469697,0.283333333,0.257236842,0.229276316,0.252536232,-2,-2,-2,-2,0.273773006,-2,-2,-2,-2,-2,-2,0.167964072,0.273214286,-2,-2,0.242857143,0.265625,-2,0.263975155,-2,0.277884615,0.25385906,0.268632076,0.264262821,0.321279762,0.245867769,0.287323944,-2,0.298511905,0.296955128,-2,0.314349112,0.285093168,-2,0.164434524,-2,0.188609467,-2,-2,-2,-2,0.193181818,-2,-2,-2,-2,-2,-2DMA,-2,-2,-2,-2,-2,-2,-2,-2,-2,-2,-2,-2,-2,-2,-2,-2,-2,-2,-2,-2,-2,-2,-2,-2,-2,-2,-2,-2,-2,-2,-2,-2,-2,-2,-2,-2,-2,-2,-2,-2,-2,-2,-2,-2,-2,-2,-2,-2,-2,-2,-2,-2,-2,-2,-2,-2,-2,-2,-2,-2,-2,-2,-2,-2,-2,-2,-2,-2,-2,-2,-2,-2,-2,-2,-2,-2,-2,-2,-2,-2,-2,-2,-2,-2,-2,-2,-2,-2,-2,-2,-2,-2,-2,-2,-2,-2,-2,-2,-2,-2,-2,-2,-2,-2,-2,-2,-2,-2,-2,-2,-2,-2,-2,-2,-2,-2,-2,-2,-2,-2,-2,-2,-2,-2,-2,-2,-2,-2,-2,-2,-2,-2,-2,-2,-2,-2,-2,-2,-2,-2,-2,-2,-2,-2,-2,-2,-2,-2,-2,-2,-2,-2,-2,-2,-2,-2,-2,-2,-2,-2,-2,-2,-2,-2,-2,-2,-2,-2,-2,-2,-2,-2,-2,-2,-2,-2,-2,-2,-2,-2,-2,-2,-2,-2,-2,-2,-2,-2,-2,-2,-2,-2,-2,-2GRD,-2,-2,-2,-2,-2,-2,-2,-2,-2,-2,-2,-2,-2,-2,-2,-2,-2,-2,-2,-2,-2,-2,-2,-2,-2,-2,-2,-2,-2,-2,-2,-2,-2,-2,-2,-2,-2,-2,-2,-2,-2,-2,-2,-2,-2,-2,-2,-2,-2,-2,-2,-2,-2,-2,-2,-2,-2,-2,-2,-2,-2,-2,-2,-2,-2,-2,-2,-2,-2,-2,-2,-2,-2,-2,-2,-2,-2,-2,-2,-2,-2,-2,-2,-2,-2,-2,-2,-2,-2,-2,-2,-2,-2,-2,-2,-2,-2,-2,-2,-2,-2,-2,-2,-2,-2,-2,-2,-2,-2,-2,-2,-2,-2,-2,-2,-2,-2,-2,-2,-2,-2,-2,-2,-2,-2,-2,-2,-2,-2,-2,-2,-2,-2,-2,-2,-2,-2,-2,-2,-2,-2,-2,-2,-2,-2,-2,-2,-2,-2,-2,-2,-2,-2,-2,-2,-2,-2,-2,-2,-2,-2,-2,-2,-2,-2,-2,-2,-2,-2,-2,-2,-2,-2,-2,-2,-2,-2,-2,-2,-2,-2,-2,-2,-2,-2,-2,-2,-2,-2,-2,-2,-2,-2,-2LCA,-2,-2,-2,-2,-2,-2,-2,-2,-2,-2,-2,-2,-2,-2,-2,-2,-2,-2,-2,-2,-2,-2,-2,-2,-2,-2,-2,-2,-2,-2,-2,-2,-2,-2,-2,-2,-2,-2,-2,-2,-2,-2,-2,-2,-2,-2,-2,-2,-2,-2,-2,-2,-2,-2,-2,-2,-2,-2,-2,-2,-2,-2,-2,-2,-2,-2,-2,-2,-2,-2,-2,-2,-2,-2,-2,-2,-2,-2,-2,-2,-2,-2,-2,-2,-2,-2,-2,-2,-2,-2,-2,-2,-2,-2,-2,-2,-2,-2,-2,-2,-2,-2,-2,-2,-2,-2,-2,-2,-2,-2,-2,-2,-2,-2,-2,-2,-2,-2,-2,-2,-2,-2,-2,-2,-2,-2,-2,-2,-2,-2,-2,-2,-2,-2,-2,-2,-2,-2,-2,-2,-2,-2,-2,-2,-2,-2,-2,-2,-2,-2,-2,-2,-2,-2,-2,-2,-2,-2,-2,-2,-2,-2,-2,-2,-2,-2,-2,-2,-2,-2,-2,-2,-2,-2,-2,-2,-2,-2,-2,-2,-2,-2,-2,-2,-2,-2,-2,-2,-2,-2,-2,-2,-2,-2VCT,-2,-2,-2,-2,-2,-2,-2,-2,-2,-2,-2,-2,-2,-2,-2,-2,-2,-2,-2,-2,-2,-2,-2,-2,-2,-2,-2,-2,-2,-2,-2,-2,-2,-2,-2,-2,-2,-2,-2,-2,-2,-2,-2,-2,-2,-2,-2,-2,-2,-2,-2,-2,-2,-2,-2,-2,-2,-2,-2,-2,-2,-2,-2,-2,-2,-2,-2,-2,-2,-2,-2,-2,-2,-2,-2,-2,-2,-2,-2,-2,-2,-2,-2,-2,-2,-2,-2,-2,-2,-2,-2,-2,-2,-2,-2,-2,-2,-2,-2,-2,-2,-2,-2,-2,-2,-2,-2,-2,-2,-2,-2,-2,-2,-2,-2,-2,-2,-2,-2,-2,-2,-2,-2,-2,-2,-2,-2,-2,-2,-2,-2,-2,-2,-2,-2,-2,-2,-2,-2,-2,-2,-2,-2,-2,-2,-2,-2,-2,-2,-2,-2,-2,-2,-2,-2,-2,-2,-2,-2,-2,-2,-2,-2,-2,-2,-2,-2,-2,-2,-2,-2,-2,-2,-2,-2,-2,-2,-2,-2,-2,-2,-2,-2,-2,-2,-2,-2,-2,-2,-2,-2,-2,-2,-2ATG,-2,-2,-2,-2,-2,-2,-2,-2,-2,-2,-2,-2,-2,-2,-2,-2,-2,-2,-2,-2,-2,-2,-2,-2,-2,-2,-2,-2,-2,-2,-2,-2,-2,-2,-2,-2,-2,-2,-2,-2,-2,-2,-2,-2,-2,-2,-2,-2,-2,-2,-2,-2,-2,-2,-2,-2,-2,-2,-2,-2,-2,-2,-2,-2,-2,-2,-2,-2,-2,-2,-2,-2,-2,-2,-2,-2,-2,-2,-2,-2,-2,-2,-2,-2,-2,-2,-2,-2,-2,-2,-2,-2,-2,-2,-2,-2,-2,-2,-2,-2,-2,-2,-2,-2,-2,-2,-2,-2,-2,-2,-2,-2,-2,-2,-2,-2,-2,-2,-2,-2,-2,-2,-2,-2,-2,-2,-2,-2,-2,-2,-2,-2,-2,-2,-2,-2,-2,-2,-2,-2,-2,-2,-2,-2,-2,-2,-2,-2,-2,-2,-2,-2,-2,-2,-2,-2,-2,-2,-2,-2,-2,-2,-2,-2,-2,-2,-2,-2,-2,-2,-2,-2,-2,-2,-2,-2,-2,-2,-2,-2,-2,-2,-2,-2,-2,-2,-2,-2,-2,-2,-2,-2,-2,-2KNA,-2,-2,-2,-2,-2,-2,-2,-2,-2,-2,-2,-2,-2,-2,-2,-2,-2,-2,-2,-2,-2,-2,-2,-2,-2,-2,-2,-2,-2,-2,-2,-2,-2,-2,-2,-2,-2,-2,-2,-2,-2,-2,-2,-2,-2,-2,-2,-2,-2,-2,-2,-2,-2,-2,-2,-2,-2,-2,-2,-2,-2,-2,-2,-2,-2,-2,-2,-2,-2,-2,-2,-2,-2,-2,-2,-2,-2,-2,-2,-2,-2,-2,-2,-2,-2,-2,-2,-2,-2,-2,-2,-2,-2,-2,-2,-2,-2,-2,-2,-2,-2,-2,-2,-2,-2,-2,-2,-2,-2,-2,-2,-2,-2,-2,-2,-2,-2,-2,-2,-2,-2,-2,-2,-2,-2,-2,-2,-2,-2,-2,-2,-2,-2,-2,-2,-2,-2,-2,-2,-2,-2,-2,-2,-2,-2,-2,-2,-2,-2,-2,-2,-2,-2,-2,-2,-2,-2,-2,-2,-2,-2,-2,-2,-2,-2,-2,-2,-2,-2,-2,-2,-2,-2,-2,-2,-2,-2,-2,-2,-2,-2,-2,-2,-2,-2,-2,-2,-2,-2,-2,-2,-2,-2,-2MEX,0.462653478,0.517691538,-2,0.318901786,0.658640513,0.669787435,0.616421833,0.615961206,0.313690476,-2,-2,-2,-2,-2,-2,-2,-2,0.689259536,0.707524734,0.663080803,0.655979269,0.707215566,0.671151027,0.694003388,0.703157582,0.281186869,-2,0.700997921,0.666746932,0.654872845,0.666372218,0.658848969,0.682598471,0.672533675,0.691864276,0.420529037,0.584004256,0.490984901,0.494131778,0.497987861,0.377346483,-2,-2,-2,0.540506921,-2,0.246335972,-2,0.33601282,0.515151515,0.330973294,-2,-2,0.509325397,-2,0.624072802,0.274242424,-2,-2,-2,0.41712963,-2,-2,0.581417573,0.54962196,0.336799269,-2,0.354491081,0.330272258,-2,-2,-2,0.328306879,0.329293452,-2,-2,-2,0.440964712,0.497826087,0.481515957,0.494758115,0.515234289,-2,-2,-2,0.244836957,-2,0.409881997,0.514000239,0.563232323,0.45122838,0.572463565,0.595073593,0.388344894,0.525127298,0.579528989,0.50727585,0.454039381,0.570598542,0.533664773,0.491479512,0.572147914,0.542929185,0.545925214,0.467057292,0.527268245,0.438703822,0.492929641,0.431993496,0.46067443,0.613867713,0.439615385,-2,0.50548937,-2,-2,-2,0.4549757,-2,0.52501421,0.343890022,-2,0.289649681,0.226146789,0.302477478,0.584293619,-2,0.323951049,-2,0.443142857,0.416887719,0.447462463,0.469625396,0.423099593,-2,0.602042039,0.591365426,0.408217319,0.403686253,0.398748648,0.486565516,0.488968204,0.601822415,0.453417743,0.404863524,0.483883016,-2,-2,-2,-2,0.446650666,-2,-2,-2,-2,-2,-2,0.34164527,0.612055336,-2,-2,0.576301315,0.51143144,-2,0.485047348,-2,0.488079274,0.493633161,0.591666666,0.486972642,0.644417013,0.464534884,0.61444822,-2,0.615138747,0.460836627,-2,0.633992095,0.444562702,-2,0.463023088,-2,0.506448152,-2,-2,-2,-2,0.283333333,-2,-2,-2,-2,-2,-2BLZ,-2,-2,-2,-2,-2,-2,-2,-2,-2,-2,-2,-2,-2,-2,-2,-2,-2,-2,-2,-2,-2,-2,-2,-2,-2,-2,-2,-2,-2,-2,-2,-2,-2,-2,-2,-2,-2,-2,-2,-2,-2,-2,-2,-2,-2,-2,-2,-2,-2,-2,-2,-2,-2,-2,-2,-2,-2,-2,-2,-2,-2,-2,-2,-2,-2,-2,-2,-2,-2,-2,-2,-2,-2,-2,-2,-2,-2,-2,-2,-2,-2,-2,-2,-2,-2,-2,-2,-2,-2,-2,-2,-2,-2,-2,-2,-2,-2,-2,-2,-2,-2,-2,-2,-2,-2,-2,-2,-2,-2,-2,-2,-2,-2,-2,-2,-2,-2,-2,-2,-2,-2,-2,-2,-2,-2,-2,-2,-2,-2,-2,-2,-2,-2,-2,-2,-2,-2,-2,-2,-2,-2,-2,-2,-2,-2,-2,-2,-2,-2,-2,-2,-2,-2,-2,-2,-2,-2,-2,-2,-2,-2,-2,-2,-2,-2,-2,-2,-2,-2,-2,-2,-2,-2,-2,-2,-2,-2,-2,-2,-2,-2,-2,-2,-2,-2,-2,-2,-2,-2,-2,-2,-2,-2,-2GTM,0.505277778,0.56510462,-2,0.281201747,0.648216517,0.706474132,0.598425137,0.602991453,0.298051948,-2,-2,-2,-2,-2,-2,0.689259536,-2,-2,0.703901634,0.699567532,0.707446506,0.722091688,0.690445159,0.714023683,0.6871036,0.274043716,-2,0.694037291,0.675835398,0.636488604,0.649762698,0.684337427,0.659313955,0.682454432,0.693444107,0.460207743,0.612049062,0.521380628,0.528641436,0.532344633,0.391511017,-2,-2,-2,0.603795897,-2,0.293185114,-2,0.31579993,0.523638854,0.310374398,-2,-2,0.548117279,-2,0.684989392,0.258519521,-2,-2,-2,0.416605411,-2,-2,0.584654442,0.54182717,0.313991419,-2,0.336636445,0.310374398,-2,-2,-2,0.309392855,0.310374398,-2,-2,-2,0.439695656,0.510129876,0.4985461,0.514358974,0.516288383,-2,-2,-2,0.26,-2,0.398744751,0.479377104,0.533308898,0.435880893,0.529986529,0.555630164,0.368477633,0.499218685,0.568585427,0.469580021,0.421166171,0.540425764,0.513554594,0.46256883,0.533094516,0.489593733,0.511214286,0.421949676,0.515938552,0.429781998,0.471665605,0.418664596,0.451568017,0.60046138,0.403519028,-2,0.45932973,-2,-2,-2,0.453336945,-2,0.463236165,0.404031675,-2,0.299177631,0.248267327,0.292688679,0.567185778,-2,0.304038461,-2,0.435596757,0.411571633,0.444141938,0.461199437,0.397755308,-2,0.593948618,0.62944253,0.394660767,0.394559171,0.378130601,0.477178401,0.479090713,0.582638058,0.433055555,0.382605546,0.470177812,-2,-2,-2,-2,0.429516908,-2,-2,-2,-2,-2,-2,0.321467811,0.600515685,-2,-2,0.592836568,0.472948718,-2,0.502808954,-2,0.453067073,0.459809523,0.49766129,0.454763986,0.631946828,0.44527724,0.590248486,-2,0.58576087,0.446932142,-2,0.621194433,0.430992806,-2,0.50397129,-2,0.530772893,-2,-2,-2,-2,0.234482759,-2,-2,-2,-2,-2,-2HND,0.527980769,0.561952457,-2,0.260489686,0.651814751,0.727014267,0.541213703,0.582497354,0.287086093,-2,-2,-2,-2,-2,-2,0.707524734,-2,0.703901634,-2,0.749379201,0.720160702,0.739410627,0.711004189,0.726792339,0.702830083,0.276627219,-2,0.688537654,0.708275594,0.667539479,0.696451264,0.740296875,0.653347979,0.700692066,0.729131687,0.498495371,0.646489552,0.537446581,0.568058221,0.563287101,0.435306666,-2,-2,-2,0.595957809,-2,0.309329066,-2,0.277162248,0.573857323,0.271366793,-2,-2,0.585296474,-2,0.68757085,0.217659121,-2,-2,-2,0.367710711,-2,-2,0.591864259,0.505013359,0.273564635,-2,0.288808761,0.27252938,-2,-2,-2,0.270193589,0.271366793,-2,-2,-2,0.494599116,0.569260564,0.562237762,0.562307692,0.572195631,-2,-2,-2,0.245,-2,0.346673349,0.45575808,0.545919215,0.421273077,0.535513481,0.540137442,0.335734929,0.490537383,0.554309939,0.459710129,0.414921755,0.532581056,0.516964286,0.444738752,0.547695652,0.499819857,0.503648678,0.416656669,0.516400098,0.382040388,0.427987805,0.372673726,0.407041139,0.579676871,0.384448329,-2,0.439750572,-2,-2,-2,0.393793961,-2,0.509325397,0.426609467,-2,0.321701389,0.243489583,0.326578948,0.561430305,-2,0.296511628,-2,0.400752916,0.347168314,0.404476145,0.429275714,0.362119335,-2,0.57002421,0.595232936,0.354166667,0.360992467,0.336103111,0.453816618,0.443215522,0.611745029,0.413568828,0.359989407,0.41262089,-2,-2,-2,-2,0.39551363,-2,-2,-2,-2,-2,-2,0.27742704,0.638996479,-2,-2,0.595,0.455760489,-2,0.466921236,-2,0.447686049,0.446499132,0.508418114,0.443670801,0.650226172,0.408644329,0.566227293,-2,0.610840772,0.370273632,-2,0.668838384,0.40371355,-2,0.536723485,-2,0.551041666,-2,-2,-2,-2,0.238,-2,-2,-2,-2,-2,-2SLV,0.551888731,0.594556662,-2,0.220726396,0.655622382,0.740408805,0.552038043,0.566932957,0.286965812,-2,-2,-2,-2,-2,-2,0.663080803,-2,0.699567532,0.749379201,-2,0.738049617,0.725143429,0.717193469,0.702513112,0.677747253,0.23125,-2,0.677324098,0.686060606,0.649339695,0.673475776,0.72582499,0.61819594,0.676820334,0.730021283,0.489013909,0.63706301,0.550714309,0.574664314,0.578910714,0.426975909,-2,-2,-2,0.584503632,-2,0.313069217,-2,0.253146041,0.565099797,0.250848743,-2,-2,0.580012078,-2,0.638174603,0.155242601,-2,-2,-2,0.365106413,-2,-2,0.593378378,0.49284127,0.253146041,-2,0.276119014,0.248551446,-2,-2,-2,0.247065694,0.248551446,-2,-2,-2,0.492645563,0.544836957,0.544432591,0.557994851,0.57506579,-2,-2,-2,0.248461539,-2,0.342990544,0.43930624,0.545214286,0.389638465,0.506080392,0.55287064,0.333373258,0.479829072,0.55484666,0.438568917,0.397412281,0.514096871,0.492809688,0.413601695,0.555744624,0.481027626,0.505534675,0.390216508,0.493964995,0.390127493,0.436376444,0.354149652,0.381780694,0.584383299,0.379778904,-2,0.428412933,-2,-2,-2,0.419633838,-2,0.543409178,0.409856322,-2,0.30881295,0.250342466,0.329375,0.582754839,-2,0.276834862,-2,0.377644382,0.347175756,0.39663255,0.41713939,0.356101283,-2,0.573510929,0.608185671,0.347837079,0.354168982,0.335914931,0.458466007,0.436909261,0.60942365,0.401905582,0.347733528,0.41330318,-2,-2,-2,-2,0.371929348,-2,-2,-2,-2,-2,-2,0.258255693,0.61380081,-2,-2,0.601151316,0.44173913,-2,0.472692308,-2,0.409443916,0.419879518,0.540496183,0.426147694,0.612259131,0.384463488,0.538648148,-2,0.583812155,0.408337522,-2,0.615563819,0.399593407,-2,0.552848494,-2,0.570455192,-2,-2,-2,-2,0.182142857,-2,-2,-2,-2,-2,-2NIC,0.616847438,0.662549351,-2,0.228816147,0.63472489,0.747525183,0.560026042,0.598508087,0.289922481,-2,-2,-2,-2,-2,-2,0.655979269,-2,0.707446506,0.720160702,0.738049617,-2,0.749196856,0.728677573,0.697902098,0.652739225,0.248376623,-2,0.650542005,0.686751107,0.66032809,0.691028544,0.735814536,0.641383406,0.666230867,0.712483995,0.558775907,0.69467175,0.634623519,0.634236897,0.652910548,0.469584215,-2,-2,-2,0.605085557,-2,0.356696428,-2,0.246230159,0.58410533,0.248398526,-2,-2,0.652256945,-2,0.74375,0.190306332,-2,-2,-2,0.343587073,-2,-2,0.646293742,0.496441582,0.248239615,-2,0.272250567,0.245459673,-2,-2,-2,0.24482906,0.246230159,-2,-2,-2,0.506412927,0.587127158,0.599851798,0.598509105,0.628190477,-2,-2,-2,0.242857143,-2,0.332349352,0.432494956,0.540688925,0.396320837,0.525328814,0.545839474,0.317989913,0.486255061,0.568599619,0.419718223,0.393690936,0.487600349,0.496489145,0.416635427,0.563993711,0.460647751,0.479062112,0.397052154,0.487868212,0.344453005,0.421590909,0.350277988,0.386827151,0.603304598,0.362967172,-2,0.406668134,-2,-2,-2,0.401421501,-2,0.544865561,0.473969128,-2,0.291984733,0.258695652,0.329494382,0.589850638,-2,0.288392857,-2,0.38058618,0.336291818,0.394781263,0.408045213,0.327401763,-2,0.556810972,0.656521234,0.317175441,0.329144277,0.302948221,0.407090137,0.420307108,0.63118479,0.385851255,0.319774287,0.421301948,-2,-2,-2,-2,0.359331597,-2,-2,-2,-2,-2,-2,0.257957875,0.632177644,-2,-2,0.64966695,0.409958404,-2,0.442256936,-2,0.383136445,0.389317841,0.518095238,0.393815311,0.616840278,0.367083334,0.519958063,-2,0.569618056,0.356554307,-2,0.609552154,0.396725732,-2,0.627012831,-2,0.656871299,-2,-2,-2,-2,0.204,-2,-2,-2,-2,-2,-2CRI,0.542008026,0.584550375,-2,0.266025499,0.653683775,0.732865215,0.596619048,0.604322581,0.301041667,-2,-2,-2,-2,-2,-2,0.707215566,-2,0.722091688,0.739410627,0.725143429,0.749196856,-2,0.729953352,0.736608583,0.703756584,0.253776978,-2,0.671409574,0.691452922,0.684685214,0.682973401,0.744592075,0.664509163,0.691628894,0.7375,0.497111015,0.637548022,0.554773685,0.566211878,0.587022425,0.418886619,-2,-2,-2,0.586381738,-2,0.282843314,-2,0.266411836,0.54857161,0.266411836,-2,-2,0.602987743,-2,0.694219925,0.247097844,-2,-2,-2,0.368637316,-2,-2,0.624284688,0.516762079,0.268547445,-2,0.2879006,0.26561151,-2,-2,-2,0.262418946,0.264024195,-2,-2,-2,0.472040318,0.544984107,0.555247406,0.551967897,0.573400763,-2,-2,-2,0.218939394,-2,0.354372663,0.450893142,0.547016242,0.3964488,0.525320513,0.553213512,0.338088608,0.486938151,0.571234144,0.468420347,0.400546956,0.505114942,0.48271387,0.431113787,0.554283217,0.498501601,0.503114205,0.403868391,0.496507367,0.387908509,0.415648935,0.377428481,0.40828125,0.578871632,0.372383112,-2,0.43188848,-2,-2,-2,0.395350507,-2,0.530054389,0.385244004,-2,0.293452381,0.227325581,0.2921875,0.563571429,-2,0.2975,-2,0.397521287,0.348989046,0.406575145,0.421133853,0.335755607,-2,0.580587669,0.623336062,0.358888889,0.353077997,0.339952915,0.438318917,0.434739371,0.627986993,0.413414634,0.329390734,0.436958875,-2,-2,-2,-2,0.394546266,-2,-2,-2,-2,-2,-2,0.281271186,0.656903009,-2,-2,0.614898813,0.439924182,-2,0.457995074,-2,0.415340909,0.44296875,0.552154472,0.43375731,0.63651636,0.382317073,0.568684873,-2,0.603849879,0.410083814,-2,0.630584076,0.394428376,-2,0.54769216,-2,0.584509904,-2,-2,-2,-2,0.20131579,-2,-2,-2,-2,-2,-2PAN,0.51675987,0.564595928,-2,0.282882405,0.645908616,0.703394706,0.574286244,0.598115868,0.299828767,-2,-2,-2,-2,-2,-2,0.671151027,-2,0.690445159,0.711004189,0.717193469,0.728677573,0.729953352,-2,0.717750481,0.663983095,0.268678161,-2,0.673382676,0.697467601,0.655815253,0.690733871,0.738001029,0.665254574,0.674137554,0.715737846,0.468480064,0.62295308,0.531658423,0.536401113,0.557826026,0.416356468,-2,-2,-2,0.588689546,-2,0.280905578,-2,0.294445933,0.545479473,0.292505293,-2,-2,0.552227557,-2,0.705465587,0.25656009,-2,-2,-2,0.402766908,-2,-2,0.583216932,0.517193481,0.294447904,-2,0.316718774,0.288624015,-2,-2,-2,0.287475655,0.288624015,-2,-2,-2,0.481046589,0.54397709,0.551185163,0.550383981,0.562039947,-2,-2,-2,0.266860465,-2,0.398831775,0.485241279,0.561405835,0.43433496,0.549448718,0.57289665,0.366838828,0.521881721,0.597916555,0.490565028,0.434200591,0.555130215,0.523150776,0.473571428,0.570198311,0.517714497,0.525410136,0.455849189,0.537611246,0.446683673,0.491442619,0.402446934,0.435916349,0.600751879,0.418625,-2,0.465830429,-2,-2,-2,0.454124366,-2,0.56375,0.383714095,-2,0.318046358,0.247193878,0.325970874,0.577869928,-2,0.301717557,-2,0.444905855,0.395642413,0.440396945,0.448681787,0.383901869,-2,0.604229798,0.600453414,0.390216674,0.39503118,0.372968581,0.47686563,0.468524375,0.616738506,0.449823383,0.381976661,0.509543011,-2,-2,-2,-2,0.422121443,-2,-2,-2,-2,-2,-2,0.301175956,0.613874203,-2,-2,0.598040849,0.463355582,-2,0.494448066,-2,0.448203403,0.455670103,0.534863945,0.440195347,0.63869382,0.412557578,0.558339188,-2,0.610047636,0.45419079,-2,0.636365521,0.442479385,-2,0.523860258,-2,0.565029591,-2,-2,-2,-2,0.2125,-2,-2,-2,-2,-2,-2COL,0.497827308,0.539900153,-2,0.281210595,0.649696094,0.719088132,0.584263393,0.600186012,0.287993421,-2,-2,-2,-2,-2,-2,0.694003388,-2,0.714023683,0.726792339,0.702513112,0.697902098,0.736608583,0.717750481,-2,0.727258687,0.284116022,-2,0.678536138,0.735402666,0.667002093,0.707779704,0.742061203,0.676591107,0.717115474,0.736440961,0.455509111,0.623903441,0.523987845,0.523681682,0.541889186,0.402598046,-2,-2,-2,0.593983558,-2,0.294005102,-2,0.30632188,0.538671108,0.304474054,-2,-2,0.545164225,-2,0.697613154,0.25050813,-2,-2,-2,0.40435566,-2,-2,0.597544813,0.530042952,0.308344619,-2,0.32480014,0.303690127,-2,-2,-2,0.301553036,0.302626227,-2,-2,-2,0.460957838,0.533097826,0.537816193,0.541113396,0.56319832,-2,-2,-2,0.251136364,-2,0.412179877,0.479432446,0.546247009,0.436805556,0.538782971,0.555394518,0.368704213,0.512621753,0.574770435,0.487031558,0.428281465,0.511361307,0.512174398,0.454499386,0.549790529,0.504768529,0.515315214,0.434957343,0.531470004,0.430654762,0.46888073,0.40202112,0.452287531,0.571683803,0.408537307,-2,0.47891867,-2,-2,-2,0.449757281,-2,0.506417377,0.362396577,-2,0.3145,0.241666667,0.32184466,0.578472222,-2,0.331628788,-2,0.437765077,0.403045809,0.436461683,0.436226333,0.379024773,-2,0.599124877,0.615312088,0.389391892,0.391886211,0.383395894,0.467998634,0.467244745,0.617310823,0.443426932,0.387476317,0.486750967,-2,-2,-2,-2,0.41384896,-2,-2,-2,-2,-2,-2,0.315213534,0.61763587,-2,-2,0.615345956,0.451568742,-2,0.494378241,-2,0.463735795,0.465865385,0.529833333,0.454390493,0.641808687,0.424873512,0.599854936,-2,0.608814011,0.451001724,-2,0.633148668,0.42356764,-2,0.503125292,-2,0.562304497,-2,-2,-2,-2,0.269166667,-2,-2,-2,-2,-2,-2VEN,0.452871763,0.508781015,-2,0.303438795,0.67386417,0.68,0.606213269,0.611396475,0.30610119,-2,-2,-2,-2,-2,-2,0.703157582,-2,0.6871036,0.702830083,0.677747253,0.652739225,0.703756584,0.663983095,0.727258687,-2,0.291919192,-2,0.695355903,0.713377146,0.656332535,0.713424947,0.702413092,0.686480238,0.716696859,0.723963544,0.43347015,0.595431198,0.495232901,0.492621457,0.506537718,0.381209249,-2,-2,-2,0.543553802,-2,0.256967593,-2,0.328533512,0.527603258,0.323473988,-2,-2,0.526850712,-2,0.672527473,0.266397562,-2,-2,-2,0.423430884,-2,-2,0.588963636,0.564415957,0.327361955,-2,0.349380869,0.324420566,-2,-2,-2,0.324213095,0.325160496,-2,-2,-2,0.461064922,0.508763227,0.505818078,0.510621345,0.538670065,-2,-2,-2,0.260483871,-2,0.410642152,0.494418331,0.563176576,0.442313664,0.572251208,0.565746753,0.378409091,0.545668476,0.579820076,0.506019561,0.464055973,0.543306122,0.549773986,0.489036538,0.53667895,0.53905517,0.544859564,0.451919322,0.538653484,0.430691964,0.480517071,0.436359447,0.469849814,0.573920077,0.424329159,-2,0.479466953,-2,-2,-2,0.457890821,-2,0.498198806,0.339874353,-2,0.287816456,0.230045872,0.28960177,0.582808881,-2,0.324652778,-2,0.44788672,0.419614159,0.471006882,0.459764686,0.40897399,-2,0.620362903,0.612582345,0.407380285,0.396602419,0.384141745,0.48489899,0.476528114,0.61879477,0.441505868,0.377100816,0.479042764,-2,-2,-2,-2,0.431208378,-2,-2,-2,-2,-2,-2,0.332070619,0.610515873,-2,-2,0.595787626,0.479376567,-2,0.496308472,-2,0.484452415,0.483184645,0.54504386,0.470505285,0.654142105,0.434907935,0.631512356,-2,0.611642105,0.465652174,-2,0.659986773,0.454286464,-2,0.455365972,-2,0.499880492,-2,-2,-2,-2,0.240833333,-2,-2,-2,-2,-2,-2GUY,0.136683417,0.176375,-2,0.17341954,0.299177631,0.273214286,0.350129534,0.358030303,0.300811688,-2,-2,-2,-2,-2,-2,0.281186869,-2,0.274043716,0.276627219,0.23125,0.248376623,0.253776978,0.268678161,0.284116022,0.291919192,-2,-2,0.303184713,0.296565934,0.241923077,0.282436709,0.267774566,0.2975,0.259722222,0.270454545,0.148969072,0.237309645,0.1785,0.168274112,0.162568306,0.145959596,-2,-2,-2,0.240314136,-2,0.116340782,-2,0.202889447,0.209296483,0.19861809,-2,-2,0.171717172,-2,0.250903615,0.135507247,-2,-2,-2,0.251136364,-2,-2,0.26751269,0.287903226,0.19861809,-2,0.215703517,0.19975,-2,-2,-2,0.19861809,0.19861809,-2,-2,-2,0.179060914,0.192211055,0.176375,0.181532663,0.2125,-2,-2,-2,0.296067416,-2,0.252820513,0.289664805,0.285775862,0.241888298,0.308866279,0.277884615,0.235310734,0.27746114,0.300128866,0.323177083,0.292729592,0.297279793,0.293717277,0.276692708,0.27625,0.288722826,0.297988506,0.232601351,0.321621622,0.263315217,0.287760417,0.253238342,0.270879121,0.286571428,0.264714286,-2,0.278974359,-2,-2,-2,0.262083333,-2,0.161452514,0.106935484,-2,0.270766129,0.219354839,0.241743119,0.291622341,-2,0.304014598,-2,0.280319149,0.245939086,0.271231156,0.262431694,0.244430052,-2,0.27755102,0.261375,0.250130208,0.2390625,0.239467005,0.256920904,0.25984456,0.263717949,0.269398907,0.241810345,0.273773006,-2,-2,-2,-2,0.255440414,-2,-2,-2,-2,-2,-2,0.201658163,0.249874372,-2,-2,0.228517588,0.247738694,-2,0.244148936,-2,0.273378378,0.255477528,0.285714286,0.267934783,0.295558376,0.258566433,0.316220238,-2,0.291243655,0.271081081,-2,0.296859296,0.288552631,-2,0.143090452,-2,0.16575,-2,-2,-2,-2,0.269166667,-2,-2,-2,-2,-2,-2SUR,-2,-2,-2,-2,-2,-2,-2,-2,-2,-2,-2,-2,-2,-2,-2,-2,-2,-2,-2,-2,-2,-2,-2,-2,-2,-2,-2,-2,-2,-2,-2,-2,-2,-2,-2,-2,-2,-2,-2,-2,-2,-2,-2,-2,-2,-2,-2,-2,-2,-2,-2,-2,-2,-2,-2,-2,-2,-2,-2,-2,-2,-2,-2,-2,-2,-2,-2,-2,-2,-2,-2,-2,-2,-2,-2,-2,-2,-2,-2,-2,-2,-2,-2,-2,-2,-2,-2,-2,-2,-2,-2,-2,-2,-2,-2,-2,-2,-2,-2,-2,-2,-2,-2,-2,-2,-2,-2,-2,-2,-2,-2,-2,-2,-2,-2,-2,-2,-2,-2,-2,-2,-2,-2,-2,-2,-2,-2,-2,-2,-2,-2,-2,-2,-2,-2,-2,-2,-2,-2,-2,-2,-2,-2,-2,-2,-2,-2,-2,-2,-2,-2,-2,-2,-2,-2,-2,-2,-2,-2,-2,-2,-2,-2,-2,-2,-2,-2,-2,-2,-2,-2,-2,-2,-2,-2,-2,-2,-2,-2,-2,-2,-2,-2,-2,-2,-2,-2,-2,-2,-2,-2,-2,-2,-2ECU,0.441766896,0.516000666,-2,0.315670719,0.666565846,0.678987185,0.6501716,0.68125,0.299431818,-2,-2,-2,-2,-2,-2,0.700997921,-2,0.694037291,0.688537654,0.677324098,0.650542005,0.671409574,0.673382676,0.678536138,0.695355903,0.303184713,-2,-2,0.678962186,0.652483511,0.701319317,0.673286576,0.684063277,0.635195475,0.708816518,0.418009869,0.568177893,0.497236913,0.46744152,0.478083725,0.339953399,-2,-2,-2,0.526419124,-2,0.252616958,-2,0.336773664,0.521505556,0.332392221,-2,-2,0.502272727,-2,0.570601852,0.280115958,-2,-2,-2,0.452997779,-2,-2,0.562803819,0.584239048,0.332264286,-2,0.353730419,0.331381119,-2,-2,-2,0.329009656,0.3302015,-2,-2,-2,0.427674825,0.487273111,0.485042735,0.488244559,0.514690185,-2,-2,-2,0.337820513,-2,0.425046069,0.505393374,0.581811986,0.480627114,0.546233974,0.563836164,0.433263707,0.541666667,0.600820652,0.49049436,0.486461715,0.551344645,0.559510718,0.494112205,0.543601546,0.531748826,0.547361946,0.505868056,0.546416261,0.496696898,0.547201537,0.4675,0.508948864,0.647581759,0.483282851,-2,0.476661098,-2,-2,-2,0.547156433,-2,0.537221231,0.31633299,-2,0.2686,0.23974359,0.28,0.56069675,-2,0.313963964,-2,0.470349617,0.457165816,0.493714204,0.499756204,0.455323368,-2,0.633810663,0.586282052,0.43425926,0.431722424,0.421384283,0.518276316,0.499087838,0.612338735,0.458911387,0.429293327,0.528871154,-2,-2,-2,-2,0.428377193,-2,-2,-2,-2,-2,-2,0.341390469,0.590899123,-2,-2,0.546826885,0.504553265,-2,0.512836217,-2,0.498262718,0.49099511,0.573289862,0.498548341,0.632725695,0.458478441,0.616288229,-2,0.606374269,0.468153846,-2,0.64330399,0.469805934,-2,0.439623778,-2,0.48258658,-2,-2,-2,-2,0.255,-2,-2,-2,-2,-2,-2PER,0.476481669,0.518728547,-2,0.282678648,0.652901985,0.710228761,0.587788461,0.595123618,0.293827161,-2,-2,-2,-2,-2,-2,0.666746932,-2,0.675835398,0.708275594,0.686060606,0.686751107,0.691452922,0.697467601,0.735402666,0.713377146,0.296565934,-2,0.678962186,-2,0.647821191,0.704650668,0.719007373,0.669533863,0.683746981,0.698305084,0.452145966,0.589294695,0.502911918,0.516452518,0.524998044,0.387852117,-2,-2,-2,0.583697263,-2,0.30225,-2,0.296659524,0.529998444,0.298531771,-2,-2,0.526569383,-2,0.689197313,0.245260417,-2,-2,-2,0.397773182,-2,-2,0.594665683,0.517256702,0.302279918,-2,0.327543383,0.293990751,-2,-2,-2,0.294787277,0.294787277,-2,-2,-2,0.442964976,0.513026287,0.509278832,0.518049638,0.534728768,-2,-2,-2,0.27554945,-2,0.405195713,0.468044647,0.525513201,0.452546296,0.553952411,0.561285698,0.36722827,0.512995862,0.550507135,0.46969246,0.434203297,0.513232981,0.539599262,0.459846768,0.543998566,0.525128041,0.52945056,0.423665286,0.519776995,0.423973194,0.496362279,0.401971969,0.464621235,0.579614115,0.413467337,-2,0.48415751,-2,-2,-2,0.44309822,-2,0.480708104,0.373761546,-2,0.294006849,0.243446602,0.2975,0.563863364,-2,0.343617021,-2,0.442501219,0.415240741,0.43122002,0.448641261,0.401545302,-2,0.601158997,0.612530123,0.397859538,0.38577342,0.385090825,0.481629834,0.483410368,0.569608902,0.446224669,0.380164804,0.500271653,-2,-2,-2,-2,0.405565698,-2,-2,-2,-2,-2,-2,0.309483171,0.592360338,-2,-2,0.569631057,0.454730869,-2,0.483906416,-2,0.463702414,0.46164509,0.538333333,0.482695531,0.620194507,0.412192086,0.57983749,-2,0.599591373,0.473897662,-2,0.652714576,0.42100939,-2,0.48275474,-2,0.525657895,-2,-2,-2,-2,0.242857143,-2,-2,-2,-2,-2,-2BRA,0.48942156,0.554182292,-2,0.252538894,0.615471907,0.647871683,0.563408311,0.569784689,0.250306748,-2,-2,-2,-2,-2,-2,0.654872845,-2,0.636488604,0.667539479,0.649339695,0.66032809,0.684685214,0.655815253,0.667002093,0.656332535,0.241923077,-2,0.652483511,0.647821191,-2,0.659930289,0.685044642,0.626747189,0.674942013,0.682020391,0.477522068,0.616343166,0.544301042,0.535344606,0.552740617,0.409914744,-2,-2,-2,0.567381727,-2,0.319026885,-2,0.275172565,0.545304656,0.264931601,-2,-2,0.590015961,-2,0.662603022,0.225089978,-2,-2,-2,0.361664146,-2,-2,0.552419459,0.4