1967,USA,CAN,BHS,CUB,HTI,DOM,JAM,TTO,BRB,DMA,GRD,LCA,VCT,ATG,KNA,MEX,BLZ,GTM,HND,SLV,NIC,CRI,PAN,COL,VEN,GUY,SUR,ECU,PER,BRA,BOL,PRY,CHL,ARG,URY,GBR,IRL,NLD,BEL,LUX,FRA,MCO,LIE,CHE,ESP,AND,PRT,DEU,POL,AUT,HUN,CZE,SVK,ITA,SMR,MLT,ALB,MNE,MKD,HRV,SRB,BIH,SVN,GRC,CYP,BGR,MDA,ROU,RUS,EST,LVA,LTU,UKR,BLR,ARM,GEO,AZE,FIN,SWE,NOR,DNK,ISL,CPV,STP,GNB,GNQ,GMB,MLI,SEN,BEN,MRT,NER,CIV,GIN,BFA,LBR,SLE,GHA,TGO,CMR,NGA,GAB,CAF,TCD,COG,COD,UGA,KEN,TZA,BDI,RWA,SOM,DJI,ETH,ERI,AGO,MOZ,ZMB,ZWE,MWI,ZAF,NAM,LSO,BWA,SWZ,MDG,COM,MUS,SYC,MAR,DZA,TUN,LBY,SDN,SSD,IRN,TUR,IRQ,EGY,SYR,LBN,JOR,ISR,SAU,YEM,KWT,BHR,QAT,ARE,OMN,AFG,TKM,TJK,KGZ,UZB,KAZ,CHN,MNG,TWN,PRK,KOR,JPN,IND,BTN,PAK,BGD,MMR,LKA,MDV,NPL,THA,KHM,LAO,VNM,MYS,SGP,BRN,PHL,IDN,TLS,AUS,PNG,NZL,VUT,SLB,KIR,TUV,FJI,TON,NRU,MHL,PLW,FSM,WSMUSA,-2,0.722117647,-2,0.165333334,0.476567164,0.495707547,0.381829269,0.399813084,0.359821429,-2,-2,-2,-2,-2,-2,0.448458498,-2,0.465,0.5115,0.527837838,0.569387755,0.564269663,0.52472477,0.471038961,0.428095238,0.299095477,-2,0.407474227,0.3769163,0.481807229,0.442857143,0.503920705,0.388770492,0.450238095,0.538421052,0.77376,0.592828685,0.732283465,0.76192771,0.761265823,0.55056,-2,-2,-2,0.438319672,-2,0.477916667,-2,0.164763779,0.582165354,0.157440945,-2,-2,0.683715415,-2,0.708571429,0.064883721,-2,-2,-2,0.21687747,-2,-2,0.479761905,0.315254237,0.164763779,-2,0.175748032,0.160470589,-2,-2,-2,0.158063241,0.161102362,-2,-2,-2,0.498214286,0.593149607,0.62,0.61511811,0.642242153,-2,-2,-2,0.21,0.460485437,0.196585366,0.326103896,0.403274337,0.186,0.381964286,0.416896552,0.176167401,0.345428571,0.453471075,0.298518518,0.30375,0.376518219,0.283209877,0.251557377,0.422295919,0.313974359,0.312743363,0.226476684,0.328235294,0.2034375,0.215822785,0.165668016,0.190043478,0.427633929,0.205270271,-2,0.283855422,-2,-2,-2,0.203056768,-2,0.530263158,0.601492537,-2,0.526415094,0.469266055,0.489910714,0.437875,-2,0.361666667,-2,0.272384937,0.188964143,0.2756917,0.258987342,0.195789474,-2,0.340876494,0.434,0.194385245,0.222145749,0.175542169,0.281066666,0.258122449,0.5325,0.251790393,0.201081081,0.210972222,-2,-2,-2,-2,0.256032389,-2,-2,-2,-2,-2,-2,0.17484,0.497952756,-2,-2,0.593149607,0.25996063,-2,0.239253112,-2,0.243476395,0.224342105,0.372,0.255063291,0.439166666,0.245862069,0.354927536,-2,0.36084,0.264568966,-2,0.435708661,0.288489796,-2,0.820157481,-2,0.784117647,-2,-2,-2,-2,0.403,-2,-2,-2,-2,-2,-2CAN,0.722117647,-2,-2,0.213982301,0.508955224,0.515211267,0.470647773,0.49542056,0.390710059,-2,-2,-2,-2,-2,-2,0.483307086,-2,0.522382979,0.538642534,0.583135135,0.623147208,0.597486034,0.586027397,0.531428571,0.485217391,0.38595,-2,0.476923077,0.452763158,0.5394,0.502464455,0.577665198,0.470693878,0.521976284,0.588864629,0.68448,0.664285714,0.762235294,0.76632,0.773697479,0.585418327,-2,-2,-2,0.501061224,-2,0.411428571,-2,0.222470588,0.718470589,0.215176471,-2,-2,0.746929134,-2,0.655428572,0.129767442,-2,-2,-2,0.289251968,-2,-2,0.551383399,0.398008475,0.222470588,-2,0.269882353,0.21796875,-2,-2,-2,0.216023622,0.21882353,-2,-2,-2,0.613873517,0.722117647,0.744726563,0.744,0.730714286,-2,-2,-2,0.37,0.465,0.267327935,0.388836207,0.430176211,0.258547718,0.413333333,0.455021459,0.236578947,0.366707317,0.493703704,0.37352459,0.369759036,0.4275,0.346844263,0.326448979,0.424873097,0.340340426,0.3769163,0.292422681,0.365774058,0.2604,0.289159664,0.2475,0.265714286,0.467066666,0.296098655,-2,0.35712,-2,-2,-2,0.279,-2,0.580742358,0.458059701,-2,0.56735849,0.511926606,0.592566372,0.478506224,-2,0.423310345,-2,0.34875,0.258333334,0.340511811,0.343865546,0.26625,-2,0.426095618,0.4940625,0.265714286,0.2925,0.24552,0.370353982,0.306219512,0.560240964,0.319434783,0.271076234,0.308571429,-2,-2,-2,-2,0.31875,-2,-2,-2,-2,-2,-2,0.222310757,0.517882353,-2,-2,0.638235294,0.313647059,-2,0.307438016,-2,0.306025641,0.296462882,0.462280701,0.328235294,0.474189723,0.315344828,0.435797102,-2,0.411274901,0.347253219,-2,0.474117647,0.340243903,-2,0.740352941,-2,0.795585938,-2,-2,-2,-2,0.434,-2,-2,-2,-2,-2,-2BHS,-2,-2,-2,-2,-2,-2,-2,-2,-2,-2,-2,-2,-2,-2,-2,-2,-2,-2,-2,-2,-2,-2,-2,-2,-2,-2,-2,-2,-2,-2,-2,-2,-2,-2,-2,-2,-2,-2,-2,-2,-2,-2,-2,-2,-2,-2,-2,-2,-2,-2,-2,-2,-2,-2,-2,-2,-2,-2,-2,-2,-2,-2,-2,-2,-2,-2,-2,-2,-2,-2,-2,-2,-2,-2,-2,-2,-2,-2,-2,-2,-2,-2,-2,-2,-2,-2,-2,-2,-2,-2,-2,-2,-2,-2,-2,-2,-2,-2,-2,-2,-2,-2,-2,-2,-2,-2,-2,-2,-2,-2,-2,-2,-2,-2,-2,-2,-2,-2,-2,-2,-2,-2,-2,-2,-2,-2,-2,-2,-2,-2,-2,-2,-2,-2,-2,-2,-2,-2,-2,-2,-2,-2,-2,-2,-2,-2,-2,-2,-2,-2,-2,-2,-2,-2,-2,-2,-2,-2,-2,-2,-2,-2,-2,-2,-2,-2,-2,-2,-2,-2,-2,-2,-2,-2,-2,-2,-2,-2,-2,-2,-2,-2,-2,-2,-2,-2,-2,-2,-2,-2,-2,-2,-2,-2CUB,0.165333334,0.213982301,-2,-2,0.351333334,0.375957447,0.36520548,0.356918919,0.343972603,-2,-2,-2,-2,-2,-2,0.373660714,-2,0.389714286,0.367230769,0.286603774,0.313315508,0.321272727,0.362461539,0.368405797,0.380266667,0.379482759,-2,0.408554913,0.390146341,0.286153846,0.313369565,0.33015,0.45,0.362825112,0.344278846,0.190227273,0.283587444,0.1984,0.186,0.202748815,0.294570135,-2,-2,-2,0.448090909,-2,0.096875,-2,0.7564,0.218097345,0.7688,-2,-2,0.199285714,-2,0.112727273,0.907037037,-2,-2,-2,0.714107143,-2,-2,0.366995516,0.487572816,0.772933333,-2,0.727466666,0.765398231,-2,-2,-2,0.759776786,0.764666666,-2,-2,-2,0.283587444,0.281066666,0.267477876,0.281066666,0.23604061,-2,-2,-2,0.5704,0.356969697,0.708165138,0.515147059,0.430640394,0.744881516,0.451188119,0.426811594,0.751515151,0.512361111,0.38859155,0.456388889,0.490363636,0.445890411,0.50411215,0.592981651,0.392666666,0.449275362,0.471804878,0.723333334,0.456142857,0.6231,0.541009615,0.676363636,0.635121951,0.46969697,0.629538462,-2,0.561351352,-2,-2,-2,0.66815534,-2,0.297783251,0.140581396,-2,0.293013698,0.234848485,0.294183674,0.373738318,-2,0.385609756,-2,0.562428572,0.746502242,0.518973214,0.606901409,0.706968325,-2,0.462914799,0.419734514,0.712431193,0.720963303,0.754054054,0.543267327,0.595714285,0.330945946,0.600147783,0.710351758,0.5952,-2,-2,-2,-2,0.581780822,-2,-2,-2,-2,-2,-2,0.779189189,0.370353982,-2,-2,0.268666667,0.596681416,-2,0.60406542,-2,0.553571428,0.593910891,0.380738255,0.491826923,0.400358745,0.66254902,0.408791209,-2,0.421210762,0.492087379,-2,0.462933334,0.576944444,-2,0.181866667,-2,0.209867257,-2,-2,-2,-2,0.431785714,-2,-2,-2,-2,-2,-2HTI,0.476567164,0.508955224,-2,0.351333334,-2,0.759408284,0.67377551,0.659651163,0.663255814,-2,-2,-2,-2,-2,-2,0.729045226,-2,0.764450262,0.730714286,0.751390729,0.737195122,0.732913907,0.734751382,0.742072539,0.772686567,0.654671052,-2,0.748679246,0.725084746,0.643484849,0.712814371,0.71117647,0.696307693,0.710351758,0.763206522,0.434623115,0.646751269,0.4929,0.500050251,0.512245989,0.393826531,-2,-2,-2,0.643846154,-2,0.253136095,-2,0.39525,0.51615,0.38595,-2,-2,0.54405,-2,0.566086956,0.288169014,-2,-2,-2,0.527462686,-2,-2,0.662272727,0.628115183,0.3813,-2,0.46035,0.379402985,-2,-2,-2,0.378542714,0.3813,-2,-2,-2,0.418030303,0.47895,0.471940299,0.465,0.529137931,-2,-2,-2,0.573287671,0.694698795,0.51828125,0.609836066,0.717717391,0.516666667,0.689835165,0.661443851,0.475333333,0.656752577,0.6878125,0.600923077,0.568333333,0.692755102,0.61515625,0.543692308,0.656134969,0.606521739,0.65854054,0.4824375,0.679047619,0.506797753,0.537891892,0.503350515,0.540815217,0.708068181,0.537333334,-2,0.621557789,-2,-2,-2,0.513812155,-2,0.44,0.317848101,-2,0.660229008,0.528409091,0.601097561,0.73140625,-2,0.695327102,-2,0.554042553,0.511969697,0.5487,0.539202128,0.493181818,-2,0.6789,0.703283582,0.520414508,0.50814433,0.472153846,0.568333333,0.572307692,0.679796954,0.560055249,0.481034482,0.503294118,-2,-2,-2,-2,0.529384615,-2,-2,-2,-2,-2,-2,0.389848485,0.666268656,-2,-2,0.596865672,0.5487,-2,0.539202128,-2,0.583135135,0.545530726,0.640666667,0.580051546,0.704545455,0.573829788,0.696107784,-2,0.672964824,0.53576087,-2,0.721791045,0.6103125,-2,0.4557,-2,0.495074626,-2,-2,-2,-2,0.5425,-2,-2,-2,-2,-2,-2DOM,0.495707547,0.515211267,-2,0.375957447,0.759408284,-2,0.630432692,0.594166667,0.628551724,-2,-2,-2,-2,-2,-2,0.740473934,-2,0.781391753,0.76180851,0.772075471,0.791607143,0.799681528,0.785775401,0.798534031,0.744,0.597857143,-2,0.7498125,0.74109375,0.66173077,0.725084746,0.776648936,0.710098522,0.739571428,0.781595745,0.453768116,0.622966507,0.513254717,0.493649289,0.51615,0.378229665,-2,-2,-2,0.649158416,-2,0.254581006,-2,0.399198113,0.513254717,0.394811321,-2,-2,0.522028302,-2,0.687391305,0.322916666,-2,-2,-2,0.52450237,-2,-2,0.628857143,0.626231156,0.399198113,-2,0.451839623,0.38859155,-2,-2,-2,0.383459716,0.386037736,-2,-2,-2,0.456142857,0.513254717,0.497746479,0.50009434,0.546190476,-2,-2,-2,0.565063291,0.642962963,0.505631068,0.559897959,0.666340206,0.487572816,0.655,0.708121828,0.477046632,0.612439024,0.705362319,0.561594203,0.549951923,0.662341463,0.597536232,0.548926829,0.659454545,0.58538071,0.613507854,0.436646341,0.681386138,0.487379679,0.5115,0.485217391,0.495685279,0.713939394,0.520994764,-2,0.568578199,-2,-2,-2,0.52796875,-2,0.50814433,0.368597561,-2,0.651678832,0.489473684,0.64,0.703283582,-2,0.699421488,-2,0.563636364,0.478285714,0.530801887,0.536173469,0.48735577,-2,0.649665071,0.672394366,0.515147059,0.507272727,0.476018957,0.588670212,0.567073171,0.664927536,0.58484536,0.487142857,0.530677966,-2,-2,-2,-2,0.573349514,-2,-2,-2,-2,-2,-2,0.418720379,0.66240566,-2,-2,0.579056603,0.530801887,-2,0.551617647,-2,0.52523316,0.563782384,0.630402685,0.57195,0.6975,0.559256756,0.654244186,-2,0.642142857,0.530051814,-2,0.71504717,0.600147783,-2,0.50009434,-2,0.537042254,-2,-2,-2,-2,0.6045,-2,-2,-2,-2,-2,-2JAM,0.381829269,0.470647773,-2,0.36520548,0.67377551,0.630432692,-2,0.786231884,0.748536586,-2,-2,-2,-2,-2,-2,0.690857143,-2,0.674148472,0.612857143,0.58125,0.60546875,0.658971429,0.65316279,0.676741071,0.686065574,0.766165803,-2,0.693809524,0.681719457,0.618719008,0.66173077,0.656470588,0.67886076,0.598401639,0.663681819,0.389751037,0.597037037,0.468780488,0.43219917,0.428608695,0.334338843,-2,-2,-2,0.537594937,-2,0.245913462,-2,0.404512196,0.506585366,0.393170732,-2,-2,0.444122449,-2,0.58125,0.336144578,-2,-2,-2,0.527632653,-2,-2,0.590778689,0.671894273,0.393170732,-2,0.449878048,0.391578948,-2,-2,-2,0.390979592,0.393170732,-2,-2,-2,0.434756098,0.487682927,0.459352227,0.465,0.513835617,-2,-2,-2,0.585168539,0.6417,0.50585774,0.6324,0.643526786,0.494680851,0.676363636,0.683097345,0.477567568,0.617394958,0.693559322,0.662033899,0.631625,0.65875,0.646271186,0.587161017,0.598900524,0.596986899,0.634090909,0.469946809,0.690515021,0.528990825,0.598434783,0.520954357,0.535580357,0.639908256,0.538194445,-2,0.634090909,-2,-2,-2,0.530226245,-2,0.416606335,0.246734693,-2,0.678,0.505631068,0.591028038,0.673448276,-2,0.695874126,-2,0.59987013,0.501358025,0.618734693,0.566086956,0.50375,-2,0.667008197,0.632550607,0.517531381,0.517531381,0.474647303,0.591818181,0.558781512,0.61225,0.563004484,0.492857143,0.577393365,-2,-2,-2,-2,0.583682009,-2,-2,-2,-2,-2,-2,0.402367347,0.616219512,-2,-2,0.578414635,0.589756097,-2,0.576282052,-2,0.609026549,0.56972973,0.673832335,0.598434783,0.6975,0.555798816,0.6975,-2,0.665925926,0.62960177,-2,0.691829268,0.627848101,-2,0.393170732,-2,0.444291498,-2,-2,-2,-2,0.589,-2,-2,-2,-2,-2,-2TTO,0.399813084,0.49542056,-2,0.356918919,0.659651163,0.594166667,0.786231884,-2,0.707054795,-2,-2,-2,-2,-2,-2,0.672394366,-2,0.658153846,0.62984127,0.587368421,0.633312883,0.6324,0.692553191,0.6490625,0.66240566,0.783454545,-2,0.71117647,0.671937173,0.600717703,0.695,0.637853403,0.675951219,0.609764151,0.68631016,0.418277512,0.592216981,0.502112676,0.44745283,0.446020408,0.364880383,-2,-2,-2,0.556176471,-2,0.271685393,-2,0.410422535,0.537042254,0.397323944,-2,-2,0.469386792,-2,0.567789474,0.366760563,-2,-2,-2,0.543962264,-2,-2,0.643507109,0.666268656,0.401690141,-2,0.471549296,0.399813084,-2,-2,-2,0.394811321,0.397323944,-2,-2,-2,0.440985916,0.48028169,0.469345794,0.475915493,0.545869565,-2,-2,-2,0.654065934,0.640945946,0.523125,0.616787565,0.646105263,0.504328358,0.681675392,0.655336787,0.50375,0.627524272,0.688382353,0.642794118,0.666201923,0.680813397,0.62,0.62,0.600379747,0.621581633,0.636315789,0.516666667,0.650097087,0.558,0.5859,0.519174757,0.55335,0.662198953,0.573829788,-2,0.58291866,-2,-2,-2,0.564816754,-2,0.448134715,0.295909091,-2,0.669318182,0.59082353,0.646956522,0.682610838,-2,0.651,-2,0.602864322,0.533317536,0.624366197,0.590101522,0.536538462,-2,0.642142857,0.625794392,0.514660194,0.532718447,0.480574162,0.58609375,0.557101449,0.633478261,0.578238342,0.525652174,0.616516854,-2,-2,-2,-2,0.550776699,-2,-2,-2,-2,-2,-2,0.400478469,0.585070422,-2,-2,0.558873239,0.563239437,-2,0.561683168,-2,0.538923076,0.547614213,0.657515923,0.543267327,0.665545023,0.517350994,0.65201087,-2,0.654114832,0.591384615,-2,0.677943926,0.644195122,-2,0.401690141,-2,0.438925234,-2,-2,-2,-2,0.507272727,-2,-2,-2,-2,-2,-2BRB,0.359821429,0.390710059,-2,0.343972603,0.663255814,0.628551724,0.748536586,0.707054795,-2,-2,-2,-2,-2,-2,-2,0.686428571,-2,0.652207792,0.628211921,0.627948718,0.634418605,0.65875,0.65609589,0.630197368,0.669821428,0.658246753,-2,0.655227273,0.642962963,0.547730061,0.596335878,0.62,0.594968944,0.56245509,0.638979592,0.34803681,0.553571428,0.415178571,0.405092024,0.412025317,0.302530121,-2,-2,-2,0.484969325,-2,0.26745098,-2,0.359821429,0.448392857,0.343214286,-2,-2,0.396213018,-2,0.560735294,0.237906976,-2,-2,-2,0.517904192,-2,-2,0.559107143,0.582,0.359821429,-2,0.401715977,0.34668639,-2,-2,-2,0.34875,0.34875,-2,-2,-2,0.400958084,0.440236686,0.396213018,0.415178571,0.40893617,-2,-2,-2,0.551511628,0.5952,0.504216868,0.566622516,0.630197368,0.490993789,0.630839161,0.62205298,0.458881579,0.584085365,0.67583851,0.656134969,0.589756097,0.669146341,0.62962733,0.5405625,0.629538462,0.559177215,0.651,0.4425,0.659240506,0.532228916,0.573207547,0.524907976,0.497169811,0.651632653,0.530536913,-2,0.595868264,-2,-2,-2,0.531428571,-2,0.403815789,0.227007874,-2,0.51764151,0.403373494,0.554042553,0.68278481,-2,0.6675,-2,0.60245283,0.487409639,0.572307692,0.538421052,0.487409639,-2,0.595868264,0.588816568,0.493353659,0.515421686,0.465,0.554304636,0.535454546,0.62,0.562894737,0.501710526,0.552608696,-2,-2,-2,-2,0.599079754,-2,-2,-2,-2,-2,-2,0.36754491,0.597857143,-2,-2,0.531428571,0.58125,-2,0.577639751,-2,0.608076923,0.555503355,0.587830189,0.578269231,0.703035714,0.538016529,0.628732394,-2,0.653214285,0.649807693,-2,0.687869822,0.623850931,-2,0.359821429,-2,0.412721893,-2,-2,-2,-2,0.422727273,-2,-2,-2,-2,-2,-2DMA,-2,-2,-2,-2,-2,-2,-2,-2,-2,-2,-2,-2,-2,-2,-2,-2,-2,-2,-2,-2,-2,-2,-2,-2,-2,-2,-2,-2,-2,-2,-2,-2,-2,-2,-2,-2,-2,-2,-2,-2,-2,-2,-2,-2,-2,-2,-2,-2,-2,-2,-2,-2,-2,-2,-2,-2,-2,-2,-2,-2,-2,-2,-2,-2,-2,-2,-2,-2,-2,-2,-2,-2,-2,-2,-2,-2,-2,-2,-2,-2,-2,-2,-2,-2,-2,-2,-2,-2,-2,-2,-2,-2,-2,-2,-2,-2,-2,-2,-2,-2,-2,-2,-2,-2,-2,-2,-2,-2,-2,-2,-2,-2,-2,-2,-2,-2,-2,-2,-2,-2,-2,-2,-2,-2,-2,-2,-2,-2,-2,-2,-2,-2,-2,-2,-2,-2,-2,-2,-2,-2,-2,-2,-2,-2,-2,-2,-2,-2,-2,-2,-2,-2,-2,-2,-2,-2,-2,-2,-2,-2,-2,-2,-2,-2,-2,-2,-2,-2,-2,-2,-2,-2,-2,-2,-2,-2,-2,-2,-2,-2,-2,-2,-2,-2,-2,-2,-2,-2,-2,-2,-2,-2,-2,-2GRD,-2,-2,-2,-2,-2,-2,-2,-2,-2,-2,-2,-2,-2,-2,-2,-2,-2,-2,-2,-2,-2,-2,-2,-2,-2,-2,-2,-2,-2,-2,-2,-2,-2,-2,-2,-2,-2,-2,-2,-2,-2,-2,-2,-2,-2,-2,-2,-2,-2,-2,-2,-2,-2,-2,-2,-2,-2,-2,-2,-2,-2,-2,-2,-2,-2,-2,-2,-2,-2,-2,-2,-2,-2,-2,-2,-2,-2,-2,-2,-2,-2,-2,-2,-2,-2,-2,-2,-2,-2,-2,-2,-2,-2,-2,-2,-2,-2,-2,-2,-2,-2,-2,-2,-2,-2,-2,-2,-2,-2,-2,-2,-2,-2,-2,-2,-2,-2,-2,-2,-2,-2,-2,-2,-2,-2,-2,-2,-2,-2,-2,-2,-2,-2,-2,-2,-2,-2,-2,-2,-2,-2,-2,-2,-2,-2,-2,-2,-2,-2,-2,-2,-2,-2,-2,-2,-2,-2,-2,-2,-2,-2,-2,-2,-2,-2,-2,-2,-2,-2,-2,-2,-2,-2,-2,-2,-2,-2,-2,-2,-2,-2,-2,-2,-2,-2,-2,-2,-2,-2,-2,-2,-2,-2,-2LCA,-2,-2,-2,-2,-2,-2,-2,-2,-2,-2,-2,-2,-2,-2,-2,-2,-2,-2,-2,-2,-2,-2,-2,-2,-2,-2,-2,-2,-2,-2,-2,-2,-2,-2,-2,-2,-2,-2,-2,-2,-2,-2,-2,-2,-2,-2,-2,-2,-2,-2,-2,-2,-2,-2,-2,-2,-2,-2,-2,-2,-2,-2,-2,-2,-2,-2,-2,-2,-2,-2,-2,-2,-2,-2,-2,-2,-2,-2,-2,-2,-2,-2,-2,-2,-2,-2,-2,-2,-2,-2,-2,-2,-2,-2,-2,-2,-2,-2,-2,-2,-2,-2,-2,-2,-2,-2,-2,-2,-2,-2,-2,-2,-2,-2,-2,-2,-2,-2,-2,-2,-2,-2,-2,-2,-2,-2,-2,-2,-2,-2,-2,-2,-2,-2,-2,-2,-2,-2,-2,-2,-2,-2,-2,-2,-2,-2,-2,-2,-2,-2,-2,-2,-2,-2,-2,-2,-2,-2,-2,-2,-2,-2,-2,-2,-2,-2,-2,-2,-2,-2,-2,-2,-2,-2,-2,-2,-2,-2,-2,-2,-2,-2,-2,-2,-2,-2,-2,-2,-2,-2,-2,-2,-2,-2VCT,-2,-2,-2,-2,-2,-2,-2,-2,-2,-2,-2,-2,-2,-2,-2,-2,-2,-2,-2,-2,-2,-2,-2,-2,-2,-2,-2,-2,-2,-2,-2,-2,-2,-2,-2,-2,-2,-2,-2,-2,-2,-2,-2,-2,-2,-2,-2,-2,-2,-2,-2,-2,-2,-2,-2,-2,-2,-2,-2,-2,-2,-2,-2,-2,-2,-2,-2,-2,-2,-2,-2,-2,-2,-2,-2,-2,-2,-2,-2,-2,-2,-2,-2,-2,-2,-2,-2,-2,-2,-2,-2,-2,-2,-2,-2,-2,-2,-2,-2,-2,-2,-2,-2,-2,-2,-2,-2,-2,-2,-2,-2,-2,-2,-2,-2,-2,-2,-2,-2,-2,-2,-2,-2,-2,-2,-2,-2,-2,-2,-2,-2,-2,-2,-2,-2,-2,-2,-2,-2,-2,-2,-2,-2,-2,-2,-2,-2,-2,-2,-2,-2,-2,-2,-2,-2,-2,-2,-2,-2,-2,-2,-2,-2,-2,-2,-2,-2,-2,-2,-2,-2,-2,-2,-2,-2,-2,-2,-2,-2,-2,-2,-2,-2,-2,-2,-2,-2,-2,-2,-2,-2,-2,-2,-2ATG,-2,-2,-2,-2,-2,-2,-2,-2,-2,-2,-2,-2,-2,-2,-2,-2,-2,-2,-2,-2,-2,-2,-2,-2,-2,-2,-2,-2,-2,-2,-2,-2,-2,-2,-2,-2,-2,-2,-2,-2,-2,-2,-2,-2,-2,-2,-2,-2,-2,-2,-2,-2,-2,-2,-2,-2,-2,-2,-2,-2,-2,-2,-2,-2,-2,-2,-2,-2,-2,-2,-2,-2,-2,-2,-2,-2,-2,-2,-2,-2,-2,-2,-2,-2,-2,-2,-2,-2,-2,-2,-2,-2,-2,-2,-2,-2,-2,-2,-2,-2,-2,-2,-2,-2,-2,-2,-2,-2,-2,-2,-2,-2,-2,-2,-2,-2,-2,-2,-2,-2,-2,-2,-2,-2,-2,-2,-2,-2,-2,-2,-2,-2,-2,-2,-2,-2,-2,-2,-2,-2,-2,-2,-2,-2,-2,-2,-2,-2,-2,-2,-2,-2,-2,-2,-2,-2,-2,-2,-2,-2,-2,-2,-2,-2,-2,-2,-2,-2,-2,-2,-2,-2,-2,-2,-2,-2,-2,-2,-2,-2,-2,-2,-2,-2,-2,-2,-2,-2,-2,-2,-2,-2,-2,-2KNA,-2,-2,-2,-2,-2,-2,-2,-2,-2,-2,-2,-2,-2,-2,-2,-2,-2,-2,-2,-2,-2,-2,-2,-2,-2,-2,-2,-2,-2,-2,-2,-2,-2,-2,-2,-2,-2,-2,-2,-2,-2,-2,-2,-2,-2,-2,-2,-2,-2,-2,-2,-2,-2,-2,-2,-2,-2,-2,-2,-2,-2,-2,-2,-2,-2,-2,-2,-2,-2,-2,-2,-2,-2,-2,-2,-2,-2,-2,-2,-2,-2,-2,-2,-2,-2,-2,-2,-2,-2,-2,-2,-2,-2,-2,-2,-2,-2,-2,-2,-2,-2,-2,-2,-2,-2,-2,-2,-2,-2,-2,-2,-2,-2,-2,-2,-2,-2,-2,-2,-2,-2,-2,-2,-2,-2,-2,-2,-2,-2,-2,-2,-2,-2,-2,-2,-2,-2,-2,-2,-2,-2,-2,-2,-2,-2,-2,-2,-2,-2,-2,-2,-2,-2,-2,-2,-2,-2,-2,-2,-2,-2,-2,-2,-2,-2,-2,-2,-2,-2,-2,-2,-2,-2,-2,-2,-2,-2,-2,-2,-2,-2,-2,-2,-2,-2,-2,-2,-2,-2,-2,-2,-2,-2,-2MEX,0.448458498,0.483307086,-2,0.373660714,0.729045226,0.740473934,0.690857143,0.672394366,0.686428571,-2,-2,-2,-2,-2,-2,-2,-2,0.766351932,0.74739726,0.686065574,0.729692308,0.761864407,0.75,0.791921397,0.766972111,0.615303031,-2,0.732435233,0.724247788,0.69,0.726285714,0.723333334,0.730987654,0.718804781,0.742368421,0.41625,0.62496,0.503596838,0.5025,0.496525424,0.440722891,-2,-2,-2,0.650617284,-2,0.242232558,-2,0.400671937,0.507272727,0.389644269,-2,-2,0.49452381,-2,0.634903846,0.284470588,-2,-2,-2,0.509285715,-2,-2,0.61876494,0.635897436,0.396996047,-2,0.441106719,0.388110237,-2,-2,-2,0.383809524,0.38596838,-2,-2,-2,0.433505976,0.49256917,0.465,0.474189723,0.532027027,-2,-2,-2,0.53576087,0.677184466,0.512448979,0.598434783,0.640666667,0.484375,0.671434977,0.680389611,0.452654868,0.613647541,0.659875518,0.607190083,0.545951417,0.676707317,0.591818181,0.551111111,0.634307692,0.602703863,0.628266667,0.47953125,0.62,0.517130045,0.559576271,0.491463415,0.491397379,0.692286996,0.513393665,-2,0.61875,-2,-2,-2,0.518026316,-2,0.458854625,0.34238806,-2,0.633821656,0.494862386,0.661891892,0.704309624,-2,0.708881119,-2,0.539243698,0.47988,0.516666667,0.531991525,0.476341463,-2,0.642409638,0.677362205,0.497530864,0.510365854,0.4725,0.577098214,0.564098361,0.666437247,0.571052632,0.483936652,0.523395349,-2,-2,-2,-2,0.55195122,-2,-2,-2,-2,-2,-2,0.407108434,0.657984189,-2,-2,0.577114625,0.540355731,-2,0.554125,-2,0.561206897,0.546578947,0.612705882,0.575338983,0.707689243,0.551511628,0.699757281,-2,0.638674699,0.563636364,-2,0.691067194,0.567909836,-2,0.422727273,-2,0.483307086,-2,-2,-2,-2,0.62,-2,-2,-2,-2,-2,-2BLZ,-2,-2,-2,-2,-2,-2,-2,-2,-2,-2,-2,-2,-2,-2,-2,-2,-2,-2,-2,-2,-2,-2,-2,-2,-2,-2,-2,-2,-2,-2,-2,-2,-2,-2,-2,-2,-2,-2,-2,-2,-2,-2,-2,-2,-2,-2,-2,-2,-2,-2,-2,-2,-2,-2,-2,-2,-2,-2,-2,-2,-2,-2,-2,-2,-2,-2,-2,-2,-2,-2,-2,-2,-2,-2,-2,-2,-2,-2,-2,-2,-2,-2,-2,-2,-2,-2,-2,-2,-2,-2,-2,-2,-2,-2,-2,-2,-2,-2,-2,-2,-2,-2,-2,-2,-2,-2,-2,-2,-2,-2,-2,-2,-2,-2,-2,-2,-2,-2,-2,-2,-2,-2,-2,-2,-2,-2,-2,-2,-2,-2,-2,-2,-2,-2,-2,-2,-2,-2,-2,-2,-2,-2,-2,-2,-2,-2,-2,-2,-2,-2,-2,-2,-2,-2,-2,-2,-2,-2,-2,-2,-2,-2,-2,-2,-2,-2,-2,-2,-2,-2,-2,-2,-2,-2,-2,-2,-2,-2,-2,-2,-2,-2,-2,-2,-2,-2,-2,-2,-2,-2,-2,-2,-2,-2GTM,0.465,0.522382979,-2,0.389714286,0.764450262,0.781391753,0.674148472,0.658153846,0.652207792,-2,-2,-2,-2,-2,-2,0.766351932,-2,-2,0.752857143,0.723333334,0.759581152,0.794035088,0.78014218,0.811095891,0.754377682,0.599672131,-2,0.754333333,0.726285714,0.668311689,0.690309278,0.746559633,0.718258929,0.743205128,0.782930232,0.414235808,0.615974026,0.498638298,0.495458516,0.492352941,0.386493507,-2,-2,-2,0.709955357,-2,0.2511,-2,0.439276596,0.508717949,0.427404255,-2,-2,0.510901287,-2,0.635346535,0.336144578,-2,-2,-2,0.546824035,-2,-2,0.617327586,0.648440367,0.435319149,-2,0.484871795,0.427404255,-2,-2,-2,0.42525641,0.427404255,-2,-2,-2,0.432931034,0.492820513,0.47093617,0.484871795,0.511722488,-2,-2,-2,0.568941177,0.6789,0.540792951,0.615694444,0.658018868,0.521809955,0.664927536,0.698571429,0.482383178,0.618634361,0.676741071,0.602246696,0.547532468,0.706637555,0.60470852,0.567876106,0.628115183,0.566651163,0.628857143,0.490271739,0.646772727,0.516666667,0.55630137,0.517565217,0.512803738,0.734210526,0.537725118,-2,0.59987013,-2,-2,-2,0.539575471,-2,0.443669725,0.356918919,-2,0.654671052,0.543267327,0.640471698,0.725650224,-2,0.665307692,-2,0.583363636,0.510901287,0.564358975,0.575917431,0.513521739,-2,0.646609442,0.712340426,0.52261062,0.536069869,0.499519651,0.608076923,0.594052864,0.656710526,0.589,0.523125,0.528090452,-2,-2,-2,-2,0.578217391,-2,-2,-2,-2,-2,-2,0.443047211,0.643846154,-2,-2,0.588205128,0.528589743,-2,0.575515695,-2,0.564953271,0.549142857,0.624,0.551266968,0.690515021,0.591818181,0.689067357,-2,0.630782609,0.57364486,-2,0.699487179,0.5952,-2,0.445128205,-2,0.498638298,-2,-2,-2,-2,0.513103448,-2,-2,-2,-2,-2,-2HND,0.5115,0.538642534,-2,0.367230769,0.730714286,0.76180851,0.612857143,0.62984127,0.628211921,-2,-2,-2,-2,-2,-2,0.74739726,-2,0.752857143,-2,0.772280702,0.802252748,0.769464285,0.772686567,0.784829268,0.738027523,0.605325444,-2,0.702784091,0.708121828,0.69219178,0.716557377,0.7626,0.661137441,0.73890411,0.783399015,0.482222223,0.665504587,0.530226245,0.553674418,0.541747573,0.477798165,-2,-2,-2,0.671179245,-2,0.301621621,-2,0.380454545,0.545318181,0.367772727,-2,-2,0.563891403,-2,0.646105263,0.27125,-2,-2,-2,0.50109589,-2,-2,0.627110092,0.600436893,0.367772727,-2,0.41239819,0.370316742,-2,-2,-2,0.36520548,0.367772727,-2,-2,-2,0.494590909,0.558,0.534434389,0.541090909,0.565670103,-2,-2,-2,0.536117647,0.630689656,0.48028169,0.569104478,0.682311558,0.482884615,0.656752577,0.680149254,0.45105,0.608411215,0.652322275,0.595023697,0.578571429,0.683441861,0.597857143,0.543962264,0.6324,0.577864077,0.616884422,0.473063584,0.639375,0.472081218,0.526243903,0.456388889,0.47867647,0.692755102,0.497878788,-2,0.578571429,-2,-2,-2,0.508955224,-2,0.516666667,0.412721893,-2,0.703958333,0.5328125,0.714631579,0.677184466,-2,0.64883721,-2,0.553463414,0.47353211,0.515727273,0.541747573,0.480139535,-2,0.601513762,0.660678733,0.465,0.501767442,0.441428572,0.56080402,0.548349057,0.644511628,0.558939394,0.48825,0.487379679,-2,-2,-2,-2,0.546805556,-2,-2,-2,-2,-2,-2,0.377945205,0.6975,-2,-2,0.6045,0.503045455,-2,0.533971291,-2,0.559850747,0.521938776,0.576,0.542132702,0.712431193,0.556776316,0.686065574,-2,0.634285715,0.536716418,-2,0.714409091,0.579056603,-2,0.515727273,-2,0.547058823,-2,-2,-2,-2,0.5208,-2,-2,-2,-2,-2,-2SLV,0.527837838,0.583135135,-2,0.286603774,0.751390729,0.772075471,0.58125,0.587368421,0.627948718,-2,-2,-2,-2,-2,-2,0.686065574,-2,0.723333334,0.772280702,-2,0.816891892,0.762733813,0.792426036,0.750340909,0.689835165,0.506029412,-2,0.685957446,0.678352941,0.654065934,0.712814371,0.748275862,0.607670455,0.692445652,0.795542169,0.472622951,0.648956044,0.530706522,0.555921788,0.552685714,0.44456044,-2,-2,-2,0.614745763,-2,0.303921569,-2,0.341837838,0.545869565,0.336810811,-2,-2,0.545869565,-2,0.599333333,0.152459016,-2,-2,-2,0.472622951,-2,-2,0.598216216,0.573942857,0.341837838,-2,0.392108108,0.331783784,-2,-2,-2,0.328532609,0.331783784,-2,-2,-2,0.485217391,0.53576087,0.527837838,0.53576087,0.585352941,-2,-2,-2,0.543692308,0.646956522,0.436740332,0.518448276,0.674914286,0.438579545,0.594319526,0.686686046,0.413963414,0.581899441,0.662817679,0.547666667,0.527,0.662817679,0.567457628,0.472881356,0.6386,0.539289941,0.618143713,0.420410959,0.600514286,0.462111801,0.467751479,0.411049724,0.425783132,0.688092485,0.473353293,-2,0.546758242,-2,-2,-2,0.479090909,-2,0.559107143,0.403,-2,0.675755396,0.547808219,0.72075,0.74616279,-2,0.605779817,-2,0.499152543,0.43704918,0.500380435,0.506272189,0.452011174,-2,0.614918033,0.648486486,0.449325842,0.477845304,0.421325967,0.571445783,0.527696629,0.69488764,0.537831325,0.459655173,0.4475625,-2,-2,-2,-2,0.480163044,-2,-2,-2,-2,-2,-2,0.343695652,0.677282609,-2,-2,0.58125,0.485217391,-2,0.536538462,-2,0.509819277,0.465,0.624732824,0.529137931,0.670819672,0.503114755,0.6138,-2,0.63198895,0.489190752,-2,0.667173913,0.573942857,-2,0.540815217,-2,0.563027027,-2,-2,-2,-2,0.398571429,-2,-2,-2,-2,-2,-2NIC,0.569387755,0.623147208,-2,0.313315508,0.737195122,0.791607143,0.60546875,0.633312883,0.634418605,-2,-2,-2,-2,-2,-2,0.729692308,-2,0.759581152,0.802252748,0.816891892,-2,0.821298701,0.812472528,0.785775401,0.725969388,0.543506493,-2,0.735490196,0.724475138,0.702244898,0.781910828,0.806,0.660789474,0.702244898,0.825561498,0.52523316,0.699896908,0.613705584,0.59443299,0.603510638,0.45777202,-2,-2,-2,0.624920635,-2,0.315535714,-2,0.332142857,0.580659898,0.336887755,-2,-2,0.62,-2,0.6975,0.220263158,-2,-2,-2,0.448307692,-2,-2,0.68072165,0.58442623,0.332142857,-2,0.389081633,0.330456853,-2,-2,-2,0.329076923,0.332142857,-2,-2,-2,0.481692308,0.569387755,0.571218274,0.56177665,0.621771429,-2,-2,-2,0.531428571,0.64883721,0.430736842,0.541186441,0.662033899,0.417243244,0.598983051,0.662033899,0.390172414,0.577578948,0.7071875,0.536349207,0.532113402,0.632984293,0.552032086,0.488969072,0.62,0.521208791,0.579257143,0.413333333,0.609836066,0.422727273,0.457540107,0.390310881,0.421325967,0.700172414,0.470166667,-2,0.523125,-2,-2,-2,0.452154696,-2,0.555978261,0.449395974,-2,0.638931298,0.566086956,0.721011236,0.737934783,-2,0.631071429,-2,0.520597826,0.414404145,0.507704081,0.50375,0.426649485,-2,0.613608247,0.67035533,0.414404145,0.460105263,0.3778125,0.508255814,0.501904762,0.725497382,0.521833333,0.42224138,0.435771429,-2,-2,-2,-2,0.48921875,-2,-2,-2,-2,-2,-2,0.338615385,0.706989796,-2,-2,0.659540816,0.457918782,-2,0.48,-2,0.483184358,0.454310345,0.575714286,0.495,0.6975,0.485514706,0.631272727,-2,0.62,0.47022472,-2,0.688010204,0.5371123,-2,0.571218274,-2,0.604263959,-2,-2,-2,-2,0.4464,-2,-2,-2,-2,-2,-2CRI,0.564269663,0.597486034,-2,0.321272727,0.732913907,0.799681528,0.658971429,0.6324,0.65875,-2,-2,-2,-2,-2,-2,0.761864407,-2,0.794035088,0.769464285,0.762733813,0.821298701,-2,0.781420118,0.827861271,0.748156425,0.555323741,-2,0.6975,0.721454546,0.716206897,0.735202703,0.794727273,0.67734104,0.736685393,0.815117647,0.499542857,0.688305084,0.585168539,0.574719101,0.597857143,0.454310345,-2,-2,-2,0.643430232,-2,0.268389262,-2,0.313483146,0.566312849,0.313483146,-2,-2,0.600842697,-2,0.721973684,0.291492537,-2,-2,-2,0.415642458,-2,-2,0.673988764,0.564450867,0.313483146,-2,0.360505618,0.311731844,-2,-2,-2,0.304745763,0.308258427,-2,-2,-2,0.48338983,0.535139664,0.550726257,0.532921348,0.591296296,-2,-2,-2,0.479090909,0.594166667,0.416896552,0.529818182,0.623712575,0.405523256,0.584230769,0.657125748,0.374268292,0.544261364,0.655227273,0.533693181,0.470284091,0.609310345,0.508255814,0.470406976,0.604825175,0.543433735,0.554638554,0.381854304,0.577048193,0.3894375,0.412095808,0.392427746,0.399352941,0.673832335,0.433619632,-2,0.506797753,-2,-2,-2,0.4126875,-2,0.529883721,0.374883721,-2,0.642142857,0.497441861,0.639375,0.664285714,-2,0.651,-2,0.484260355,0.369886364,0.465,0.459259259,0.378305085,-2,0.62,0.706592178,0.413333333,0.414514286,0.374137931,0.510365854,0.494566474,0.721551724,0.521707317,0.393680981,0.434805195,-2,-2,-2,-2,0.501988636,-2,-2,-2,-2,-2,-2,0.331016949,0.710561798,-2,-2,0.632191011,0.43122905,-2,0.457028571,-2,0.465,0.4824375,0.650243903,0.486882353,0.675418994,0.453658537,0.66062069,-2,0.630508475,0.493012048,-2,0.658314607,0.495266272,-2,0.553820225,-2,0.602681564,-2,-2,-2,-2,0.440526316,-2,-2,-2,-2,-2,-2PAN,0.52472477,0.586027397,-2,0.362461539,0.734751382,0.785775401,0.65316279,0.692553191,0.65609589,-2,-2,-2,-2,-2,-2,0.75,-2,0.78014218,0.772686567,0.792426036,0.812472528,0.781420118,-2,0.775,0.695366972,0.587931034,-2,0.717894737,0.743065327,0.666139535,0.762808989,0.779696969,0.691990521,0.711428572,0.803819095,0.469345794,0.663055556,0.550321101,0.546805556,0.561683168,0.430233644,-2,-2,-2,0.669952607,-2,0.295,-2,0.394931507,0.554587156,0.390684931,-2,-2,0.548571428,-2,0.685263158,0.330394737,-2,-2,-2,0.522857143,-2,-2,0.654444445,0.631866028,0.390684931,-2,0.443669725,0.382191781,-2,-2,-2,0.379678899,0.382191781,-2,-2,-2,0.486330275,0.554587156,0.547808219,0.546055046,0.587875647,-2,-2,-2,0.583953489,0.655894737,0.517149532,0.61845,0.715384615,0.507272727,0.662923077,0.709242425,0.462615384,0.62,0.734439252,0.58943662,0.582336448,0.72140187,0.612548077,0.571285714,0.673093923,0.588088235,0.662272727,0.507272727,0.672669903,0.512448979,0.550776699,0.473773585,0.499701493,0.763928571,0.54405,-2,0.577990654,-2,-2,-2,0.528730965,-2,0.551617647,0.396213018,-2,0.695960265,0.540918367,0.713300971,0.732318841,-2,0.660229008,-2,0.59592233,0.497441861,0.567385321,0.570891089,0.49542056,-2,0.645833333,0.69219178,0.493380282,0.51764151,0.458450704,0.607722773,0.579056603,0.6975,0.606119403,0.512938145,0.53,-2,-2,-2,-2,0.57364486,-2,-2,-2,-2,-2,-2,0.401009175,0.665504587,-2,-2,0.622844037,0.53325688,-2,0.572307692,-2,0.549545455,0.532113402,0.638979592,0.541009615,0.6975,0.555660378,0.650491803,-2,0.655714285,0.55335,-2,0.725229358,0.631866028,-2,0.53325688,-2,0.581780822,-2,-2,-2,-2,0.465,-2,-2,-2,-2,-2,-2COL,0.471038961,0.531428571,-2,0.368405797,0.742072539,0.798534031,0.676741071,0.6490625,0.630197368,-2,-2,-2,-2,-2,-2,0.791921397,-2,0.811095891,0.784829268,0.750340909,0.785775401,0.827861271,0.775,-2,0.797142857,0.621712707,-2,0.748043478,0.772753623,0.699557522,0.763578948,0.794647887,0.720540541,0.764217391,0.830511628,0.426079295,0.651409692,0.521608695,0.512533333,0.521495328,0.403274337,-2,-2,-2,0.679775785,-2,0.246734693,-2,0.400304348,0.53373913,0.39626087,-2,-2,0.527947599,-2,0.662970297,0.31,-2,-2,-2,0.519825327,-2,-2,0.640394737,0.647523364,0.400304348,-2,0.44073913,0.394545454,-2,-2,-2,0.389868996,0.392217391,-2,-2,-2,0.44868421,0.509478261,0.503246753,0.505434783,0.561683168,-2,-2,-2,0.549545455,0.672765957,0.536216217,0.591818181,0.663014354,0.490833334,0.655123153,0.690857143,0.469558824,0.614464286,0.675205479,0.62,0.557180617,0.667264574,0.581780822,0.562227273,0.665737705,0.592216981,0.632038835,0.483184358,0.656214954,0.510588235,0.538878504,0.487733333,0.509711538,0.690594059,0.530780488,-2,0.59814978,-2,-2,-2,0.519174757,-2,0.478160377,0.322122905,-2,0.6882,0.528823529,0.704271844,0.6975,-2,0.725681818,-2,0.579627907,0.477236842,0.536069869,0.545774648,0.479339207,-2,0.666026201,0.704545455,0.490135135,0.508789238,0.473230089,0.597205883,0.578108108,0.672589286,0.575072464,0.490197044,0.512938145,-2,-2,-2,-2,0.563761062,-2,-2,-2,-2,-2,-2,0.405594714,0.679304348,-2,-2,0.606521739,0.525652174,-2,0.546055046,-2,0.559763034,0.554423077,0.6324,0.575302325,0.71069869,0.5754375,0.7071875,-2,0.648552632,0.564170616,-2,0.695478261,0.593348417,-2,0.460956522,-2,0.535454546,-2,-2,-2,-2,0.589,-2,-2,-2,-2,-2,-2VEN,0.428095238,0.485217391,-2,0.380266667,0.772686567,0.744,0.686065574,0.66240566,0.669821428,-2,-2,-2,-2,-2,-2,0.766972111,-2,0.754377682,0.738027523,0.689835165,0.725969388,0.748156425,0.695366972,0.797142857,-2,0.638787879,-2,0.73140625,0.778414097,0.681497975,0.760909091,0.755625,0.727991803,0.75516,0.765398231,0.414170041,0.627469879,0.49452381,0.485708502,0.486765957,0.40875,-2,-2,-2,0.640327869,-2,0.236805556,-2,0.417023809,0.516666667,0.405952381,-2,-2,0.515019921,-2,0.608076923,0.298928571,-2,-2,-2,0.522430279,-2,-2,0.66216,0.658583691,0.409642857,-2,0.472380952,0.408023716,-2,-2,-2,0.407569721,0.409642857,-2,-2,-2,0.45384,0.498214286,0.485217391,0.490833334,0.551266968,-2,-2,-2,0.57,0.679615385,0.518360656,0.574173913,0.663700441,0.488445378,0.686133334,0.688441558,0.465,0.650617284,0.647125,0.62900415,0.587368421,0.668081633,0.636721992,0.56107438,0.602602041,0.622660944,0.647312775,0.474587629,0.662033899,0.510669643,0.554042553,0.504857143,0.530263158,0.667264574,0.51760181,-2,0.61125,-2,-2,-2,0.524405286,-2,0.430176211,0.324090909,-2,0.629810127,0.503394496,0.633716814,0.707268908,-2,0.710416667,-2,0.580759494,0.49848,0.563187251,0.54612766,0.49125,-2,0.66,0.720474308,0.514549181,0.508653062,0.470647773,0.578666666,0.562592593,0.665365853,0.576681222,0.473454545,0.512803738,-2,-2,-2,-2,0.561795919,-2,-2,-2,-2,-2,-2,0.42,0.671666666,-2,-2,0.583095238,0.520357143,-2,0.544769875,-2,0.587792208,0.559646018,0.603684211,0.559576271,0.72168,0.56982659,0.739463414,-2,0.62868,0.574173913,-2,0.745476191,0.600864198,-2,0.417023809,-2,0.485217391,-2,-2,-2,-2,0.527,-2,-2,-2,-2,-2,-2GUY,0.299095477,0.38595,-2,0.379482759,0.654671052,0.597857143,0.766165803,0.783454545,0.658246753,-2,-2,-2,-2,-2,-2,0.615303031,-2,0.599672131,0.605325444,0.506029412,0.543506493,0.555323741,0.587931034,0.621712707,0.638787879,-2,-2,0.66343949,0.648956044,0.529384615,0.618037975,0.585953757,0.651,0.568333333,0.591818181,0.325979382,0.519289341,0.3906,0.36822335,0.355737705,0.319393939,-2,-2,-2,0.525863874,-2,0.254581006,-2,0.44396985,0.45798995,0.434623115,-2,-2,0.375757576,-2,0.549036145,0.296521739,-2,-2,-2,0.549545455,-2,-2,0.58538071,0.63,0.434623115,-2,0.47201005,0.4371,-2,-2,-2,0.434623115,0.434623115,-2,-2,-2,0.391827411,0.420603016,0.38595,0.397236181,0.465,-2,-2,-2,0.647865168,0.645306122,0.553230769,0.633854749,0.625344827,0.52930851,0.675872093,0.608076923,0.514915254,0.607150259,0.656752577,0.7071875,0.640561224,0.650518134,0.642722513,0.60546875,0.6045,0.631793478,0.652068965,0.508986486,0.703783784,0.576195652,0.6296875,0.554145077,0.592747252,0.627085714,0.579257143,-2,0.610461538,-2,-2,-2,0.5735,-2,0.353296089,0.234,-2,0.5925,0.48,0.528990825,0.638138298,-2,0.665255474,-2,0.613404255,0.538172589,0.593517588,0.574262295,0.534870467,-2,0.607346938,0.57195,0.54734375,0.523125,0.524010153,0.56220339,0.568601037,0.577076924,0.589508196,0.529137931,0.599079754,-2,-2,-2,-2,0.55896373,-2,-2,-2,-2,-2,-2,0.44127551,0.546783919,-2,-2,0.500050251,0.542110553,-2,0.534255319,-2,0.598216216,0.559044944,0.625210084,0.586304348,0.646751269,0.565804195,0.691964286,-2,0.637309645,0.593189189,-2,0.64959799,0.631421052,-2,0.313115578,-2,0.3627,-2,-2,-2,-2,0.589,-2,-2,-2,-2,-2,-2SUR,-2,-2,-2,-2,-2,-2,-2,-2,-2,-2,-2,-2,-2,-2,-2,-2,-2,-2,-2,-2,-2,-2,-2,-2,-2,-2,-2,-2,-2,-2,-2,-2,-2,-2,-2,-2,-2,-2,-2,-2,-2,-2,-2,-2,-2,-2,-2,-2,-2,-2,-2,-2,-2,-2,-2,-2,-2,-2,-2,-2,-2,-2,-2,-2,-2,-2,-2,-2,-2,-2,-2,-2,-2,-2,-2,-2,-2,-2,-2,-2,-2,-2,-2,-2,-2,-2,-2,-2,-2,-2,-2,-2,-2,-2,-2,-2,-2,-2,-2,-2,-2,-2,-2,-2,-2,-2,-2,-2,-2,-2,-2,-2,-2,-2,-2,-2,-2,-2,-2,-2,-2,-2,-2,-2,-2,-2,-2,-2,-2,-2,-2,-2,-2,-2,-2,-2,-2,-2,-2,-2,-2,-2,-2,-2,-2,-2,-2,-2,-2,-2,-2,-2,-2,-2,-2,-2,-2,-2,-2,-2,-2,-2,-2,-2,-2,-2,-2,-2,-2,-2,-2,-2,-2,-2,-2,-2,-2,-2,-2,-2,-2,-2,-2,-2,-2,-2,-2,-2,-2,-2,-2,-2,-2,-2ECU,0.407474227,0.476923077,-2,0.408554913,0.748679246,0.7498125,0.693809524,0.71117647,0.655227273,-2,-2,-2,-2,-2,-2,0.732435233,-2,0.754333333,0.702784091,0.685957446,0.735490196,0.6975,0.717894737,0.748043478,0.73140625,0.66343949,-2,-2,0.750526316,0.642722513,0.745155279,0.711787709,0.742021276,0.647164949,0.752131147,0.391578948,0.568601037,0.484175258,0.445421052,0.436424581,0.3584375,-2,-2,-2,0.613507854,-2,0.25416149,-2,0.441030928,0.488969072,0.431443299,-2,-2,0.465,-2,0.551111111,0.326315789,-2,-2,-2,0.5926943,-2,-2,0.60546875,0.705164835,0.431443299,-2,0.484175258,0.42923077,-2,-2,-2,0.424041451,0.426649485,-2,-2,-2,0.386307692,0.448307692,0.42923077,0.436237113,0.501636363,-2,-2,-2,0.739230769,0.612439024,0.571925134,0.61283237,0.668263473,0.579344263,0.65875,0.674505494,0.578546511,0.65875,0.682336956,0.61171123,0.6296875,0.674126984,0.653513514,0.58,0.617876713,0.62,0.642640449,0.548958334,0.645833333,0.598245614,0.590883978,0.543315789,0.607670455,0.701676647,0.621802325,-2,0.608638744,-2,-2,-2,0.592807018,-2,0.441355932,0.275793103,-2,0.58776,0.524615385,0.612705882,0.690157895,-2,0.687027027,-2,0.625166666,0.564816754,0.618402062,0.613186813,0.571925134,-2,0.680368421,0.662923077,0.585555556,0.583723404,0.533526316,0.6324,0.60827027,0.640880829,0.593275862,0.560240964,0.594968944,-2,-2,-2,-2,0.572684211,-2,-2,-2,-2,-2,-2,0.445421052,0.62,-2,-2,0.50814433,0.575257732,-2,0.5960221,-2,0.601160221,0.600174418,0.61511811,0.601467391,0.6490625,0.589925373,0.716751592,-2,0.646105263,0.5952,-2,0.695103092,0.64345946,-2,0.388298969,-2,0.434,-2,-2,-2,-2,0.558,-2,-2,-2,-2,-2,-2PER,0.3769163,0.452763158,-2,0.390146341,0.725084746,0.74109375,0.681719457,0.671937173,0.642962963,-2,-2,-2,-2,-2,-2,0.724247788,-2,0.726285714,0.708121828,0.678352941,0.724475138,0.721454546,0.743065327,0.772753623,0.778414097,0.648956044,-2,0.750526316,-2,0.649324324,0.763206522,0.721791045,0.732217195,0.702666667,0.729411764,0.393783783,0.567876106,0.438370044,0.444054054,0.440985916,0.350313901,-2,-2,-2,0.629863636,-2,0.2511,-2,0.401497798,0.48753304,0.405594714,-2,-2,0.454757709,-2,0.644554456,0.31,-2,-2,-2,0.526725663,-2,-2,0.62960177,0.652788462,0.40969163,-2,0.469078947,0.395657894,-2,-2,-2,0.397400881,0.397400881,-2,-2,-2,0.413333333,0.467048458,0.44868421,0.44246696,0.500050251,-2,-2,-2,0.602967033,0.642371134,0.544594595,0.567073171,0.635346535,0.525277778,0.672178218,0.695242719,0.46960396,0.628493151,0.656972477,0.607083334,0.597556561,0.682837838,0.645479452,0.574285715,0.601160221,0.641830986,0.662970297,0.473063584,0.672394366,0.530801887,0.588715596,0.50918552,0.561594203,0.672178218,0.532763819,-2,0.62,-2,-2,-2,0.517170732,-2,0.421902439,0.311675676,-2,0.643356164,0.532718447,0.651,0.677943926,-2,0.751914893,-2,0.598472223,0.512533333,0.561277533,0.571285714,0.508789238,-2,0.676741071,0.68118421,0.519954545,0.517130045,0.489910714,0.601764706,0.587590909,0.593348417,0.602028985,0.495376885,0.557055838,-2,-2,-2,-2,0.562227273,-2,-2,-2,-2,-2,-2,0.421210762,0.626828194,-2,-2,0.548986784,0.532599119,-2,0.578571429,-2,0.585070422,0.566086956,0.651,0.651,0.696475771,0.579056603,0.718412698,-2,0.666637168,0.592216981,-2,0.733348018,0.62,-2,0.389207049,-2,0.452763158,-2,-2,-2,-2,0.531428571,-2,-2,-2,-2,-2,-2BRA,0.481807229,0.5394,-2,0.286153846,0.643484849,0.66173077,0.618719008,0.600717703,0.547730061,-2,-2,-2,-2,-2,-2,0.69,-2,0.668311689,0.69219178,0.654065934,0.702244898,0.716206897,0.666139535,0.699557522,0.681497975,0.529384615,-2,0.642722513,0.649324324,-2,0.681699029,0.705803571,0.630376569,0.711619433,0.718258929,0.472622951,0.642682927,0.54684,0.533606558,0.526866953,0.444291498,-2,-2,-2,0.626485355,-2,0.328744186,-2,0.321204819,0.549036145,0.298795181,-2,-2,0.58875,-2,0.652788462,0.237906976,-2,-2,-2,0.40875,-2,-2,0.545951417,0.525652174,0.31,-2,0.354819277,0.30132,-2,-2,-2,0.3,0.302530121,-2,-2,-2,0.49125,0.534096386,0.51336,0.522891566,0.552054795,-2,-2,-2,0.419010989,0.558,0.391983471,0.481460177,0.544594595,0.370423729,0.566454545,0.606343612,0.354484305,0.509377593,0.541518987,0.525313807,0.489876543,0.538016529,0.509748954,0.44175,0.561875,0.503246753,0.539732143,0.391578948,0.522382979,0.393136364,0.441153846,0.398024691,0.400933333,0.560547945,0.426605504,-2,0.491680328,-2,-2,-2,0.403274337,-2,0.5084,0.384336735,-2,0.636,0.526415094,0.602777778,0.585702128,-2,0.587708333,-2,0.441355932,0.374268292,0.43125,0.433474576,0.372768595,-2,0.53522449,0.63984,0.3875,0.403512397,0.354467213,0.454479638,0.445625,0.604691358,0.448539823,0.394931507,0.404158878,-2,-2,-2,-2,0.438099173,-2,-2,-2,-2,-2,-2,0.318857143,0.608795181,-2,-