1971,USA,CAN,BHS,CUB,HTI,DOM,JAM,TTO,BRB,DMA,GRD,LCA,VCT,ATG,KNA,MEX,BLZ,GTM,HND,SLV,NIC,CRI,PAN,COL,VEN,GUY,SUR,ECU,PER,BRA,BOL,PRY,CHL,ARG,URY,GBR,IRL,NLD,BEL,LUX,FRA,MCO,LIE,CHE,ESP,AND,PRT,DEU,POL,AUT,HUN,CZE,SVK,ITA,SMR,MLT,ALB,MNE,MKD,HRV,SRB,BIH,SVN,GRC,CYP,BGR,MDA,ROU,RUS,EST,LVA,LTU,UKR,BLR,ARM,GEO,AZE,FIN,SWE,NOR,DNK,ISL,CPV,STP,GNB,GNQ,GMB,MLI,SEN,BEN,MRT,NER,CIV,GIN,BFA,LBR,SLE,GHA,TGO,CMR,NGA,GAB,CAF,TCD,COG,COD,UGA,KEN,TZA,BDI,RWA,SOM,DJI,ETH,ERI,AGO,MOZ,ZMB,ZWE,MWI,ZAF,NAM,LSO,BWA,SWZ,MDG,COM,MUS,SYC,MAR,DZA,TUN,LBY,SDN,SSD,IRN,TUR,IRQ,EGY,SYR,LBN,JOR,ISR,SAU,YEM,KWT,BHR,QAT,ARE,OMN,AFG,TKM,TJK,KGZ,UZB,KAZ,CHN,MNG,TWN,PRK,KOR,JPN,IND,BTN,PAK,BGD,MMR,LKA,MDV,NPL,THA,KHM,LAO,VNM,MYS,SGP,BRN,PHL,IDN,TLS,AUS,PNG,NZL,VUT,SLB,KIR,TUV,FJI,TON,NRU,MHL,PLW,FSM,WSMUSA,-2,0.621276596,0.341269841,0.300220751,0.468571429,0.486075949,0.370044053,0.346987952,0.448019802,-2,0.325757576,-2,-2,-2,-2,0.380434783,-2,0.455607477,0.465227818,0.456730769,0.555825243,0.493421053,0.436893204,0.43187067,0.39869281,0.343963554,-2,0.393867925,0.341991342,0.460869565,0.50273224,0.503856041,0.411504425,0.390928726,0.473333333,0.75862069,0.561965812,0.650423729,0.685106383,0.687772926,0.639308855,-2,-2,-2,0.498915401,-2,0.561674009,0.673640167,0.312765957,0.523305085,0.309168443,-2,-2,0.663135593,-2,0.37593985,0.206779661,-2,-2,-2,0.332622601,-2,-2,0.502164502,0.347161572,0.314225053,-2,0.316593886,0.312101911,-2,-2,-2,0.314775161,0.307692308,-2,-2,-2,0.482978723,0.493644068,0.542372881,0.597457627,0.47597254,0,0,0.294642857,0.334190231,0.367088608,0.311258278,0.337748344,0.366197183,0.346067416,0.369515012,0.425485961,0.305164319,0.381294964,0.443418014,0.343980344,0.381578947,0.351893096,0.325274725,0.323725055,0.394444444,0.448548813,0.35207824,0.345238095,0.401869159,0.343544858,0.346236559,0.322368421,0.345982143,0.382222222,0.329383886,-2,0.35371179,-2,-2,0.307692308,0.312910284,-2,0.524456522,0.707112971,-2,0.402088773,0.317808219,0.426426426,0.392624729,0.222222222,0.32967033,-2,0.37037037,0.301927195,0.361471861,0.334070796,0.331848552,-2,0.39055794,0.452586207,0.297560976,0.354401806,0.311778291,0.358669834,0.398169336,0.639908257,0.34625323,0.341085271,0.314977974,0.326621924,0.352112676,0.316062176,0.323076923,0.348484848,-2,-2,-2,-2,-2,0.22829582,0.315450644,1,-2,-2,0.529787234,0.323275862,0.340782123,0.353467562,0.242857143,0.329741379,0.3387471,0.397058824,0.38021978,0.426724138,0.456582633,0.418719212,-2,0.36637931,0.391684902,-2,0.429515419,0.35106383,-2,0.524416136,0.264150943,0.519230769,-2,-2,-2,-2,0.439276486,-2,-2,-2,-2,-2,-2CAN,0.621276596,-2,0.634920635,0.389867841,0.609065156,0.618686869,0.534065934,0.533492823,0.580246914,-2,0.621212121,-2,-2,-2,-2,0.557483731,-2,0.617715618,0.618138425,0.625298329,0.606796117,0.60745614,0.579710145,0.612903226,0.576086957,0.495454545,-2,0.557647059,0.516198704,0.5835141,0.615803815,0.62244898,0.55187638,0.55387931,0.634146341,0.689507495,0.808102345,0.799154334,0.789808917,0.790849673,0.614224138,-2,-2,-2,0.610869565,-2,0.567032967,0.786610879,0.377919321,0.78012685,0.370212766,-2,-2,0.799154334,-2,0.53,0.364864865,-2,-2,-2,0.504255319,-2,-2,0.622030238,0.51626898,0.377118644,-2,0.435729847,0.375,-2,-2,-2,0.376068376,0.375824176,-2,-2,-2,0.743099788,0.756871036,0.805496829,0.849894292,0.724373576,0,0,0.544642857,0.485861183,0.5,0.460526316,0.5,0.487119438,0.497757848,0.51843318,0.579741379,0.460280374,0.545238095,0.576036866,0.514705882,0.544857768,0.528888889,0.506578947,0.513274336,0.504155125,0.531578947,0.486552567,0.471563981,0.535962877,0.483660131,0.540598291,0.488017429,0.495555556,0.554083885,0.520094563,-2,0.52494577,-2,-2,0.492307692,0.486899563,-2,0.6,0.561983471,-2,0.572916667,0.497282609,0.613772455,0.519480519,0.555555556,0.501818182,-2,0.51954023,0.450854701,0.505399568,0.509933775,0.511111111,-2,0.565310493,0.603448276,0.459854015,0.511261261,0.497695853,0.476303318,0.52402746,0.636986301,0.455958549,0.502564103,0.501103753,0.473214286,0.504694836,0.510309278,0.501272265,0.488172043,-2,-2,-2,-2,-2,0.371794872,0.374732334,0.444444444,-2,-2,0.704883227,0.470967742,0.527932961,0.513392857,0.471428571,0.501075269,0.520833333,0.544117647,0.572368421,0.566810345,0.628169014,0.616707617,-2,0.528907923,0.561135371,-2,0.56043956,0.503184713,-2,0.744680851,0.641509434,0.727078891,-2,-2,-2,-2,0.594871795,-2,-2,-2,-2,-2,-2BHS,0.341269841,0.634920635,-2,0.508064516,0.821052632,0.775700935,0.68852459,0.661157025,0.823529412,-2,0.779069767,-2,-2,-2,-2,0.698412698,-2,0.770642202,0.752475248,0.810344828,0.621359223,0.73015873,0.763636364,0.764227642,0.764227642,0.641025641,-2,0.728813559,0.696,0.647540984,0.676190476,0.770833333,0.711864407,0.637096774,0.730434783,0.459677419,0.650793651,0.563492063,0.531746032,0.555555556,0.398373984,-2,-2,-2,0.620967742,-2,0.579365079,0.496,0.547619048,0.73015873,0.544,-2,-2,0.531746032,-2,0.663793103,0.587628866,-2,-2,-2,0.642857143,-2,-2,0.680327869,0.672131148,0.531746032,-2,0.593495935,0.53968254,-2,-2,-2,0.53968254,0.53968254,-2,-2,-2,0.619047619,0.626984127,0.658730159,0.634920635,0.731707317,0,0.125,0.628205128,0.633027523,0.662790698,0.616666667,0.629032258,0.634782609,0.641666667,0.641025641,0.768,0.583333333,0.683760684,0.743362832,0.681818182,0.675,0.652892562,0.653225806,0.666666667,0.566666667,0.69,0.592592593,0.640350877,0.637931034,0.639344262,0.648,0.658536585,0.575221239,0.680327869,0.652173913,-2,0.697478992,-2,-2,0.5,0.62601626,-2,0.660194175,0.275862069,-2,0.752066116,0.661157025,0.741935484,0.64,0.565217391,0.577777778,-2,0.686956522,0.56,0.641666667,0.68907563,0.650793651,-2,0.642276423,0.707317073,0.566666667,0.669491525,0.617886179,0.654867257,0.682926829,0.446428571,0.568421053,0.640776699,0.637096774,0.626984127,0.656,0.620967742,0.694214876,0.64516129,-2,-2,-2,-2,-2,0.613861386,0.536,-2,-2,-2,0.619047619,0.572580645,0.63963964,0.64,0.535714286,0.677419355,0.653225806,0.142857143,0.733333333,0.736,0.819047619,0.711864407,-2,0.714285714,0.745901639,-2,0.73015873,0.68,-2,0.801587302,0.423076923,0.832,-2,-2,-2,-2,0.754237288,-2,-2,-2,-2,-2,-2CUB,0.300220751,0.389867841,0.508064516,-2,0.539358601,0.498687664,0.630136986,0.664160401,0.525641026,-2,0.576923077,-2,-2,-2,-2,0.630630631,-2,0.541262136,0.545905707,0.4875,0.424242424,0.487471526,0.5975,0.546539379,0.564334086,0.749408983,-2,0.631961259,0.686800895,0.536036036,0.43220339,0.42287234,0.649082569,0.604026846,0.463133641,0.341517857,0.442477876,0.364035088,0.363436123,0.380090498,0.371364653,-2,-2,-2,0.501128668,-2,0.383561644,0.317596567,0.843612335,0.458333333,0.850220264,-2,-2,0.390350877,-2,0.637075718,0.810526316,-2,-2,-2,0.772626932,-2,-2,0.591517857,0.68988764,0.841758242,-2,0.837104072,0.843956044,-2,-2,-2,0.847006652,0.853881279,-2,-2,-2,0.517621145,0.456140351,0.456140351,0.418859649,0.509478673,1,1,0.756756757,0.781914894,0.662337662,0.758542141,0.703196347,0.680387409,0.753488372,0.69138756,0.612975391,0.803357314,0.643391521,0.619047619,0.709923664,0.638636364,0.692840647,0.715261959,0.71559633,0.634005764,0.6,0.705882353,0.756157635,0.648058252,0.714285714,0.668151448,0.759637188,0.75,0.687356322,0.752475248,-2,0.669683258,-2,-2,0.84375,0.750566893,-2,0.360335196,0.267241379,-2,0.611413043,0.690140845,0.588785047,0.716853933,0.8,0.71969697,-2,0.693045564,0.789823009,0.69955157,0.736238532,0.748267898,-2,0.662222222,0.651006711,0.793450882,0.737209302,0.762589928,0.660933661,0.676886792,0.387173397,0.707774799,0.781671159,0.755707763,0.709976798,0.698296837,0.716216216,0.728,0.713004484,-2,-2,-2,-2,-2,0.765100671,0.844789357,0.222222222,-2,-2,0.440528634,0.747767857,0.687861272,0.712296984,0.688405797,0.683741648,0.721822542,0.672413793,0.637813212,0.628635347,0.637681159,0.597435897,-2,0.689732143,0.612244898,-2,0.643181818,0.68061674,-2,0.465783664,0.5,0.461368653,-2,-2,-2,-2,0.575596817,-2,-2,-2,-2,-2,-2HTI,0.468571429,0.609065156,0.821052632,0.539358601,-2,0.844594595,0.771260997,0.748502994,0.871710526,-2,0.825688073,-2,-2,-2,-2,0.75659824,-2,0.829652997,0.822629969,0.804154303,0.771159875,0.843023256,0.810126582,0.8125,0.800578035,0.712990937,-2,0.778816199,0.735632184,0.702312139,0.805280528,0.77739726,0.737463127,0.713043478,0.797653959,0.462643678,0.667621777,0.59490085,0.564102564,0.591836735,0.404624277,-2,-2,-2,0.674486804,-2,0.49702381,0.557291667,0.504273504,0.668555241,0.497142857,-2,-2,0.580736544,-2,0.739130435,0.617777778,-2,-2,-2,0.706552707,-2,-2,0.690751445,0.757142857,0.497159091,-2,0.634782609,0.497159091,-2,-2,-2,0.498575499,0.504477612,-2,-2,-2,0.625,0.614730878,0.645892351,0.631728045,0.738738739,0.125,0.111111111,0.681818182,0.689768977,0.764705882,0.697947214,0.746355685,0.744615385,0.708333333,0.743975904,0.833333333,0.663663664,0.761329305,0.80495356,0.731861199,0.782352941,0.766961652,0.737609329,0.74852071,0.77173913,0.760714286,0.708737864,0.691358025,0.791411043,0.706051873,0.742120344,0.684813754,0.694117647,0.784883721,0.711656442,-2,0.740634006,-2,-2,0.549019608,0.693877551,-2,0.6910299,0.447368421,-2,0.834459459,0.740614334,0.815384615,0.76504298,0.666666667,0.714285714,-2,0.752212389,0.690544413,0.760115607,0.752238806,0.723342939,-2,0.772988506,0.764367816,0.711598746,0.744680851,0.722713864,0.753846154,0.789156627,0.640243902,0.718213058,0.684745763,0.708333333,0.723723724,0.731012658,0.71884984,0.757575758,0.705714286,-2,-2,-2,-2,-2,0.656521739,0.504297994,1,-2,-2,0.640226629,0.676217765,0.734265734,0.709677419,0.626086957,0.716332378,0.726726727,0.708333333,0.774566474,0.804597701,0.832142857,0.782747604,-2,0.78125,0.760115607,-2,0.84660767,0.76203966,-2,0.745714286,0.790697674,0.747159091,-2,-2,-2,-2,0.788961039,-2,-2,-2,-2,-2,-2DOM,0.486075949,0.618686869,0.775700935,0.498687664,0.844594595,-2,0.757105943,0.728813559,0.820289855,-2,0.834710744,-2,-2,-2,-2,0.771208226,-2,0.848238482,0.829608939,0.805555556,0.830028329,0.848329049,0.844632768,0.815217391,0.819587629,0.681818182,-2,0.761111111,0.739795918,0.742268041,0.845425868,0.797687861,0.744245524,0.718670077,0.843342037,0.434782609,0.654822335,0.59798995,0.560606061,0.573979592,0.392307692,-2,-2,-2,0.684754522,-2,0.535433071,0.521276596,0.455919395,0.683417085,0.448101266,-2,-2,0.567839196,-2,0.730113636,0.514644351,-2,-2,-2,0.693670886,-2,-2,0.661538462,0.733850129,0.443324937,-2,0.579896907,0.445843829,-2,-2,-2,0.446969697,0.45,-2,-2,-2,0.64231738,0.650753769,0.670854271,0.635678392,0.730458221,0.375,0.4,0.692307692,0.66163142,0.71291866,0.664921466,0.72845953,0.726519337,0.673740053,0.746630728,0.81122449,0.626038781,0.733524355,0.793478261,0.701449275,0.755784062,0.714285714,0.710182768,0.729381443,0.718446602,0.71835443,0.679300292,0.663888889,0.785714286,0.686375321,0.734693878,0.67357513,0.665796345,0.730366492,0.675,-2,0.711340206,-2,-2,0.689655172,0.671834625,-2,0.675241158,0.492385787,-2,0.822629969,0.714285714,0.802768166,0.76092545,0.666666667,0.706382979,-2,0.702479339,0.647208122,0.730769231,0.727748691,0.695767196,-2,0.74559194,0.715384615,0.654069767,0.705882353,0.672176309,0.715469613,0.740641711,0.651474531,0.709480122,0.661585366,0.684210526,0.692307692,0.702777778,0.697819315,0.714285714,0.648717949,-2,-2,-2,-2,-2,0.545816733,0.454314721,1,-2,-2,0.664141414,0.636828645,0.702702703,0.692105263,0.691056911,0.654731458,0.685483871,0.714285714,0.721354167,0.753180662,0.815068493,0.743440233,-2,0.735368957,0.718346253,-2,0.798429319,0.724747475,-2,0.703797468,0.867924528,0.749367089,-2,-2,-2,-2,0.798798799,-2,-2,-2,-2,-2,-2JAM,0.370044053,0.534065934,0.68852459,0.630136986,0.771260997,0.757105943,-2,0.890243902,0.754475703,-2,0.795454545,-2,-2,-2,-2,0.880898876,-2,0.756626506,0.757352941,0.755555556,0.668341709,0.712669683,0.868486352,0.787589499,0.84009009,0.854460094,-2,0.824817518,0.850446429,0.741573034,0.721126761,0.744063325,0.754545455,0.805803571,0.712328767,0.385300668,0.646799117,0.538293217,0.479120879,0.50896861,0.366071429,-2,-2,-2,0.650900901,-2,0.504545455,0.423423423,0.593406593,0.658643326,0.588105727,-2,-2,0.516411379,-2,0.869565217,0.695804196,-2,-2,-2,0.81938326,-2,-2,0.691964286,0.853932584,0.587719298,-2,0.729119639,0.587719298,-2,-2,-2,0.588495575,0.596810934,-2,-2,-2,0.703947368,0.656455142,0.645514223,0.573304158,0.727699531,0.571428571,0.666666667,0.845454545,0.798941799,0.864035088,0.803167421,0.846846847,0.845783133,0.801385681,0.864608076,0.837416481,0.774580336,0.866995074,0.796650718,0.865822785,0.873873874,0.826484018,0.845804989,0.841628959,0.813559322,0.769647696,0.851758794,0.813267813,0.894230769,0.810810811,0.875831486,0.813063063,0.801822323,0.856164384,0.825123153,-2,0.862612613,-2,-2,0.875,0.826966292,-2,0.528089888,0.371308017,-2,0.832891247,0.850704225,0.834862385,0.836689038,0.914285714,0.847583643,-2,0.816229117,0.774834437,0.832589286,0.801369863,0.829493088,-2,0.802660754,0.762222222,0.775,0.819861432,0.816901408,0.819951338,0.793911007,0.518957346,0.787798408,0.800531915,0.824200913,0.843317972,0.821256039,0.841397849,0.80952381,0.787946429,-2,-2,-2,-2,-2,0.728476821,0.595132743,0.888888889,-2,-2,0.650549451,0.783964365,0.846153846,0.803240741,0.865671642,0.800443459,0.813842482,0.848484848,0.818594104,0.844444444,0.855882353,0.851010101,-2,0.828888889,0.840807175,-2,0.856818182,0.821978022,-2,0.691629956,0.865384615,0.682119205,-2,-2,-2,-2,0.809018568,-2,-2,-2,-2,-2,-2TTO,0.346987952,0.533492823,0.661157025,0.664160401,0.748502994,0.728813559,0.890243902,-2,0.740112994,-2,0.78125,-2,-2,-2,-2,0.87960688,-2,0.740837696,0.729946524,0.703324808,0.652892562,0.70617284,0.830645161,0.787179487,0.828431373,0.89769821,-2,0.842245989,0.882640587,0.709756098,0.696793003,0.687134503,0.792592593,0.784841076,0.69382716,0.417475728,0.615942029,0.526315789,0.483173077,0.495073892,0.408312958,-2,-2,-2,0.665024631,-2,0.488778055,0.417840376,0.630695444,0.650717703,0.624096386,-2,-2,0.507177033,-2,0.843137255,0.762264151,-2,-2,-2,0.860576923,-2,-2,0.700980392,0.882640587,0.618705036,-2,0.769417476,0.621103118,-2,-2,-2,0.622276029,0.6325,-2,-2,-2,0.701923077,0.660287081,0.626794258,0.566985646,0.727040816,0.625,0.7,0.851851852,0.873925501,0.829383886,0.850746269,0.841463415,0.810026385,0.839694656,0.847769029,0.826829268,0.823218997,0.838461538,0.787401575,0.876712329,0.866995074,0.869458128,0.886699507,0.906633907,0.751552795,0.723723724,0.855955679,0.857526882,0.832460733,0.844827586,0.891304348,0.875305623,0.851758794,0.860349127,0.880319149,-2,0.888077859,-2,-2,0.870967742,0.870731707,-2,0.486725664,0.325892857,-2,0.8,0.850746269,0.798679868,0.827250608,0.916666667,0.839215686,-2,0.87755102,0.826086957,0.86097561,0.859649123,0.878712871,-2,0.839805825,0.783980583,0.814713896,0.863636364,0.861538462,0.865789474,0.824742268,0.507772021,0.81547619,0.857954545,0.87,0.855696203,0.855227882,0.882022472,0.851744186,0.834549878,-2,-2,-2,-2,-2,0.769503546,0.628915663,0.5,-2,-2,0.636363636,0.832524272,0.854545455,0.857142857,0.9,0.861313869,0.866840731,0.819672131,0.815724816,0.817518248,0.839879154,0.811827957,-2,0.877403846,0.820638821,-2,0.843672457,0.838942308,-2,0.674698795,0.865384615,0.658653846,-2,-2,-2,-2,0.770718232,-2,-2,-2,-2,-2,-2BRB,0.448019802,0.580246914,0.823529412,0.525641026,0.871710526,0.820289855,0.754475703,0.740112994,-2,-2,0.830645161,-2,-2,-2,-2,0.72979798,-2,0.782608696,0.776243094,0.771349862,0.769662921,0.820253165,0.792717087,0.767567568,0.767088608,0.706349206,-2,0.76819407,0.720698254,0.674242424,0.788990826,0.738028169,0.725641026,0.676691729,0.783163265,0.43,0.640198511,0.562653563,0.528395062,0.556390977,0.389447236,-2,-2,-2,0.621212121,-2,0.470588235,0.529411765,0.512315271,0.653562654,0.504950495,-2,-2,0.535626536,-2,0.696793003,0.564885496,-2,-2,-2,0.722772277,-2,-2,0.617128463,0.73989899,0.5,-2,0.631043257,0.502463054,-2,-2,-2,0.502487562,0.508997429,-2,-2,-2,0.633004926,0.633906634,0.626535627,0.619164619,0.703412073,0.375,0.4,0.647619048,0.686956522,0.684210526,0.676923077,0.707692308,0.703504043,0.68134715,0.720207254,0.796992481,0.637362637,0.720338983,0.801630435,0.713498623,0.76010101,0.71722365,0.70959596,0.718346253,0.726708075,0.702453988,0.702549575,0.680555556,0.739726027,0.697201018,0.7275,0.697969543,0.678756477,0.728682171,0.685236769,-2,0.739240506,-2,-2,0.661538462,0.695431472,-2,0.662576687,0.378238342,-2,0.792284866,0.710843373,0.773195876,0.725440806,0.75,0.705882353,-2,0.703804348,0.664179104,0.7175,0.729381443,0.707379135,-2,0.714640199,0.695760599,0.659574468,0.724226804,0.693506494,0.717032967,0.724867725,0.628647215,0.672566372,0.664670659,0.695090439,0.692695214,0.696,0.685131195,0.71388102,0.6675,-2,-2,-2,-2,-2,0.611510791,0.509950249,0.777777778,-2,-2,0.612345679,0.6825,0.712460064,0.693298969,0.637037037,0.711442786,0.705263158,0.771929825,0.749360614,0.755,0.803986711,0.766197183,-2,0.751879699,0.743718593,-2,0.795918367,0.733333333,-2,0.695544554,0.811320755,0.70719603,-2,-2,-2,-2,0.771771772,-2,-2,-2,-2,-2,-2DMA,-2,-2,-2,-2,-2,-2,-2,-2,-2,-2,-2,-2,-2,-2,-2,-2,-2,-2,-2,-2,-2,-2,-2,-2,-2,-2,-2,-2,-2,-2,-2,-2,-2,-2,-2,-2,-2,-2,-2,-2,-2,-2,-2,-2,-2,-2,-2,-2,-2,-2,-2,-2,-2,-2,-2,-2,-2,-2,-2,-2,-2,-2,-2,-2,-2,-2,-2,-2,-2,-2,-2,-2,-2,-2,-2,-2,-2,-2,-2,-2,-2,-2,-2,-2,-2,-2,-2,-2,-2,-2,-2,-2,-2,-2,-2,-2,-2,-2,-2,-2,-2,-2,-2,-2,-2,-2,-2,-2,-2,-2,-2,-2,-2,-2,-2,-2,-2,-2,-2,-2,-2,-2,-2,-2,-2,-2,-2,-2,-2,-2,-2,-2,-2,-2,-2,-2,-2,-2,-2,-2,-2,-2,-2,-2,-2,-2,-2,-2,-2,-2,-2,-2,-2,-2,-2,-2,-2,-2,-2,-2,-2,-2,-2,-2,-2,-2,-2,-2,-2,-2,-2,-2,-2,-2,-2,-2,-2,-2,-2,-2,-2,-2,-2,-2,-2,-2,-2,-2,-2,-2,-2,-2,-2,-2GRD,0.325757576,0.621212121,0.779069767,0.576923077,0.825688073,0.834710744,0.795454545,0.78125,0.830645161,-2,-2,-2,-2,-2,-2,0.787878788,-2,0.798245614,0.773584906,0.780487805,0.626168224,0.742424242,0.821138211,0.790697674,0.8203125,0.767241379,-2,0.775862069,0.787878788,0.7109375,0.767241379,0.675925926,0.734375,0.698412698,0.733333333,0.450381679,0.636363636,0.553030303,0.492424242,0.492424242,0.34351145,-2,-2,-2,0.661538462,-2,0.742424242,0.462121212,0.606060606,0.681818182,0.610687023,-2,-2,0.5,-2,0.823529412,0.65,-2,-2,-2,0.78030303,-2,-2,0.744186047,0.813953488,0.606060606,-2,0.6953125,0.606060606,-2,-2,-2,0.606060606,0.612403101,-2,-2,-2,0.734848485,0.704545455,0.681818182,0.628787879,0.720930233,0.714285714,0.666666667,0.794392523,0.810810811,0.739583333,0.768,0.784615385,0.710526316,0.724409449,0.8,0.792307692,0.728682171,0.795275591,0.803418803,0.781512605,0.779527559,0.787401575,0.772727273,0.768,0.785714286,0.689655172,0.798245614,0.769230769,0.775,0.734848485,0.765151515,0.770992366,0.675,0.79389313,0.790322581,-2,0.793650794,-2,-2,0.816666667,0.753968254,-2,0.596330275,0,-2,0.8,0.774193548,0.842592593,0.769230769,0.794117647,0.765151515,-2,0.745901639,0.740458015,0.7890625,0.825,0.787878788,-2,0.790697674,0.807692308,0.74015748,0.798387097,0.807692308,0.791666667,0.825396825,0.43442623,0.796116505,0.76344086,0.786259542,0.803030303,0.801526718,0.776923077,0.8359375,0.792307692,-2,-2,-2,-2,-2,0.680412371,0.603053435,-2,-2,-2,0.643939394,0.7,0.688,0.751937984,0.755905512,0.776923077,0.778625954,0.857142857,0.811023622,0.810606061,0.755555556,0.824427481,-2,0.833333333,0.807692308,-2,0.810606061,0.778625954,-2,0.734848485,0.865384615,0.757575758,-2,-2,-2,-2,0.822033898,-2,-2,-2,-2,-2,-2LCA,-2,-2,-2,-2,-2,-2,-2,-2,-2,-2,-2,-2,-2,-2,-2,-2,-2,-2,-2,-2,-2,-2,-2,-2,-2,-2,-2,-2,-2,-2,-2,-2,-2,-2,-2,-2,-2,-2,-2,-2,-2,-2,-2,-2,-2,-2,-2,-2,-2,-2,-2,-2,-2,-2,-2,-2,-2,-2,-2,-2,-2,-2,-2,-2,-2,-2,-2,-2,-2,-2,-2,-2,-2,-2,-2,-2,-2,-2,-2,-2,-2,-2,-2,-2,-2,-2,-2,-2,-2,-2,-2,-2,-2,-2,-2,-2,-2,-2,-2,-2,-2,-2,-2,-2,-2,-2,-2,-2,-2,-2,-2,-2,-2,-2,-2,-2,-2,-2,-2,-2,-2,-2,-2,-2,-2,-2,-2,-2,-2,-2,-2,-2,-2,-2,-2,-2,-2,-2,-2,-2,-2,-2,-2,-2,-2,-2,-2,-2,-2,-2,-2,-2,-2,-2,-2,-2,-2,-2,-2,-2,-2,-2,-2,-2,-2,-2,-2,-2,-2,-2,-2,-2,-2,-2,-2,-2,-2,-2,-2,-2,-2,-2,-2,-2,-2,-2,-2,-2,-2,-2,-2,-2,-2,-2VCT,-2,-2,-2,-2,-2,-2,-2,-2,-2,-2,-2,-2,-2,-2,-2,-2,-2,-2,-2,-2,-2,-2,-2,-2,-2,-2,-2,-2,-2,-2,-2,-2,-2,-2,-2,-2,-2,-2,-2,-2,-2,-2,-2,-2,-2,-2,-2,-2,-2,-2,-2,-2,-2,-2,-2,-2,-2,-2,-2,-2,-2,-2,-2,-2,-2,-2,-2,-2,-2,-2,-2,-2,-2,-2,-2,-2,-2,-2,-2,-2,-2,-2,-2,-2,-2,-2,-2,-2,-2,-2,-2,-2,-2,-2,-2,-2,-2,-2,-2,-2,-2,-2,-2,-2,-2,-2,-2,-2,-2,-2,-2,-2,-2,-2,-2,-2,-2,-2,-2,-2,-2,-2,-2,-2,-2,-2,-2,-2,-2,-2,-2,-2,-2,-2,-2,-2,-2,-2,-2,-2,-2,-2,-2,-2,-2,-2,-2,-2,-2,-2,-2,-2,-2,-2,-2,-2,-2,-2,-2,-2,-2,-2,-2,-2,-2,-2,-2,-2,-2,-2,-2,-2,-2,-2,-2,-2,-2,-2,-2,-2,-2,-2,-2,-2,-2,-2,-2,-2,-2,-2,-2,-2,-2,-2ATG,-2,-2,-2,-2,-2,-2,-2,-2,-2,-2,-2,-2,-2,-2,-2,-2,-2,-2,-2,-2,-2,-2,-2,-2,-2,-2,-2,-2,-2,-2,-2,-2,-2,-2,-2,-2,-2,-2,-2,-2,-2,-2,-2,-2,-2,-2,-2,-2,-2,-2,-2,-2,-2,-2,-2,-2,-2,-2,-2,-2,-2,-2,-2,-2,-2,-2,-2,-2,-2,-2,-2,-2,-2,-2,-2,-2,-2,-2,-2,-2,-2,-2,-2,-2,-2,-2,-2,-2,-2,-2,-2,-2,-2,-2,-2,-2,-2,-2,-2,-2,-2,-2,-2,-2,-2,-2,-2,-2,-2,-2,-2,-2,-2,-2,-2,-2,-2,-2,-2,-2,-2,-2,-2,-2,-2,-2,-2,-2,-2,-2,-2,-2,-2,-2,-2,-2,-2,-2,-2,-2,-2,-2,-2,-2,-2,-2,-2,-2,-2,-2,-2,-2,-2,-2,-2,-2,-2,-2,-2,-2,-2,-2,-2,-2,-2,-2,-2,-2,-2,-2,-2,-2,-2,-2,-2,-2,-2,-2,-2,-2,-2,-2,-2,-2,-2,-2,-2,-2,-2,-2,-2,-2,-2,-2KNA,-2,-2,-2,-2,-2,-2,-2,-2,-2,-2,-2,-2,-2,-2,-2,-2,-2,-2,-2,-2,-2,-2,-2,-2,-2,-2,-2,-2,-2,-2,-2,-2,-2,-2,-2,-2,-2,-2,-2,-2,-2,-2,-2,-2,-2,-2,-2,-2,-2,-2,-2,-2,-2,-2,-2,-2,-2,-2,-2,-2,-2,-2,-2,-2,-2,-2,-2,-2,-2,-2,-2,-2,-2,-2,-2,-2,-2,-2,-2,-2,-2,-2,-2,-2,-2,-2,-2,-2,-2,-2,-2,-2,-2,-2,-2,-2,-2,-2,-2,-2,-2,-2,-2,-2,-2,-2,-2,-2,-2,-2,-2,-2,-2,-2,-2,-2,-2,-2,-2,-2,-2,-2,-2,-2,-2,-2,-2,-2,-2,-2,-2,-2,-2,-2,-2,-2,-2,-2,-2,-2,-2,-2,-2,-2,-2,-2,-2,-2,-2,-2,-2,-2,-2,-2,-2,-2,-2,-2,-2,-2,-2,-2,-2,-2,-2,-2,-2,-2,-2,-2,-2,-2,-2,-2,-2,-2,-2,-2,-2,-2,-2,-2,-2,-2,-2,-2,-2,-2,-2,-2,-2,-2,-2,-2MEX,0.380434783,0.557483731,0.698412698,0.630630631,0.75659824,0.771208226,0.880898876,0.87960688,0.72979798,-2,0.787878788,-2,-2,-2,-2,-2,-2,0.7695962,0.796568627,0.761670762,0.676399027,0.724832215,0.861386139,0.797169811,0.862222222,0.844186047,-2,0.826923077,0.859030837,0.756097561,0.725490196,0.721052632,0.774774775,0.795154185,0.725623583,0.413186813,0.662309368,0.537796976,0.494577007,0.514476615,0.384615385,-2,-2,-2,0.676274945,-2,0.525842697,0.459915612,0.577922078,0.688984881,0.57173913,-2,-2,0.535637149,-2,0.861460957,0.686619718,-2,-2,-2,0.808695652,-2,-2,0.710816777,0.859688196,0.571428571,-2,0.726057906,0.571428571,-2,-2,-2,0.572052402,0.579775281,-2,-2,-2,0.718004338,0.678185745,0.656587473,0.593952484,0.745995423,0.75,0.8,0.821428571,0.812664908,0.837004405,0.808558559,0.824324324,0.803357314,0.798627002,0.856132075,0.837004405,0.772182254,0.840686275,0.792147806,0.854636591,0.872483221,0.836363636,0.84529148,0.85520362,0.792022792,0.752021563,0.835,0.795620438,0.848130841,0.827740492,0.870614035,0.8098434,0.817767654,0.859410431,0.829683698,-2,0.848552339,-2,-2,0.846153846,0.808035714,-2,0.552777778,0.37826087,-2,0.830729167,0.860335196,0.818731118,0.831858407,0.833333333,0.821969697,-2,0.827830189,0.770742358,0.856512141,0.826576577,0.836363636,-2,0.840262582,0.773626374,0.7680798,0.84562212,0.811320755,0.843601896,0.822014052,0.538641686,0.800531915,0.80878553,0.817155756,0.824601367,0.822541966,0.82642487,0.823529412,0.799116998,-2,-2,-2,-2,-2,0.720930233,0.57860262,0.875,-2,-2,0.670281996,0.784615385,0.857541899,0.819413093,0.842857143,0.81978022,0.835648148,0.852941176,0.836689038,0.846491228,0.870317003,0.830049261,-2,0.837362637,0.853006682,-2,0.852017937,0.835140998,-2,0.708695652,0.849056604,0.68627451,-2,-2,-2,-2,0.819371728,-2,-2,-2,-2,-2,-2BLZ,-2,-2,-2,-2,-2,-2,-2,-2,-2,-2,-2,-2,-2,-2,-2,-2,-2,-2,-2,-2,-2,-2,-2,-2,-2,-2,-2,-2,-2,-2,-2,-2,-2,-2,-2,-2,-2,-2,-2,-2,-2,-2,-2,-2,-2,-2,-2,-2,-2,-2,-2,-2,-2,-2,-2,-2,-2,-2,-2,-2,-2,-2,-2,-2,-2,-2,-2,-2,-2,-2,-2,-2,-2,-2,-2,-2,-2,-2,-2,-2,-2,-2,-2,-2,-2,-2,-2,-2,-2,-2,-2,-2,-2,-2,-2,-2,-2,-2,-2,-2,-2,-2,-2,-2,-2,-2,-2,-2,-2,-2,-2,-2,-2,-2,-2,-2,-2,-2,-2,-2,-2,-2,-2,-2,-2,-2,-2,-2,-2,-2,-2,-2,-2,-2,-2,-2,-2,-2,-2,-2,-2,-2,-2,-2,-2,-2,-2,-2,-2,-2,-2,-2,-2,-2,-2,-2,-2,-2,-2,-2,-2,-2,-2,-2,-2,-2,-2,-2,-2,-2,-2,-2,-2,-2,-2,-2,-2,-2,-2,-2,-2,-2,-2,-2,-2,-2,-2,-2,-2,-2,-2,-2,-2,-2GTM,0.455607477,0.617715618,0.770642202,0.541262136,0.829652997,0.848238482,0.756626506,0.740837696,0.782608696,-2,0.798245614,-2,-2,-2,-2,0.7695962,-2,-2,0.849350649,0.84375,0.746701847,0.840963855,0.806878307,0.815189873,0.80760095,0.689054726,-2,0.780927835,0.736966825,0.732696897,0.805389222,0.815642458,0.760095012,0.724705882,0.823671498,0.45990566,0.662763466,0.607888631,0.58041958,0.605263158,0.428909953,-2,-2,-2,0.696897375,-2,0.508274232,0.519230769,0.504651163,0.682134571,0.502336449,-2,-2,0.593967517,-2,0.726519337,0.55513308,-2,-2,-2,0.710280374,-2,-2,0.695961995,0.741007194,0.502325581,-2,0.601895735,0.5,-2,-2,-2,0.5,0.503631961,-2,-2,-2,0.641025641,0.642691415,0.651972158,0.645011601,0.721105528,0.25,0.222222222,0.643564356,0.689458689,0.742990654,0.690072639,0.731234867,0.70437018,0.696821516,0.751256281,0.783529412,0.648578811,0.734748011,0.753768844,0.728947368,0.755395683,0.734939759,0.74939759,0.720763723,0.704819277,0.747851003,0.711590296,0.691709845,0.772378517,0.690647482,0.734741784,0.689903846,0.689156627,0.742092457,0.690104167,-2,0.744630072,-2,-2,0.577777778,0.700239808,-2,0.63963964,0.429184549,-2,0.790229885,0.703592814,0.762376238,0.754137116,0.576923077,0.701612903,-2,0.722222222,0.662763466,0.745283019,0.720481928,0.718826406,-2,0.776223776,0.756501182,0.664,0.719602978,0.699745547,0.73126615,0.7525,0.628787879,0.693181818,0.672316384,0.685230024,0.701711491,0.716494845,0.713872832,0.737891738,0.694312796,-2,-2,-2,-2,-2,0.583333333,0.505854801,1,-2,-2,0.662004662,0.674528302,0.714714715,0.703431373,0.641025641,0.704491726,0.68877551,0.71641791,0.734939759,0.756501182,0.820121951,0.765667575,-2,0.733490566,0.739856802,-2,0.785377358,0.734265734,-2,0.728971963,0.772727273,0.737704918,-2,-2,-2,-2,0.764705882,-2,-2,-2,-2,-2,-2HND,0.465227818,0.618138425,0.752475248,0.545905707,0.822629969,0.829608939,0.757352941,0.729946524,0.776243094,-2,0.773584906,-2,-2,-2,-2,0.796568627,-2,0.849350649,-2,0.820375335,0.754521964,0.804938272,0.819148936,0.81443299,0.81372549,0.722921914,-2,0.800518135,0.758536585,0.75794621,0.798798799,0.793871866,0.754299754,0.749391727,0.813106796,0.475845411,0.677884615,0.602380952,0.583732057,0.593137255,0.432038835,-2,-2,-2,0.685503686,-2,0.502475248,0.567164179,0.480861244,0.707142857,0.474820144,-2,-2,0.616666667,-2,0.755617978,0.581395349,-2,-2,-2,0.700239808,-2,-2,0.716707022,0.73902439,0.470167064,-2,0.598039216,0.474940334,-2,-2,-2,0.472289157,0.480099502,-2,-2,-2,0.663484487,0.657142857,0.661904762,0.647619048,0.739795918,0.375,0.333333333,0.640449438,0.691876751,0.764150943,0.678217822,0.736453202,0.721518987,0.701754386,0.76142132,0.800970874,0.652173913,0.747989276,0.755154639,0.756032172,0.766423358,0.728855721,0.736453202,0.730864198,0.766272189,0.74127907,0.715846995,0.694516971,0.793281654,0.708333333,0.75,0.691176471,0.690243902,0.76426799,0.712793734,-2,0.75794621,-2,-2,0.615384615,0.69193154,-2,0.648809524,0.425339367,-2,0.790087464,0.729483283,0.788395904,0.751824818,0.592592593,0.690987124,-2,0.72519084,0.661057692,0.739659367,0.725247525,0.715,-2,0.762589928,0.734299517,0.662125341,0.721518987,0.686684073,0.718832891,0.744845361,0.624365482,0.702549575,0.673184358,0.68159204,0.682619647,0.700787402,0.6884273,0.736231884,0.679518072,-2,-2,-2,-2,-2,0.610294118,0.479518072,1,-2,-2,0.684210526,0.65942029,0.711538462,0.690954774,0.625,0.696385542,0.697127937,0.754385965,0.76097561,0.794188862,0.822580645,0.774373259,-2,0.736714976,0.776155718,-2,0.807407407,0.723150358,-2,0.726618705,0.791666667,0.723557692,-2,-2,-2,-2,0.786127168,-2,-2,-2,-2,-2,-2SLV,0.456730769,0.625298329,0.810344828,0.4875,0.804154303,0.805555556,0.755555556,0.703324808,0.771349862,-2,0.780487805,-2,-2,-2,-2,0.761670762,-2,0.84375,0.820375335,-2,0.72899729,0.785365854,0.809264305,0.802564103,0.790243902,0.681818182,-2,0.762666667,0.7,0.75,0.774928775,0.771186441,0.718518519,0.718446602,0.794117647,0.457627119,0.674698795,0.606205251,0.582733813,0.604368932,0.409756098,-2,-2,-2,0.660098522,-2,0.5,0.556074766,0.462829736,0.680190931,0.459134615,-2,-2,0.613365155,-2,0.713888889,0.520912548,-2,-2,-2,0.678657074,-2,-2,0.639902676,0.711165049,0.456937799,-2,0.604878049,0.459330144,-2,-2,-2,0.461352657,0.463840399,-2,-2,-2,0.645933014,0.651551313,0.651551313,0.632458234,0.732824427,0.375,0.333333333,0.648148148,0.66,0.708737864,0.643564356,0.700980392,0.671957672,0.663291139,0.712468193,0.743341404,0.613756614,0.699228792,0.723514212,0.7,0.738916256,0.725925926,0.696821516,0.68159204,0.73006135,0.715133531,0.686111111,0.65171504,0.745454545,0.67804878,0.721822542,0.653658537,0.660098522,0.729528536,0.673629243,-2,0.701711491,-2,-2,0.586206897,0.657701711,-2,0.64469914,0.391111111,-2,0.745098039,0.693693694,0.783333333,0.699029126,0.566666667,0.685823755,-2,0.703608247,0.628019324,0.707317073,0.6875,0.68226601,-2,0.721822542,0.704600484,0.642473118,0.691139241,0.674300254,0.685863874,0.706940874,0.565217391,0.676470588,0.648571429,0.65920398,0.664987406,0.675531915,0.673076923,0.690340909,0.649758454,-2,-2,-2,-2,-2,0.567857143,0.463768116,1,-2,-2,0.656324582,0.636803874,0.695783133,0.6675,0.623076923,0.654501217,0.663265306,0.735294118,0.735802469,0.725060827,0.794561934,0.759358289,-2,0.707434053,0.705882353,-2,0.755610973,0.70263789,-2,0.711538462,0.76,0.726618705,-2,-2,-2,-2,0.741666667,-2,-2,-2,-2,-2,-2NIC,0.555825243,0.606796117,0.621359223,0.424242424,0.771159875,0.830028329,0.668341709,0.652892562,0.769662921,-2,0.626168224,-2,-2,-2,-2,0.676399027,-2,0.746701847,0.754521964,0.72899729,-2,0.857855362,0.757493188,0.753926702,0.698019802,0.628498728,-2,0.687664042,0.625615764,0.646766169,0.792168675,0.764705882,0.650872818,0.627160494,0.813895782,0.485221675,0.653658537,0.61352657,0.57038835,0.58560794,0.437346437,-2,-2,-2,0.630922693,-2,0.483627204,0.615384615,0.390776699,0.637681159,0.379562044,-2,-2,0.589371981,-2,0.648876404,0.439215686,-2,-2,-2,0.615571776,-2,-2,0.629901961,0.65920398,0.387409201,-2,0.541147132,0.384987893,-2,-2,-2,0.386308068,0.38790932,-2,-2,-2,0.617433414,0.628019324,0.642512077,0.630434783,0.697969543,0.125,0.111111111,0.489130435,0.593220339,0.624390244,0.59697733,0.629072682,0.652173913,0.618320611,0.668393782,0.71007371,0.544502618,0.631578947,0.712468193,0.62295082,0.691542289,0.640506329,0.6225,0.651515152,0.645454545,0.664705882,0.619047619,0.603174603,0.693506494,0.611940299,0.664215686,0.598503741,0.603491272,0.644836272,0.617414248,-2,0.656716418,-2,-2,0.48,0.620347395,-2,0.678678679,0.471428571,-2,0.709677419,0.614906832,0.711864407,0.661728395,0.62962963,0.616071429,-2,0.658163265,0.572127139,0.658415842,0.635443038,0.633587786,-2,0.681265207,0.62745098,0.568627451,0.625641026,0.612732095,0.653439153,0.655263158,0.716883117,0.60982659,0.601671309,0.605063291,0.601023018,0.624664879,0.607038123,0.62716763,0.597530864,-2,-2,-2,-2,-2,0.496240602,0.389705882,1,-2,-2,0.623786408,0.57985258,0.631746032,0.623737374,0.504273504,0.598522167,0.628865979,0.672727273,0.664197531,0.665847666,0.74267101,0.680555556,-2,0.657635468,0.649253731,-2,0.72979798,0.653753027,-2,0.647201946,0.651162791,0.683698297,-2,-2,-2,-2,0.68914956,-2,-2,-2,-2,-2,-2CRI,0.493421053,0.60745614,0.73015873,0.487471526,0.843023256,0.848329049,0.712669683,0.70617284,0.820253165,-2,0.742424242,-2,-2,-2,-2,0.724832215,-2,0.840963855,0.804938272,0.785365854,0.857855362,-2,0.791563275,0.806603774,0.768539326,0.660465116,-2,0.73902439,0.691964286,0.706278027,0.818181818,0.794805195,0.702272727,0.674832962,0.846681922,0.46,0.656387665,0.591703057,0.557017544,0.567928731,0.396436526,-2,-2,-2,0.680898876,-2,0.496598639,0.547826087,0.447368421,0.672489083,0.441758242,-2,-2,0.569868996,-2,0.705882353,0.512280702,-2,-2,-2,0.672527473,-2,-2,0.648106904,0.708520179,0.442013129,-2,0.574324324,0.439824945,-2,-2,-2,0.439293598,0.440909091,-2,-2,-2,0.628008753,0.644104803,0.655021834,0.633187773,0.745882353,0.125,0.2,0.598214286,0.640419948,0.682608696,0.650793651,0.684807256,0.688405797,0.657407407,0.71563981,0.753333333,0.607228916,0.693627451,0.760095012,0.681012658,0.729119639,0.697247706,0.680995475,0.703872437,0.668571429,0.674863388,0.667506297,0.651105651,0.743405276,0.65990991,0.716814159,0.652370203,0.652173913,0.69476082,0.665024631,-2,0.719101124,-2,-2,0.569230769,0.665914221,-2,0.662049861,0.43231441,-2,0.759358289,0.670422535,0.746130031,0.71714922,0.638888889,0.682656827,-2,0.704761905,0.629139073,0.696428571,0.696347032,0.67881549,-2,0.730684327,0.677060134,0.623441397,0.686774942,0.657957245,0.707317073,0.708235294,0.669014085,0.664879357,0.643044619,0.657534247,0.653579677,0.670673077,0.656914894,0.680738786,0.651785714,-2,-2,-2,-2,-2,0.558139535,0.442477876,1,-2,-2,0.631578947,0.636363636,0.710227273,0.669724771,0.578571429,0.648888889,0.669811321,0.71641791,0.714932127,0.729490022,0.795977011,0.718987342,-2,0.716186253,0.702702703,-2,0.781818182,0.708333333,-2,0.707692308,0.754716981,0.735682819,-2,-2,-2,-2,0.768617021,-2,-2,-2,-2,-2,-2PAN,0.436893204,0.579710145,0.763636364,0.5975,0.810126582,0.844632768,0.868486352,0.830645161,0.792717087,-2,0.821138211,-2,-2,-2,-2,0.861386139,-2,0.806878307,0.819148936,0.809264305,0.757493188,0.791563275,-2,0.835475578,0.84691358,0.786632391,-2,0.824933687,0.800982801,0.758024691,0.777108434,0.815864023,0.7680798,0.815724816,0.798004988,0.425427873,0.669099757,0.578313253,0.527845036,0.553349876,0.374384236,-2,-2,-2,0.694789082,-2,0.516372796,0.48019802,0.550724638,0.681927711,0.54368932,-2,-2,0.561445783,-2,0.861971831,0.650980392,-2,-2,-2,0.798543689,-2,-2,0.705882353,0.833746898,0.543478261,-2,0.692307692,0.543478261,-2,-2,-2,0.543902439,0.55163728,-2,-2,-2,0.697336562,0.665060241,0.665060241,0.619277108,0.742268041,0.75,0.777777778,0.764150943,0.766763848,0.81042654,0.756892231,0.808457711,0.788359788,0.778625954,0.848563969,0.837438424,0.734042553,0.845108696,0.798429319,0.820936639,0.862842893,0.809160305,0.783919598,0.815656566,0.796875,0.769230769,0.812849162,0.77540107,0.859416446,0.795061728,0.838630807,0.760493827,0.773869347,0.845,0.788617886,-2,0.830845771,-2,-2,0.803278689,0.788029925,-2,0.617283951,0.41509434,-2,0.842424242,0.816199377,0.858552632,0.819753086,0.818181818,0.824701195,-2,0.811023622,0.748780488,0.812345679,0.8025,0.804511278,-2,0.805825243,0.770171149,0.743093923,0.804568528,0.78125,0.824324324,0.816272966,0.587179487,0.786350148,0.768115942,0.784810127,0.792838875,0.808108108,0.798816568,0.800578035,0.760391198,-2,-2,-2,-2,-2,0.706959707,0.548780488,1,-2,-2,0.680387409,0.757352941,0.819047619,0.785714286,0.78030303,0.764127764,0.793103448,0.789473684,0.82382134,0.843137255,0.892063492,0.840220386,-2,0.828850856,0.843283582,-2,0.882793017,0.823244552,-2,0.72815534,0.811320755,0.723970944,-2,-2,-2,-2,0.853448276,-2,-2,-2,-2,-2,-2COL,0.43187067,0.612903226,0.764227642,0.546539379,0.8125,0.815217391,0.787589499,0.787179487,0.767567568,-2,0.790697674,-2,-2,-2,-2,0.797169811,-2,0.815189873,0.81443299,0.802564103,0.753926702,0.806603774,0.835475578,-2,0.850117096,0.717761557,-2,0.805128205,0.74941452,0.74941452,0.820512821,0.816666667,0.745238095,0.770491803,0.830143541,0.447552448,0.683602771,0.584862385,0.567816092,0.586288416,0.405152225,-2,-2,-2,0.690307329,-2,0.5,0.554545455,0.504608295,0.701834862,0.5,-2,-2,0.598623853,-2,0.762803235,0.564575646,-2,-2,-2,0.720554273,-2,-2,0.700934579,0.758215962,0.494252874,-2,0.624413146,0.496551724,-2,-2,-2,0.497685185,0.503579952,-2,-2,-2,0.67281106,0.667431193,0.665137615,0.646788991,0.738916256,0.5,0.444444444,0.690909091,0.683060109,0.744588745,0.69047619,0.722748815,0.724050633,0.692857143,0.766169154,0.819672131,0.648101266,0.768656716,0.7525,0.722955145,0.794811321,0.76076555,0.735224586,0.76076555,0.724550898,0.719101124,0.715039578,0.671755725,0.77638191,0.696470588,0.76744186,0.712941176,0.697115385,0.750593824,0.712468193,-2,0.764150943,-2,-2,0.75,0.712264151,-2,0.630498534,0.385321101,-2,0.797752809,0.743440233,0.815625,0.73943662,0.75,0.72519084,-2,0.736453202,0.665893271,0.741784038,0.730310263,0.720379147,-2,0.779582367,0.752336449,0.678851175,0.731051345,0.703241895,0.728900256,0.751231527,0.59057072,0.717877095,0.683473389,0.726618705,0.709443099,0.715012723,0.725761773,0.741046832,0.690866511,-2,-2,-2,-2,-2,0.618881119,0.498839907,1,-2,-2,0.714942529,0.685314685,0.773413897,0.725961538,0.671532847,0.710955711,0.726817043,0.758064516,0.794326241,0.785046729,0.838905775,0.807792208,-2,0.75990676,0.758865248,-2,0.822966507,0.755760369,-2,0.74595843,0.849056604,0.755196305,-2,-2,-2,-2,0.793296089,-2,-2,-2,-2,-2,-2VEN,0.39869281,0.576086957,0.764227642,0.564334086,0.800578035,0.819587629,0.84009009,0.828431373,0.767088608,-2,0.8203125,-2,-2,-2,-2,0.862222222,-2,0.80760095,0.81372549,0.790243902,0.698019802,0.768539326,0.84691358,0.850117096,-2,0.766899767,-2,0.834532374,0.831858407,0.785871965,0.8033241,0.802110818,0.779279279,0.806593407,0.79006772,0.427312775,0.676855895,0.556277056,0.52173913,0.544642857,0.381898455,-2,-2,-2,0.681514477,-2,0.493243243,0.49137931,0.543478261,0.703463203,0.538126362,-2,-2,0.554112554,-2,0.808673469,0.616438356,-2,-2,-2,0.738562092,-2,-2,0.681415929,0.776053215,0.535791757,-2,0.658536585,0.540130152,-2,-2,-2,0.542669584,0.545045045,-2,-2,-2,0.67826087,0.655844156,0.655844156,0.606060606,0.741860465,0.625,0.6,0.733944954,0.727034121,0.780590717,0.726862302,0.771300448,0.774580336,0.72706422,0.796690307,0.832229581,0.695443645,0.800970874,0.749408983,0.786432161,0.81655481,0.78280543,0.776785714,0.792325056,0.765536723,0.745945946,0.755667506,0.714285714,0.811004785,0.742152466,0.795604396,0.732739421,0.732876712,0.79138322,0.752403846,-2,0.801781737,-2,-2,0.758064516,0.740576497,-2,0.588888889,0.383333333,-2,0.803713528,0.774373259,0.807926829,0.776053215,0.771428571,0.75,-2,0.756440281,0.70678337,0.765486726,0.760180995,0.755656109,-2,0.778508772,0.739514349,0.70471464,0.771362587,0.741784038,0.770531401,0.760465116,0.557647059,0.740740741,0.721485411,0.751131222,0.764302059,0.761445783,0.764550265,0.763020833,0.725663717,-2,-2,-2,-2,-2,0.641447368,0.542669584,0.888888889,-2,-2,0.684782609,0.709251101,0.771428571,0.735294118,0.727941176,0.748898678,0.73286052,0.8,0.802690583,0.803964758,0.844632768,0.803030303,-2,0.77753304,0.818791946,-2,0.842342342,0.782608696,-2,0.71459695,0.9,0.711790393,-2,-2,-2,-2,0.809895833,-2,-2,-2,-2,-2,-2GUY,0.343963554,0.495454545,0.641025641,0.749408983,0.712990937,0.681818182,0.854460094,0.89769821,0.706349206,-2,0.767241379,-2,-2,-2,-2,0.844186047,-2,0.689054726,0.722921914,0.681818182,0.628498728,0.660465116,0.786632391,0.717761557,0.766899767,-2,-2,0.798004988,0.858796296,0.68372093,0.624641834,0.636118598,0.785046729,0.744239631,0.656470588,0.405529954,0.579908676,0.479638009,0.454545455,0.462790698,0.407834101,-2,-2,-2,0.634032634,-2,0.449411765,0.425233645,0.688636364,0.604072398,0.681093394,-2,-2,0.477375566,-2,0.836461126,0.803571429,-2,-2,-2,0.890660592,-2,-2,0.671264368,0.86013986,0.678004535,-2,0.789719626,0.684807256,-2,-2,-2,0.684210526,0.692488263,-2,-2,-2,0.657596372,0.626696833,0.592760181,0.542986425,0.681265207,1,1,0.893203883,0.885869565,0.840909091,0.88,0.849765258,0.802469136,0.875598086,0.861985472,0.8,0.851758794,0.835443038,0.778869779,0.875,0.856148492,0.867298578,0.911007026,0.898584906,0.766763848,0.742465753,0.878552972,0.878109453,0.819306931,0.883449883,0.871264368,0.89953271,0.882629108,0.860520095,0.914357683,-2,0.869158879,-2,-2,0.962962963,0.88863109,-2,0.480113636,0.311688312,-2,0.783933518,0.811594203,0.768729642,0.831797235,0.966666667,0.844357977,-2,0.856097561,0.846681922,0.856812933,0.858156028,0.905437352,-2,0.824601367,0.764976959,0.839793282,0.884057971,0.889162562,0.830379747,0.81372549,0.484184915,0.807162534,0.884718499,0.884160757,0.835322196,0.839598997,0.866666667,0.846575342,0.861431871,-2,-2,-2,-2,-2,0.806122449,0.688073394,0.444444444,-2,-2,0.603174603,0.846330275,0.857142857,0.870813397,0.845528455,0.859770115,0.871921182,0.838235294,0.81498829,0.8,0.818991098,0.790026247,-2,0.868965517,0.815850816,-2,0.813679245,0.836363636,-2,0.608200456,0.772727273,0.607305936,-2,-2,-2,-2,0.725274725,-2,-2,-2,-2,-2,-2SUR,-2,-2,-2,-2,-2,-2,-2,-2,-2,-2,-2,-2,-2,-2,-2,-2,-2,-2