1972,USA,CAN,BHS,CUB,HTI,DOM,JAM,TTO,BRB,DMA,GRD,LCA,VCT,ATG,KNA,MEX,BLZ,GTM,HND,SLV,NIC,CRI,PAN,COL,VEN,GUY,SUR,ECU,PER,BRA,BOL,PRY,CHL,ARG,URY,GBR,IRL,NLD,BEL,LUX,FRA,MCO,LIE,CHE,ESP,AND,PRT,DEU,POL,AUT,HUN,CZE,SVK,ITA,SMR,MLT,ALB,MNE,MKD,HRV,SRB,BIH,SVN,GRC,CYP,BGR,MDA,ROU,RUS,EST,LVA,LTU,UKR,BLR,ARM,GEO,AZE,FIN,SWE,NOR,DNK,ISL,CPV,STP,GNB,GNQ,GMB,MLI,SEN,BEN,MRT,NER,CIV,GIN,BFA,LBR,SLE,GHA,TGO,CMR,NGA,GAB,CAF,TCD,COG,COD,UGA,KEN,TZA,BDI,RWA,SOM,DJI,ETH,ERI,AGO,MOZ,ZMB,ZWE,MWI,ZAF,NAM,LSO,BWA,SWZ,MDG,COM,MUS,SYC,MAR,DZA,TUN,LBY,SDN,SSD,IRN,TUR,IRQ,EGY,SYR,LBN,JOR,ISR,SAU,YEM,KWT,BHR,QAT,ARE,OMN,AFG,TKM,TJK,KGZ,UZB,KAZ,CHN,MNG,TWN,PRK,KOR,JPN,IND,BTN,PAK,BGD,MMR,LKA,MDV,NPL,THA,KHM,LAO,VNM,MYS,SGP,BRN,PHL,IDN,TLS,AUS,PNG,NZL,VUT,SLB,KIR,TUV,FJI,TON,NRU,MHL,PLW,FSM,WSMUSA,-2,0.528085107,0.290079365,0.255187638,0.398285715,0.413164557,0.314537445,0.294939759,0.380816832,-2,0.27689394,-2,-2,-2,-2,0.323369566,-2,0.387266355,0.395443645,0.388221154,0.472451457,0.419407895,0.371359223,0.36709007,0.338888889,0.292369021,-2,0.334787736,0.290692641,0.39173913,0.427322404,0.428277635,0.349778761,0.332289417,0.402333333,0.644827587,0.47767094,0.55286017,0.582340426,0.584606987,0.543412527,-2,-2,-2,0.424078091,-2,0.477422908,0.572594142,0.265851063,0.444809322,0.262793177,-2,-2,0.563665254,-2,0.319548873,0.175762712,-2,-2,-2,0.282729211,-2,-2,0.426839827,0.295087336,0.267091295,-2,0.269104803,0.265286624,-2,-2,-2,0.267558887,0.261538462,-2,-2,-2,0.410531915,0.419597458,0.461016949,0.507838983,0.404576659,-2,-2,0.250446428,0.284061696,0.312025317,0.264569536,0.287086092,0.311267606,0.294157304,0.31408776,0.361663067,0.259389671,0.324100719,0.376905312,0.292383292,0.324342105,0.299109132,0.276483516,0.275166297,0.335277777,0.381266491,0.299266504,0.293452381,0.341588785,0.292013129,0.294301075,0.274013158,0.294084822,0.324888889,0.279976303,-2,0.300655022,-2,-2,0.261538462,0.265973741,-2,0.445788044,0.601046025,-2,0.341775457,0.270136986,0.362462462,0.33373102,0.188888889,0.280219781,-2,0.314814815,0.256638116,0.307251082,0.283960177,0.282071269,-2,0.331974249,0.384698276,0.25292683,0.301241535,0.265011547,0.304869359,0.338443936,0.543922018,0.294315246,0.28992248,0.267731278,0.277628635,0.299295775,0.26865285,0.274615385,0.296212121,-2,-2,-2,-2,-2,0.194051447,0.268133047,0.85,-2,-2,0.450319149,0.274784483,0.289664805,0.300447428,0.206428572,0.280280172,0.287935035,0.3375,0.323186813,0.362715517,0.388095238,0.35591133,-2,0.311422414,0.332932167,-2,0.365088106,0.298404256,-2,0.445753716,0.224528302,0.441346154,-2,-2,-2,-2,0.373385013,-2,-2,-2,-2,-2,-2CAN,0.528085107,-2,0.53968254,0.331387665,0.517705383,0.525883839,0.453956044,0.4534689,0.493209877,-2,0.528030303,-2,-2,-2,-2,0.473861171,-2,0.525058275,0.525417661,0.53150358,0.515776699,0.516337719,0.492753623,0.520967742,0.489673913,0.421136363,-2,0.474,0.438768898,0.495986985,0.523433243,0.529081633,0.469094923,0.470797414,0.53902439,0.586081371,0.686886993,0.679281184,0.671337579,0.672222222,0.522090517,-2,-2,-2,0.51923913,-2,0.481978022,0.668619247,0.321231423,0.663107823,0.314680851,-2,-2,0.679281184,-2,0.4505,0.310135135,-2,-2,-2,0.428617021,-2,-2,0.528725702,0.438828633,0.320550847,-2,0.37037037,0.31875,-2,-2,-2,0.31965812,0.31945055,-2,-2,-2,0.63163482,0.643340381,0.684672305,0.722410148,0.61571754,-2,-2,0.462946428,0.412982006,0.425,0.391447369,0.425,0.414051522,0.423094171,0.440668203,0.492780172,0.391238318,0.463452381,0.489631336,0.4375,0.463129103,0.449555556,0.430592105,0.436283186,0.428531856,0.451842105,0.413569682,0.400829384,0.455568445,0.411111111,0.459508547,0.414814815,0.421222223,0.470971302,0.442080379,-2,0.446203905,-2,-2,0.418461538,0.413864629,-2,0.51,0.47768595,-2,0.486979167,0.422690218,0.521706587,0.441558441,0.472222223,0.426545455,-2,0.441609196,0.383226496,0.429589633,0.433443709,0.434444444,-2,0.480513919,0.512931035,0.390875913,0.434572072,0.423041475,0.40485782,0.445423341,0.541438356,0.387564767,0.427179488,0.42593819,0.402232143,0.428990611,0.433762886,0.426081425,0.414946237,-2,-2,-2,-2,-2,0.316025641,0.318522484,0.377777777,-2,-2,0.599150743,0.400322581,0.448743017,0.436383928,0.400714285,0.425913979,0.442708333,0.4625,0.486513158,0.481788793,0.533943662,0.524201474,-2,0.449571735,0.476965065,-2,0.476373626,0.427707006,-2,0.632978723,0.545283019,0.618017057,-2,-2,-2,-2,0.505641026,-2,-2,-2,-2,-2,-2BHS,0.290079365,0.53968254,-2,0.431854839,0.697894737,0.659345795,0.585245902,0.561983471,0.7,-2,0.662209302,-2,-2,-2,-2,0.593650793,-2,0.655045872,0.639603961,0.688793104,0.52815534,0.620634921,0.649090909,0.649593496,0.649593496,0.544871795,-2,0.619491525,0.5916,0.550409836,0.574761905,0.655208333,0.605084746,0.541532258,0.620869566,0.390725806,0.553174603,0.478968254,0.451984127,0.472222223,0.338617886,-2,-2,-2,0.527822581,-2,0.492460317,0.4216,0.465476191,0.620634921,0.4624,-2,-2,0.451984127,-2,0.564224138,0.499484536,-2,-2,-2,0.546428572,-2,-2,0.578278689,0.571311476,0.451984127,-2,0.504471545,0.458730159,-2,-2,-2,0.458730159,0.458730159,-2,-2,-2,0.526190476,0.532936508,0.559920635,0.53968254,0.621951219,-2,0.10625,0.533974359,0.538073395,0.563372093,0.524166667,0.534677419,0.539565218,0.545416667,0.544871795,0.6528,0.495833333,0.581196581,0.631858407,0.579545455,0.57375,0.554958678,0.555241935,0.566666667,0.481666667,0.5865,0.503703704,0.544298245,0.542241379,0.543442623,0.5508,0.559756097,0.488938053,0.578278689,0.554347826,-2,0.592857143,-2,-2,0.425,0.532113821,-2,0.561165049,0.234482759,-2,0.639256199,0.561983471,0.630645161,0.544,0.480434782,0.491111111,-2,0.583913044,0.476,0.545416667,0.585714286,0.553174603,-2,0.54593496,0.601219512,0.481666667,0.569067796,0.525203252,0.556637168,0.580487805,0.379464285,0.483157895,0.544660194,0.541532258,0.532936508,0.5576,0.527822581,0.590082645,0.548387097,-2,-2,-2,-2,-2,0.521782178,0.4556,-2,-2,-2,0.526190476,0.486693548,0.543693694,0.544,0.455357143,0.575806452,0.555241935,0.121428572,0.623333333,0.6256,0.696190476,0.605084746,-2,0.607142857,0.634016393,-2,0.620634921,0.578,-2,0.681349207,0.359615385,0.7072,-2,-2,-2,-2,0.641101695,-2,-2,-2,-2,-2,-2CUB,0.255187638,0.331387665,0.431854839,-2,0.458454811,0.423884514,0.535616438,0.564536341,0.446794872,-2,0.490384615,-2,-2,-2,-2,0.536036036,-2,0.460072816,0.464019851,0.414375,0.36060606,0.414350797,0.507875,0.464558472,0.479683973,0.636997636,-2,0.53716707,0.583780761,0.455630631,0.367372882,0.359441489,0.551720184,0.513422819,0.393663595,0.290290178,0.376106195,0.309429825,0.308920705,0.323076923,0.315659955,-2,-2,-2,0.425959368,-2,0.326027397,0.269957082,0.717070485,0.389583333,0.722687224,-2,-2,0.331798245,-2,0.54151436,0.688947369,-2,-2,-2,0.656732892,-2,-2,0.502790178,0.586404494,0.715494506,-2,0.711538461,0.717362637,-2,-2,-2,0.719955654,0.725799087,-2,-2,-2,0.439977973,0.387719298,0.387719298,0.356030702,0.433056872,0.85,0.85,0.643243243,0.66462766,0.562987013,0.64476082,0.597716895,0.578329298,0.640465116,0.587679426,0.521029082,0.682853717,0.546882793,0.526190476,0.603435114,0.542840909,0.58891455,0.607972665,0.608256881,0.538904899,0.51,0.6,0.64273399,0.550849514,0.607142857,0.567928731,0.64569161,0.6375,0.584252874,0.639603961,-2,0.569230769,-2,-2,0.7171875,0.637981859,-2,0.306284917,0.227155172,-2,0.519701087,0.586619718,0.50046729,0.609325843,0.68,0.611742425,-2,0.589088729,0.671349558,0.594618835,0.625802752,0.636027713,-2,0.562888889,0.553355704,0.67443325,0.626627907,0.648201439,0.561793612,0.575353773,0.329097387,0.601608579,0.664420485,0.642351599,0.603480278,0.593552311,0.608783784,0.6188,0.606053811,-2,-2,-2,-2,-2,0.65033557,0.718070953,0.188888889,-2,-2,0.374449339,0.635602678,0.584682081,0.605452436,0.585144927,0.581180401,0.613549161,0.571551724,0.54214123,0.534340045,0.542028985,0.507820512,-2,0.586272322,0.520408163,-2,0.546704545,0.578524229,-2,0.395916114,0.425,0.392163355,-2,-2,-2,-2,0.489257294,-2,-2,-2,-2,-2,-2HTI,0.398285715,0.517705383,0.697894737,0.458454811,-2,0.717905406,0.655571847,0.636227545,0.740953947,-2,0.701834862,-2,-2,-2,-2,0.643108504,-2,0.705205047,0.699235474,0.683531158,0.655485894,0.716569768,0.688607595,0.690625,0.68049133,0.606042296,-2,0.661993769,0.625287356,0.596965318,0.684488449,0.660787671,0.626843658,0.606086956,0.678005865,0.393247126,0.56747851,0.505665723,0.479487179,0.503061225,0.343930635,-2,-2,-2,0.573313783,-2,0.422470239,0.473697917,0.428632478,0.568271955,0.422571428,-2,-2,0.493626062,-2,0.62826087,0.525111111,-2,-2,-2,0.600569801,-2,-2,0.587138728,0.643571428,0.422585227,-2,0.539565218,0.422585227,-2,-2,-2,0.423789174,0.42880597,-2,-2,-2,0.53125,0.522521246,0.549008498,0.536968838,0.627927928,0.10625,0.094444444,0.579545455,0.58630363,0.65,0.593255132,0.634402332,0.632923077,0.602083333,0.632379518,0.708333333,0.564114114,0.647129909,0.684210526,0.622082019,0.665,0.651917404,0.62696793,0.636242604,0.655978261,0.646607143,0.602427184,0.587654321,0.672699387,0.600144092,0.630802292,0.582091691,0.59,0.667151163,0.604907976,-2,0.629538905,-2,-2,0.466666667,0.589795918,-2,0.587375415,0.380263158,-2,0.70929054,0.629522184,0.693076923,0.650286533,0.566666667,0.607142857,-2,0.639380531,0.586962751,0.646098266,0.639402985,0.614841498,-2,0.65704023,0.649712644,0.604858934,0.632978723,0.614306784,0.640769231,0.670783133,0.544207317,0.610481099,0.582033899,0.602083333,0.615165165,0.621360759,0.611022364,0.643939394,0.599857143,-2,-2,-2,-2,-2,0.558043478,0.428653295,0.85,-2,-2,0.544192635,0.5747851,0.624125874,0.603225806,0.532173913,0.608882521,0.617717718,0.602083333,0.658381503,0.683908046,0.707321428,0.665335463,-2,0.6640625,0.646098266,-2,0.71961652,0.647733711,-2,0.633857143,0.672093023,0.635085227,-2,-2,-2,-2,0.670616883,-2,-2,-2,-2,-2,-2DOM,0.413164557,0.525883839,0.659345795,0.423884514,0.717905406,-2,0.643540052,0.619491525,0.697246377,-2,0.709504132,-2,-2,-2,-2,0.655526992,-2,0.72100271,0.705167598,0.684722223,0.70552408,0.721079692,0.717937853,0.692934782,0.696649485,0.579545455,-2,0.646944444,0.62882653,0.630927835,0.718611988,0.678034682,0.632608695,0.610869565,0.716840731,0.369565218,0.556598985,0.508291458,0.476515152,0.487882653,0.333461538,-2,-2,-2,0.582041344,-2,0.45511811,0.443085107,0.387531486,0.580904522,0.380886076,-2,-2,0.482663317,-2,0.620596591,0.437447698,-2,-2,-2,0.589620253,-2,-2,0.562307693,0.62377261,0.376826196,-2,0.492912371,0.378967255,-2,-2,-2,0.379924242,0.3825,-2,-2,-2,0.545969773,0.553140704,0.57022613,0.540326633,0.620889488,0.31875,0.34,0.588461538,0.562386707,0.605980861,0.565183246,0.619190601,0.617541436,0.572679045,0.634636119,0.689540817,0.532132964,0.623495702,0.674456522,0.596231884,0.642416453,0.607142857,0.603655353,0.619974227,0.610679612,0.610601266,0.577405248,0.564305556,0.667857143,0.583419023,0.624489796,0.572538861,0.565926893,0.620811518,0.57375,-2,0.604639175,-2,-2,0.586206896,0.571059431,-2,0.573954984,0.418527919,-2,0.699235474,0.607142857,0.682352941,0.646786633,0.566666667,0.600425532,-2,0.597107438,0.550126904,0.621153846,0.618586387,0.591402117,-2,0.633753149,0.608076923,0.555959302,0.6,0.571349863,0.608149171,0.629545454,0.553753351,0.603058104,0.562347561,0.581578947,0.588461538,0.597361111,0.593146418,0.607142857,0.551410257,-2,-2,-2,-2,-2,0.463944223,0.386167513,0.85,-2,-2,0.564520202,0.541304348,0.597297298,0.588289474,0.587398374,0.556521739,0.58266129,0.607142857,0.613151042,0.640203563,0.692808219,0.631924198,-2,0.625063613,0.610594315,-2,0.678664921,0.616035354,-2,0.598227848,0.737735849,0.636962026,-2,-2,-2,-2,0.678978979,-2,-2,-2,-2,-2,-2JAM,0.314537445,0.453956044,0.585245902,0.535616438,0.655571847,0.643540052,-2,0.756707317,0.641304348,-2,0.676136363,-2,-2,-2,-2,0.748764045,-2,0.64313253,0.64375,0.642222223,0.568090453,0.605769231,0.738213399,0.669451074,0.714076577,0.72629108,-2,0.70109489,0.722879465,0.630337079,0.612957747,0.632453826,0.641363637,0.684933035,0.605479452,0.327505568,0.549779249,0.457549234,0.407252747,0.432623319,0.311160715,-2,-2,-2,0.553265766,-2,0.428863637,0.35990991,0.504395604,0.559846827,0.499889868,-2,-2,0.438949672,-2,0.739130434,0.591433567,-2,-2,-2,0.696475771,-2,-2,0.588169643,0.725842696,0.499561403,-2,0.619751693,0.499561403,-2,-2,-2,0.500221239,0.507289294,-2,-2,-2,0.598355263,0.557986871,0.54868709,0.487308534,0.618544601,0.485714285,0.566666667,0.718636363,0.679100529,0.734429825,0.682692308,0.71981982,0.718915663,0.681177829,0.734916865,0.711804009,0.658393286,0.736945813,0.67715311,0.735949367,0.742792793,0.702511415,0.718934241,0.715384615,0.691525424,0.654200542,0.723994975,0.691277641,0.760096154,0.689189189,0.744456763,0.691103604,0.681548975,0.727739726,0.70135468,-2,0.733220721,-2,-2,0.74375,0.702921348,-2,0.448876405,0.315611814,-2,0.70795756,0.723098591,0.709633027,0.711185682,0.777142857,0.720446097,-2,0.693794749,0.658609271,0.707700893,0.681164384,0.705069125,-2,0.682261641,0.647888889,0.65875,0.696882217,0.694366197,0.696958637,0.674824356,0.441113744,0.669628647,0.680452128,0.700570776,0.716820276,0.698067633,0.715188172,0.688095239,0.669754465,-2,-2,-2,-2,-2,0.619205298,0.505862832,0.755555556,-2,-2,0.552967033,0.66636971,0.719230769,0.68275463,0.735820896,0.68037694,0.69176611,0.721212121,0.695804988,0.717777777,0.7275,0.723358586,-2,0.704555556,0.714686099,-2,0.728295455,0.698681319,-2,0.587885463,0.735576923,0.579801324,-2,-2,-2,-2,0.687665783,-2,-2,-2,-2,-2,-2TTO,0.294939759,0.4534689,0.561983471,0.564536341,0.636227545,0.619491525,0.756707317,-2,0.629096045,-2,0.6640625,-2,-2,-2,-2,0.747665848,-2,0.629712042,0.620454545,0.597826087,0.554958678,0.600246914,0.706048387,0.669102564,0.704166667,0.763043479,-2,0.715909091,0.750244499,0.603292683,0.592274053,0.584064328,0.673703704,0.667114915,0.589753086,0.354854369,0.523550725,0.447368421,0.410697115,0.420812808,0.347066014,-2,-2,-2,0.565270936,-2,0.415461347,0.35516432,0.536091127,0.553110048,0.530481928,-2,-2,0.431100478,-2,0.716666667,0.647924528,-2,-2,-2,0.731490385,-2,-2,0.595833333,0.750244499,0.525899281,-2,0.654004855,0.52793765,-2,-2,-2,0.528934625,0.537625,-2,-2,-2,0.596634615,0.561244019,0.532775119,0.481937799,0.617984694,0.53125,0.595,0.724074074,0.742836676,0.704976303,0.723134329,0.715243903,0.688522427,0.713740458,0.720603675,0.702804878,0.699736147,0.712692307,0.669291339,0.74520548,0.736945813,0.739039409,0.753694581,0.770638821,0.638819876,0.615165165,0.727562327,0.72889785,0.707591623,0.718103448,0.757608696,0.74400978,0.723994975,0.731296758,0.748271277,-2,0.75486618,-2,-2,0.740322581,0.740121951,-2,0.413716814,0.277008928,-2,0.68,0.723134329,0.678877888,0.703163017,0.779166667,0.713333333,-2,0.745918367,0.702173913,0.731829269,0.730701755,0.74690594,-2,0.713834951,0.666383496,0.692506812,0.734090909,0.732307693,0.735921053,0.701030928,0.431606218,0.693154762,0.729261363,0.7395,0.727341773,0.7269437,0.749719101,0.723982558,0.709367396,-2,-2,-2,-2,-2,0.654078014,0.534578314,0.425,-2,-2,0.540909091,0.707645631,0.726363637,0.728571428,0.765,0.732116789,0.736814621,0.696721311,0.693366094,0.694890511,0.713897281,0.690053763,-2,0.745793269,0.697542998,-2,0.717121588,0.713100962,-2,0.573493976,0.735576923,0.559855769,-2,-2,-2,-2,0.655110497,-2,-2,-2,-2,-2,-2BRB,0.380816832,0.493209877,0.7,0.446794872,0.740953947,0.697246377,0.641304348,0.629096045,-2,-2,0.706048387,-2,-2,-2,-2,0.620328283,-2,0.665217392,0.65980663,0.655647383,0.654213483,0.69721519,0.673809524,0.652432433,0.652025317,0.600396825,-2,0.65296496,0.612593516,0.57310606,0.670642202,0.627323944,0.616794872,0.57518797,0.665688775,0.3655,0.544168734,0.478255529,0.449135803,0.47293233,0.331030151,-2,-2,-2,0.528030303,-2,0.4,0.45,0.43546798,0.555528256,0.429207921,-2,-2,0.455282556,-2,0.592274053,0.480152672,-2,-2,-2,0.614356435,-2,-2,0.524559194,0.628914142,0.425,-2,0.536386768,0.427093596,-2,-2,-2,0.427114428,0.432647815,-2,-2,-2,0.538054187,0.538820639,0.532555283,0.526289926,0.597900262,0.31875,0.34,0.550476191,0.583913044,0.581578947,0.575384615,0.601538462,0.597978437,0.579145078,0.612176166,0.677443609,0.541758241,0.612288136,0.68138587,0.60647383,0.646085859,0.609640103,0.603156566,0.610594315,0.617701864,0.59708589,0.597167139,0.578472223,0.628767123,0.592620865,0.618375,0.593274112,0.576943005,0.619379845,0.582451254,-2,0.62835443,-2,-2,0.562307693,0.591116751,-2,0.563190184,0.321502591,-2,0.673442136,0.604216867,0.657216495,0.616624685,0.6375,0.6,-2,0.598233696,0.564552238,0.609875,0.619974227,0.601272265,-2,0.607444169,0.591396509,0.560638298,0.615592783,0.58948052,0.609478022,0.616137566,0.534350133,0.571681416,0.56497006,0.590826873,0.588790932,0.5916,0.582361516,0.606798867,0.567375,-2,-2,-2,-2,-2,0.519784172,0.433457712,0.661111111,-2,-2,0.520493827,0.580125,0.605591054,0.589304124,0.541481481,0.604726368,0.599473684,0.656140351,0.636956522,0.64175,0.683388704,0.651267606,-2,0.639097744,0.632160804,-2,0.676530612,0.623333333,-2,0.591212871,0.689622642,0.601116626,-2,-2,-2,-2,0.656006006,-2,-2,-2,-2,-2,-2DMA,-2,-2,-2,-2,-2,-2,-2,-2,-2,-2,-2,-2,-2,-2,-2,-2,-2,-2,-2,-2,-2,-2,-2,-2,-2,-2,-2,-2,-2,-2,-2,-2,-2,-2,-2,-2,-2,-2,-2,-2,-2,-2,-2,-2,-2,-2,-2,-2,-2,-2,-2,-2,-2,-2,-2,-2,-2,-2,-2,-2,-2,-2,-2,-2,-2,-2,-2,-2,-2,-2,-2,-2,-2,-2,-2,-2,-2,-2,-2,-2,-2,-2,-2,-2,-2,-2,-2,-2,-2,-2,-2,-2,-2,-2,-2,-2,-2,-2,-2,-2,-2,-2,-2,-2,-2,-2,-2,-2,-2,-2,-2,-2,-2,-2,-2,-2,-2,-2,-2,-2,-2,-2,-2,-2,-2,-2,-2,-2,-2,-2,-2,-2,-2,-2,-2,-2,-2,-2,-2,-2,-2,-2,-2,-2,-2,-2,-2,-2,-2,-2,-2,-2,-2,-2,-2,-2,-2,-2,-2,-2,-2,-2,-2,-2,-2,-2,-2,-2,-2,-2,-2,-2,-2,-2,-2,-2,-2,-2,-2,-2,-2,-2,-2,-2,-2,-2,-2,-2,-2,-2,-2,-2,-2,-2GRD,0.27689394,0.528030303,0.662209302,0.490384615,0.701834862,0.709504132,0.676136363,0.6640625,0.706048387,-2,-2,-2,-2,-2,-2,0.66969697,-2,0.678508772,0.65754717,0.663414634,0.53224299,0.631060606,0.697967479,0.672093023,0.697265625,0.652155172,-2,0.659482759,0.66969697,0.604296875,0.652155172,0.574537037,0.62421875,0.593650793,0.623333333,0.382824427,0.540909091,0.470075758,0.418560606,0.418560606,0.291984733,-2,-2,-2,0.562307693,-2,0.631060606,0.39280303,0.515151515,0.579545455,0.51908397,-2,-2,0.425,-2,0.7,0.5525,-2,-2,-2,0.663257576,-2,-2,0.63255814,0.691860465,0.515151515,-2,0.591015625,0.515151515,-2,-2,-2,0.515151515,0.520542636,-2,-2,-2,0.624621212,0.598863637,0.579545455,0.534469697,0.612790698,0.607142857,0.566666667,0.675233645,0.689189189,0.628645833,0.6528,0.666923077,0.603947369,0.615748032,0.68,0.673461538,0.619379845,0.675984252,0.682905983,0.664285714,0.662598425,0.669291339,0.656818182,0.6528,0.667857143,0.586206896,0.678508772,0.653846154,0.65875,0.624621212,0.650378788,0.655343511,0.57375,0.674809161,0.671774194,-2,0.674603175,-2,-2,0.694166667,0.640873016,-2,0.506880734,-2,-2,0.68,0.658064516,0.716203704,0.653846154,0.675,0.650378788,-2,0.634016393,0.629389313,0.670703125,0.70125,0.66969697,-2,0.672093023,0.686538462,0.629133858,0.678629032,0.686538462,0.672916667,0.701587301,0.369262296,0.676699029,0.648924731,0.668320611,0.682575758,0.68129771,0.660384615,0.710546875,0.673461538,-2,-2,-2,-2,-2,0.578350515,0.51259542,-2,-2,-2,0.547348485,0.595,0.5848,0.639147286,0.642519685,0.660384615,0.661832061,0.728571428,0.689370079,0.689015152,0.642222223,0.700763359,-2,0.708333333,0.686538462,-2,0.689015152,0.661832061,-2,0.624621212,0.735576923,0.643939394,-2,-2,-2,-2,0.698728813,-2,-2,-2,-2,-2,-2LCA,-2,-2,-2,-2,-2,-2,-2,-2,-2,-2,-2,-2,-2,-2,-2,-2,-2,-2,-2,-2,-2,-2,-2,-2,-2,-2,-2,-2,-2,-2,-2,-2,-2,-2,-2,-2,-2,-2,-2,-2,-2,-2,-2,-2,-2,-2,-2,-2,-2,-2,-2,-2,-2,-2,-2,-2,-2,-2,-2,-2,-2,-2,-2,-2,-2,-2,-2,-2,-2,-2,-2,-2,-2,-2,-2,-2,-2,-2,-2,-2,-2,-2,-2,-2,-2,-2,-2,-2,-2,-2,-2,-2,-2,-2,-2,-2,-2,-2,-2,-2,-2,-2,-2,-2,-2,-2,-2,-2,-2,-2,-2,-2,-2,-2,-2,-2,-2,-2,-2,-2,-2,-2,-2,-2,-2,-2,-2,-2,-2,-2,-2,-2,-2,-2,-2,-2,-2,-2,-2,-2,-2,-2,-2,-2,-2,-2,-2,-2,-2,-2,-2,-2,-2,-2,-2,-2,-2,-2,-2,-2,-2,-2,-2,-2,-2,-2,-2,-2,-2,-2,-2,-2,-2,-2,-2,-2,-2,-2,-2,-2,-2,-2,-2,-2,-2,-2,-2,-2,-2,-2,-2,-2,-2,-2VCT,-2,-2,-2,-2,-2,-2,-2,-2,-2,-2,-2,-2,-2,-2,-2,-2,-2,-2,-2,-2,-2,-2,-2,-2,-2,-2,-2,-2,-2,-2,-2,-2,-2,-2,-2,-2,-2,-2,-2,-2,-2,-2,-2,-2,-2,-2,-2,-2,-2,-2,-2,-2,-2,-2,-2,-2,-2,-2,-2,-2,-2,-2,-2,-2,-2,-2,-2,-2,-2,-2,-2,-2,-2,-2,-2,-2,-2,-2,-2,-2,-2,-2,-2,-2,-2,-2,-2,-2,-2,-2,-2,-2,-2,-2,-2,-2,-2,-2,-2,-2,-2,-2,-2,-2,-2,-2,-2,-2,-2,-2,-2,-2,-2,-2,-2,-2,-2,-2,-2,-2,-2,-2,-2,-2,-2,-2,-2,-2,-2,-2,-2,-2,-2,-2,-2,-2,-2,-2,-2,-2,-2,-2,-2,-2,-2,-2,-2,-2,-2,-2,-2,-2,-2,-2,-2,-2,-2,-2,-2,-2,-2,-2,-2,-2,-2,-2,-2,-2,-2,-2,-2,-2,-2,-2,-2,-2,-2,-2,-2,-2,-2,-2,-2,-2,-2,-2,-2,-2,-2,-2,-2,-2,-2,-2ATG,-2,-2,-2,-2,-2,-2,-2,-2,-2,-2,-2,-2,-2,-2,-2,-2,-2,-2,-2,-2,-2,-2,-2,-2,-2,-2,-2,-2,-2,-2,-2,-2,-2,-2,-2,-2,-2,-2,-2,-2,-2,-2,-2,-2,-2,-2,-2,-2,-2,-2,-2,-2,-2,-2,-2,-2,-2,-2,-2,-2,-2,-2,-2,-2,-2,-2,-2,-2,-2,-2,-2,-2,-2,-2,-2,-2,-2,-2,-2,-2,-2,-2,-2,-2,-2,-2,-2,-2,-2,-2,-2,-2,-2,-2,-2,-2,-2,-2,-2,-2,-2,-2,-2,-2,-2,-2,-2,-2,-2,-2,-2,-2,-2,-2,-2,-2,-2,-2,-2,-2,-2,-2,-2,-2,-2,-2,-2,-2,-2,-2,-2,-2,-2,-2,-2,-2,-2,-2,-2,-2,-2,-2,-2,-2,-2,-2,-2,-2,-2,-2,-2,-2,-2,-2,-2,-2,-2,-2,-2,-2,-2,-2,-2,-2,-2,-2,-2,-2,-2,-2,-2,-2,-2,-2,-2,-2,-2,-2,-2,-2,-2,-2,-2,-2,-2,-2,-2,-2,-2,-2,-2,-2,-2,-2KNA,-2,-2,-2,-2,-2,-2,-2,-2,-2,-2,-2,-2,-2,-2,-2,-2,-2,-2,-2,-2,-2,-2,-2,-2,-2,-2,-2,-2,-2,-2,-2,-2,-2,-2,-2,-2,-2,-2,-2,-2,-2,-2,-2,-2,-2,-2,-2,-2,-2,-2,-2,-2,-2,-2,-2,-2,-2,-2,-2,-2,-2,-2,-2,-2,-2,-2,-2,-2,-2,-2,-2,-2,-2,-2,-2,-2,-2,-2,-2,-2,-2,-2,-2,-2,-2,-2,-2,-2,-2,-2,-2,-2,-2,-2,-2,-2,-2,-2,-2,-2,-2,-2,-2,-2,-2,-2,-2,-2,-2,-2,-2,-2,-2,-2,-2,-2,-2,-2,-2,-2,-2,-2,-2,-2,-2,-2,-2,-2,-2,-2,-2,-2,-2,-2,-2,-2,-2,-2,-2,-2,-2,-2,-2,-2,-2,-2,-2,-2,-2,-2,-2,-2,-2,-2,-2,-2,-2,-2,-2,-2,-2,-2,-2,-2,-2,-2,-2,-2,-2,-2,-2,-2,-2,-2,-2,-2,-2,-2,-2,-2,-2,-2,-2,-2,-2,-2,-2,-2,-2,-2,-2,-2,-2,-2MEX,0.323369566,0.473861171,0.593650793,0.536036036,0.643108504,0.655526992,0.748764045,0.747665848,0.620328283,-2,0.66969697,-2,-2,-2,-2,-2,-2,0.65415677,0.677083333,0.647420148,0.574939173,0.616107383,0.732178218,0.677594339,0.732888889,0.71755814,-2,0.702884615,0.730176211,0.642682927,0.616666667,0.612894737,0.658558559,0.675881057,0.616780046,0.351208791,0.562962963,0.45712743,0.420390456,0.437305123,0.326923077,-2,-2,-2,0.574833703,-2,0.446966292,0.39092827,0.491233766,0.585637149,0.485978261,-2,-2,0.455291577,-2,0.732241813,0.58362676,-2,-2,-2,0.687391304,-2,-2,0.60419426,0.730734967,0.485714285,-2,0.61714922,0.485714285,-2,-2,-2,0.486244542,0.492808989,-2,-2,-2,0.610303687,0.576457883,0.558099352,0.504859611,0.63409611,0.6375,0.68,0.698214285,0.690765172,0.711453744,0.687274775,0.700675675,0.682853717,0.678832952,0.727712264,0.711453744,0.656354916,0.714583334,0.673325635,0.726441102,0.741610738,0.710909091,0.718497758,0.726923077,0.673219373,0.639218329,0.70975,0.676277372,0.720911215,0.703579418,0.74002193,0.68836689,0.695102506,0.730498866,0.705231143,-2,0.721269488,-2,-2,0.719230769,0.686830357,-2,0.469861111,0.32152174,-2,0.706119792,0.731284917,0.69592145,0.707079646,0.708333333,0.698674242,-2,0.703655661,0.655131004,0.72803532,0.70259009,0.710909091,-2,0.714223195,0.657582418,0.65286783,0.718778802,0.689622642,0.717061612,0.698711944,0.457845433,0.680452128,0.687467701,0.694582393,0.700911162,0.699160671,0.70246114,0.7,0.679249448,-2,-2,-2,-2,-2,0.612790698,0.491812227,0.74375,-2,-2,0.569739697,0.666923077,0.728910614,0.696501129,0.716428572,0.696813187,0.710300926,0.725,0.711185682,0.719517544,0.739769453,0.705541872,-2,0.711758241,0.72505568,-2,0.724215246,0.709869848,-2,0.602391304,0.721698113,0.583333334,-2,-2,-2,-2,0.696465969,-2,-2,-2,-2,-2,-2BLZ,-2,-2,-2,-2,-2,-2,-2,-2,-2,-2,-2,-2,-2,-2,-2,-2,-2,-2,-2,-2,-2,-2,-2,-2,-2,-2,-2,-2,-2,-2,-2,-2,-2,-2,-2,-2,-2,-2,-2,-2,-2,-2,-2,-2,-2,-2,-2,-2,-2,-2,-2,-2,-2,-2,-2,-2,-2,-2,-2,-2,-2,-2,-2,-2,-2,-2,-2,-2,-2,-2,-2,-2,-2,-2,-2,-2,-2,-2,-2,-2,-2,-2,-2,-2,-2,-2,-2,-2,-2,-2,-2,-2,-2,-2,-2,-2,-2,-2,-2,-2,-2,-2,-2,-2,-2,-2,-2,-2,-2,-2,-2,-2,-2,-2,-2,-2,-2,-2,-2,-2,-2,-2,-2,-2,-2,-2,-2,-2,-2,-2,-2,-2,-2,-2,-2,-2,-2,-2,-2,-2,-2,-2,-2,-2,-2,-2,-2,-2,-2,-2,-2,-2,-2,-2,-2,-2,-2,-2,-2,-2,-2,-2,-2,-2,-2,-2,-2,-2,-2,-2,-2,-2,-2,-2,-2,-2,-2,-2,-2,-2,-2,-2,-2,-2,-2,-2,-2,-2,-2,-2,-2,-2,-2,-2GTM,0.387266355,0.525058275,0.655045872,0.460072816,0.705205047,0.72100271,0.64313253,0.629712042,0.665217392,-2,0.678508772,-2,-2,-2,-2,0.65415677,-2,-2,0.721948052,0.7171875,0.63469657,0.714819277,0.685846561,0.692911392,0.686460808,0.585696517,-2,0.66378866,0.626421801,0.622792362,0.684580839,0.693296089,0.64608076,0.616,0.700120773,0.390919811,0.563348946,0.516705336,0.493356643,0.514473684,0.36457346,-2,-2,-2,0.592362769,-2,0.432033097,0.441346154,0.428953489,0.579814385,0.426985982,-2,-2,0.504872389,-2,0.617541436,0.471863118,-2,-2,-2,0.603738318,-2,-2,0.591567696,0.629856115,0.426976744,-2,0.511611375,0.425,-2,-2,-2,0.425,0.428087167,-2,-2,-2,0.544871795,0.546287703,0.554176334,0.548259861,0.612939699,0.2125,0.188888889,0.547029703,0.586039886,0.631542056,0.586561743,0.621549637,0.598714653,0.592298289,0.638567839,0.666,0.551291989,0.624535809,0.640703517,0.619605263,0.642086331,0.624698795,0.636987952,0.612649165,0.599096385,0.635673353,0.604851752,0.587953368,0.656521739,0.58705036,0.624530516,0.586418269,0.585783133,0.630778588,0.586588542,-2,0.632935561,-2,-2,0.491111111,0.595203837,-2,0.543693694,0.364806867,-2,0.671695402,0.598053892,0.648019802,0.641016549,0.490384615,0.596370968,-2,0.613888889,0.563348946,0.633490566,0.612409639,0.611002445,-2,0.65979021,0.643026005,0.5644,0.611662531,0.594783715,0.621576228,0.639625,0.534469697,0.589204545,0.571468926,0.58244552,0.596454767,0.609020618,0.606791907,0.627207977,0.590165877,-2,-2,-2,-2,-2,0.495833333,0.429976581,0.85,-2,-2,0.562703963,0.573349057,0.607507508,0.597916667,0.544871795,0.598817967,0.585459184,0.608955224,0.624698795,0.643026005,0.697103658,0.650817439,-2,0.623466981,0.628878282,-2,0.667570754,0.624125874,-2,0.619626169,0.656818182,0.62704918,-2,-2,-2,-2,0.65,-2,-2,-2,-2,-2,-2HND,0.395443645,0.525417661,0.639603961,0.464019851,0.699235474,0.705167598,0.64375,0.620454545,0.65980663,-2,0.65754717,-2,-2,-2,-2,0.677083333,-2,0.721948052,-2,0.697319035,0.641343669,0.684197531,0.696276596,0.692268042,0.691666667,0.614483627,-2,0.680440415,0.644756097,0.644254279,0.678978979,0.674791086,0.641154791,0.636982968,0.691140777,0.404468599,0.576201923,0.512023809,0.496172248,0.504166667,0.36723301,-2,-2,-2,0.582678133,-2,0.427103961,0.482089552,0.408732057,0.601071428,0.403597122,-2,-2,0.524166667,-2,0.642275281,0.494186047,-2,-2,-2,0.595203837,-2,-2,0.609200969,0.628170732,0.399642004,-2,0.508333334,0.403699284,-2,-2,-2,0.401445783,0.408084577,-2,-2,-2,0.563961814,0.558571428,0.562619048,0.550476191,0.62882653,0.31875,0.283333333,0.544382022,0.588095238,0.649528302,0.576485149,0.625985222,0.613291139,0.596491228,0.647208122,0.680825243,0.554347826,0.635790885,0.641881443,0.642627346,0.651459854,0.619527363,0.625985222,0.621234568,0.651331361,0.63008721,0.608469946,0.590339425,0.674289406,0.602083333,0.6375,0.5875,0.586707317,0.649627792,0.605874674,-2,0.644254279,-2,-2,0.523076923,0.588141809,-2,0.551488095,0.361538462,-2,0.671574344,0.620060791,0.670136518,0.639051095,0.503703704,0.587339055,-2,0.616412214,0.561899038,0.628710462,0.616460396,0.60775,-2,0.648201439,0.624154589,0.56280654,0.613291139,0.583681462,0.611007957,0.633118557,0.53071066,0.597167139,0.572206704,0.579353234,0.5802267,0.595669292,0.585163205,0.625797101,0.577590361,-2,-2,-2,-2,-2,0.51875,0.407590361,0.85,-2,-2,0.581578947,0.560507247,0.604807693,0.587311558,0.53125,0.591927711,0.592558746,0.64122807,0.646829269,0.675060533,0.699193548,0.65821727,-2,0.62620773,0.65973236,-2,0.686296296,0.614677804,-2,0.617625899,0.672916667,0.615024038,-2,-2,-2,-2,0.668208093,-2,-2,-2,-2,-2,-2SLV,0.388221154,0.53150358,0.688793104,0.414375,0.683531158,0.684722223,0.642222223,0.597826087,0.655647383,-2,0.663414634,-2,-2,-2,-2,0.647420148,-2,0.7171875,0.697319035,-2,0.619647697,0.667560976,0.687874659,0.682179488,0.671707317,0.579545455,-2,0.648266667,0.595,0.6375,0.658689459,0.655508475,0.610740741,0.610679612,0.675,0.388983051,0.573493976,0.515274463,0.495323741,0.513713592,0.348292683,-2,-2,-2,0.561083744,-2,0.425,0.472663551,0.393405276,0.578162291,0.390264423,-2,-2,0.521360382,-2,0.606805556,0.442775666,-2,-2,-2,0.576858513,-2,-2,0.543917275,0.604490292,0.388397129,-2,0.514146342,0.390430622,-2,-2,-2,0.392149758,0.394264339,-2,-2,-2,0.549043062,0.553818616,0.553818616,0.537589499,0.622900763,0.31875,0.283333333,0.550925926,0.561,0.602427184,0.547029703,0.595833333,0.571164021,0.563797468,0.605597964,0.631840193,0.521693122,0.594344473,0.61498708,0.595,0.628078818,0.617037037,0.592298289,0.579353234,0.620552148,0.607863501,0.583194444,0.553957784,0.633636363,0.576341463,0.613549161,0.555609756,0.561083744,0.620099256,0.572584857,-2,0.596454767,-2,-2,0.498275862,0.559046454,-2,0.547994269,0.332444444,-2,0.633333333,0.58963964,0.665833333,0.594174757,0.481666667,0.582950192,-2,0.59806701,0.533816425,0.601219512,0.584375,0.579926109,-2,0.613549161,0.598910411,0.54610215,0.587468355,0.573155216,0.582984293,0.600899743,0.480434782,0.575,0.551285715,0.560323383,0.565239295,0.574202128,0.572115385,0.586789773,0.552294686,-2,-2,-2,-2,-2,0.482678572,0.394202899,0.85,-2,-2,0.557875895,0.541283293,0.591415663,0.567375,0.529615385,0.556326034,0.56377551,0.625,0.625432099,0.616301703,0.675377644,0.645454546,-2,0.601318945,0.6,-2,0.642269327,0.597242207,-2,0.604807693,0.646,0.617625899,-2,-2,-2,-2,0.630416667,-2,-2,-2,-2,-2,-2NIC,0.472451457,0.515776699,0.52815534,0.36060606,0.655485894,0.70552408,0.568090453,0.554958678,0.654213483,-2,0.53224299,-2,-2,-2,-2,0.574939173,-2,0.63469657,0.641343669,0.619647697,-2,0.729177058,0.64386921,0.640837697,0.593316832,0.534223919,-2,0.584514436,0.531773399,0.549751244,0.673343374,0.65,0.553241895,0.53308642,0.691811415,0.412438424,0.555609756,0.521497585,0.484830098,0.497766749,0.371744471,-2,-2,-2,0.536284289,-2,0.411083123,0.523076923,0.332160194,0.542028985,0.322627737,-2,-2,0.500966184,-2,0.551544943,0.373333333,-2,-2,-2,0.52323601,-2,-2,0.535416667,0.560323383,0.329297821,-2,0.459975062,0.327239709,-2,-2,-2,0.328361858,0.329722922,-2,-2,-2,0.524818402,0.533816425,0.546135265,0.535869566,0.593274112,0.10625,0.094444444,0.41576087,0.504237288,0.530731707,0.507430731,0.53471178,0.554347826,0.525572519,0.568134715,0.603562654,0.462827225,0.536842105,0.605597964,0.529508197,0.587810946,0.54443038,0.529125,0.553787879,0.548636363,0.565,0.526190476,0.512698413,0.58948052,0.520149254,0.564583333,0.50872818,0.512967581,0.548110831,0.524802111,-2,0.558208955,-2,-2,0.408,0.527295286,-2,0.576876877,0.400714285,-2,0.603225806,0.522670807,0.605084746,0.562469136,0.535185186,0.523660715,-2,0.559438775,0.486308068,0.559653466,0.540126582,0.538549618,-2,0.579075426,0.533333333,0.483333333,0.531794872,0.520822281,0.55542328,0.556973684,0.609350649,0.518352602,0.511420613,0.514303797,0.510869565,0.530965147,0.515982405,0.533092486,0.507901234,-2,-2,-2,-2,-2,0.421804512,0.33125,0.85,-2,-2,0.530218447,0.492874693,0.536984127,0.530176768,0.428632478,0.508743842,0.534536082,0.571818182,0.564567901,0.565970516,0.631270359,0.578472223,-2,0.558990148,0.551865671,-2,0.620328283,0.555690073,-2,0.550121654,0.553488372,0.581143552,-2,-2,-2,-2,0.585777126,-2,-2,-2,-2,-2,-2CRI,0.419407895,0.516337719,0.620634921,0.414350797,0.716569768,0.721079692,0.605769231,0.600246914,0.69721519,-2,0.631060606,-2,-2,-2,-2,0.616107383,-2,0.714819277,0.684197531,0.667560976,0.729177058,-2,0.672828784,0.685613208,0.653258427,0.561395349,-2,0.628170732,0.588169643,0.600336323,0.695454545,0.675584416,0.596931818,0.573608018,0.719679634,0.391,0.557929515,0.502947598,0.473464912,0.482739421,0.336971047,-2,-2,-2,0.578764045,-2,0.422108843,0.465652174,0.380263158,0.571615721,0.375494506,-2,-2,0.484388647,-2,0.6,0.435438597,-2,-2,-2,0.571648352,-2,-2,0.550890868,0.602242152,0.37571116,-2,0.488175675,0.373851203,-2,-2,-2,0.373399558,0.374772727,-2,-2,-2,0.53380744,0.547489083,0.556768559,0.538209607,0.634,0.10625,0.17,0.508482143,0.544356956,0.580217392,0.553174603,0.582086168,0.585144927,0.558796296,0.608293839,0.640333333,0.516144579,0.589583333,0.64608076,0.578860759,0.619751693,0.59266055,0.578846154,0.598291571,0.568285715,0.57363388,0.567380352,0.553439803,0.631894485,0.560923424,0.609292035,0.554514673,0.554347826,0.590546697,0.565270936,-2,0.611235955,-2,-2,0.483846154,0.566027088,-2,0.562742382,0.367467249,-2,0.645454546,0.569859155,0.634210526,0.609576837,0.543055556,0.580258303,-2,0.599047619,0.534768212,0.591964285,0.591894977,0.576993167,-2,0.621081678,0.575501114,0.529925187,0.583758701,0.559263658,0.601219512,0.602,0.568661972,0.565147453,0.546587926,0.55890411,0.555542725,0.570072115,0.55837766,0.578627968,0.554017857,-2,-2,-2,-2,-2,0.474418605,0.376106195,0.85,-2,-2,0.536842105,0.540909091,0.603693182,0.569266055,0.491785715,0.551555556,0.569339623,0.608955224,0.607692308,0.620066519,0.676580459,0.611139241,-2,0.608758315,0.597297298,-2,0.664545455,0.602083333,-2,0.601538462,0.641509434,0.625330396,-2,-2,-2,-2,0.653324468,-2,-2,-2,-2,-2,-2PAN,0.371359223,0.492753623,0.649090909,0.507875,0.688607595,0.717937853,0.738213399,0.706048387,0.673809524,-2,0.697967479,-2,-2,-2,-2,0.732178218,-2,0.685846561,0.696276596,0.687874659,0.64386921,0.672828784,-2,0.710154241,0.719876543,0.668637532,-2,0.701193634,0.680835381,0.644320987,0.660542169,0.69348442,0.65286783,0.693366094,0.67830424,0.361613692,0.568734793,0.491566265,0.448668281,0.470347395,0.318226601,-2,-2,-2,0.59057072,-2,0.438916877,0.408168317,0.468115942,0.579638554,0.462135922,-2,-2,0.477228916,-2,0.732676056,0.553333333,-2,-2,-2,0.678762136,-2,-2,0.6,0.708684863,0.461956522,-2,0.588461538,0.461956522,-2,-2,-2,0.462317073,0.468891688,-2,-2,-2,0.592736078,0.565301205,0.565301205,0.526385542,0.630927835,0.6375,0.661111111,0.649528302,0.651749271,0.688862559,0.643358396,0.687189054,0.67010582,0.661832061,0.721279374,0.71182266,0.62393617,0.718342392,0.678664921,0.697796143,0.733416459,0.687786259,0.666331658,0.693308081,0.67734375,0.653846154,0.690921788,0.65909091,0.730503979,0.675802469,0.712836186,0.646419753,0.657788945,0.71825,0.670325203,-2,0.706218905,-2,-2,0.682786886,0.669825436,-2,0.524691358,0.352830189,-2,0.716060606,0.69376947,0.729769737,0.696790123,0.695454545,0.700996016,-2,0.689370079,0.636463415,0.690493827,0.682125,0.683834586,-2,0.684951457,0.654645477,0.631629835,0.683883249,0.6640625,0.700675675,0.693832021,0.499102564,0.668397626,0.652898551,0.667088608,0.673913044,0.686891892,0.678994083,0.68049133,0.646332518,-2,-2,-2,-2,-2,0.600915751,0.466463415,0.85,-2,-2,0.578329298,0.64375,0.696190476,0.667857143,0.663257576,0.649508599,0.674137931,0.671052631,0.700248139,0.716666667,0.758253968,0.714187328,-2,0.704523228,0.716791045,-2,0.750374064,0.699757869,-2,0.618932039,0.689622642,0.615375302,-2,-2,-2,-2,0.725431035,-2,-2,-2,-2,-2,-2COL,0.36709007,0.520967742,0.649593496,0.464558472,0.690625,0.692934782,0.669451074,0.669102564,0.652432433,-2,0.672093023,-2,-2,-2,-2,0.677594339,-2,0.692911392,0.692268042,0.682179488,0.640837697,0.685613208,0.710154241,-2,0.722599532,0.610097323,-2,0.684358974,0.637002342,0.637002342,0.697435898,0.694166667,0.633452381,0.654918033,0.70562201,0.380419581,0.581062355,0.497133027,0.482643678,0.498345154,0.344379391,-2,-2,-2,0.58676123,-2,0.425,0.471363637,0.428917051,0.596559633,0.425,-2,-2,0.508830275,-2,0.64838275,0.479889299,-2,-2,-2,0.612471132,-2,-2,0.595794392,0.644483568,0.420114943,-2,0.530751174,0.422068965,-2,-2,-2,0.423032407,0.428042959,-2,-2,-2,0.571889401,0.567316514,0.565366973,0.549770642,0.628078818,0.425,0.377777777,0.587272727,0.580601093,0.632900433,0.586904762,0.614336493,0.615443038,0.588928572,0.651243781,0.696721311,0.550886076,0.653358209,0.639625,0.614511873,0.675589623,0.646650718,0.624940898,0.646650718,0.615868263,0.611235955,0.607783641,0.570992366,0.659924624,0.592,0.652325581,0.606,0.592548077,0.63800475,0.605597964,-2,0.649528302,-2,-2,0.6375,0.605424528,-2,0.535923754,0.327522936,-2,0.678089888,0.631924198,0.69328125,0.628521127,0.6375,0.616412214,-2,0.625985222,0.56600928,0.630516432,0.620763724,0.612322275,-2,0.662645012,0.639485982,0.577023499,0.621393643,0.597755611,0.619565218,0.638546798,0.501985112,0.610195531,0.580952381,0.617625899,0.603026634,0.607760815,0.616897507,0.629889807,0.587236534,-2,-2,-2,-2,-2,0.526048951,0.424013921,0.85,-2,-2,0.60770115,0.582517482,0.657401812,0.617067307,0.57080292,0.604312354,0.617794487,0.644354839,0.675177305,0.66728972,0.713069909,0.686623377,-2,0.645920746,0.645035461,-2,0.699521531,0.642396314,-2,0.634064666,0.721698113,0.641916859,-2,-2,-2,-2,0.674301676,-2,-2,-2,-2,-2,-2VEN,0.338888889,0.489673913,0.649593496,0.479683973,0.68049133,0.696649485,0.714076577,0.704166667,0.652025317,-2,0.697265625,-2,-2,-2,-2,0.732888889,-2,0.686460808,0.691666667,0.671707317,0.593316832,0.653258427,0.719876543,0.722599532,-2,0.651864802,-2,0.709352518,0.707079646,0.66799117,0.682825485,0.681794195,0.662387387,0.685604396,0.671557562,0.363215859,0.575327511,0.472835498,0.443478261,0.462946428,0.324613687,-2,-2,-2,0.579287305,-2,0.419256757,0.417672414,0.461956522,0.597943723,0.457407408,-2,-2,0.470995671,-2,0.687372449,0.523972603,-2,-2,-2,0.627777778,-2,-2,0.57920354,0.659645233,0.455422993,-2,0.559756097,0.459110629,-2,-2,-2,0.461269146,0.463288288,-2,-2,-2,0.57652174,0.557467533,0.557467533,0.515151515,0.630581395,0.53125,0.51,0.623853211,0.617979003,0.663502109,0.617832957,0.655605381,0.658393286,0.618004587,0.677186761,0.707395144,0.591127098,0.680825243,0.636997636,0.668467337,0.694071589,0.665384616,0.660267857,0.673476298,0.650706215,0.634054054,0.64231738,0.607142857,0.689354067,0.630829596,0.676263737,0.622828508,0.622945205,0.672675737,0.639543269,-2,0.681514476,-2,-2,0.644354839,0.629490022,-2,0.500555556,0.325833333,-2,0.683156499,0.65821727,0.686737805,0.659645233,0.655714285,0.6375,-2,0.642974239,0.600765865,0.650663717,0.646153846,0.642307693,-2,0.661732456,0.628587197,0.599007444,0.655658199,0.630516432,0.654951691,0.646395349,0.474,0.62962963,0.613262599,0.638461539,0.64965675,0.647228916,0.649867725,0.648567708,0.616814159,-2,-2,-2,-2,-2,0.545230263,0.461269146,0.755555556,-2,-2,0.582065218,0.602863436,0.655714285,0.625,0.61875,0.636563876,0.622931442,0.68,0.682286996,0.683370044,0.717937853,0.682575758,-2,0.660903084,0.695973154,-2,0.715990991,0.665217392,-2,0.607407408,0.765,0.605021834,-2,-2,-2,-2,0.688411458,-2,-2,-2,-2,-2,-2GUY,0.292369021,0.421136363,0.544871795,0.636997636,0.606042296,0.579545455,0.72629108,0.763043479,0.600396825,-2,0.652155172,-2,-2,-2,-2,0.71755814,-2,0.585696517,0.614483627,0.579545455,0.534223919,0.561395349,0.668637532,0.610097323,0.651864802,-2,-2,0.67830424,0.729976852,0.581162791,0.530945559,0.540700808,0.66728972,0.632603686,0.558,0.344700461,0.492922375,0.407692308,0.386363637,0.393372093,0.346658986,-2,-2,-2,0.538927739,-2,0.382,0.361448598,0.585340909,0.513461538,0.578929385,-2,-2,0.405769231,-2,0.710991957,0.683035715,-2,-2,-2,0.757061503,-2,-2,0.570574713,0.731118881,0.576303855,-2,0.671261682,0.582086168,-2,-2,-2,0.581578947,0.588615024,-2,-2,-2,0.558956916,0.532692308,0.503846154,0.461538461,0.579075426,0.85,0.85,0.759223301,0.75298913,0.714772727,0.748,0.722300469,0.682098766,0.744258373,0.732687651,0.68,0.723994975,0.710126582,0.662039312,0.74375,0.727726218,0.737203791,0.774355972,0.76379717,0.651749271,0.63109589,0.746770026,0.746393035,0.696410891,0.750932401,0.740574713,0.764602804,0.750234742,0.731442081,0.777204031,-2,0.738785047,-2,-2,0.818518519,0.755336427,-2,0.408096591,0.264935065,-2,0.66634349,0.689855073,0.653420196,0.70702765,0.821666667,0.71770428,-2,0.727682927,0.719679634,0.728290993,0.729432624,0.769621749,-2,0.700911162,0.650230415,0.71382429,0.751449275,0.755788178,0.705822785,0.691666667,0.411557178,0.686088154,0.752010724,0.751536643,0.710023867,0.713659147,0.736666667,0.719589041,0.73221709,-2,-2,-2,-2,-2,0.685204082,0.584862385,0.377777777,-2,-2,0.512698413,0.719380734,0.728571428,0.740191387,0.718699187,0.730804598,0.741133005,0.7125,0.692740047,0.68,0.696142433,0.67152231,-2,0.738620689,0.693473194,-2,0.691627358,0.710909091,-2,0.516970388,0.656818182,0.516210046,-2,-2,-2,-2,0.616483516,-2,-2,-2,-2,-2,-2SUR,-2,-2,-2,-2,-2,-2,-2,-2,-2,-2,-2,-2,-2,-2,-2,