1974,USA,CAN,BHS,CUB,HTI,DOM,JAM,TTO,BRB,DMA,GRD,LCA,VCT,ATG,KNA,MEX,BLZ,GTM,HND,SLV,NIC,CRI,PAN,COL,VEN,GUY,SUR,ECU,PER,BRA,BOL,PRY,CHL,ARG,URY,GBR,IRL,NLD,BEL,LUX,FRA,MCO,LIE,CHE,ESP,AND,PRT,DEU,POL,AUT,HUN,CZE,SVK,ITA,SMR,MLT,ALB,MNE,MKD,HRV,SRB,BIH,SVN,GRC,CYP,BGR,MDA,ROU,RUS,EST,LVA,LTU,UKR,BLR,ARM,GEO,AZE,FIN,SWE,NOR,DNK,ISL,CPV,STP,GNB,GNQ,GMB,MLI,SEN,BEN,MRT,NER,CIV,GIN,BFA,LBR,SLE,GHA,TGO,CMR,NGA,GAB,CAF,TCD,COG,COD,UGA,KEN,TZA,BDI,RWA,SOM,DJI,ETH,ERI,AGO,MOZ,ZMB,ZWE,MWI,ZAF,NAM,LSO,BWA,SWZ,MDG,COM,MUS,SYC,MAR,DZA,TUN,LBY,SDN,SSD,IRN,TUR,IRQ,EGY,SYR,LBN,JOR,ISR,SAU,YEM,KWT,BHR,QAT,ARE,OMN,AFG,TKM,TJK,KGZ,UZB,KAZ,CHN,MNG,TWN,PRK,KOR,JPN,IND,BTN,PAK,BGD,MMR,LKA,MDV,NPL,THA,KHM,LAO,VNM,MYS,SGP,BRN,PHL,IDN,TLS,AUS,PNG,NZL,VUT,SLB,KIR,TUV,FJI,TON,NRU,MHL,PLW,FSM,WSMUSA,-2,0.590212766,0.324206349,0.285209713,0.445142858,0.461772152,0.35154185,0.329638554,0.425618812,-2,0.309469697,-2,-2,-2,-2,0.361413044,-2,0.432827103,0.441966427,0.433894231,0.528033981,0.46875,0.415048544,0.410277137,0.37875817,0.326765376,-2,0.374174529,0.324891775,0.437826087,0.477595628,0.478663239,0.390929204,0.37138229,0.449666666,0.720689656,0.533867521,0.617902543,0.650851064,0.65338428,0.607343412,-2,-2,-2,0.473969631,-2,0.533590309,0.639958159,0.297127659,0.497139831,0.293710021,-2,-2,0.629978813,-2,0.357142858,0.196440678,-2,-2,-2,0.315991471,-2,-2,0.477056277,0.329803493,0.2985138,-2,0.300764192,0.296496815,-2,-2,-2,0.299036403,0.292307693,-2,-2,-2,0.458829787,0.468961865,0.515254237,0.567584746,0.452173913,-2,-2,0.279910714,0.317480719,0.348734178,0.295695364,0.320860927,0.347887324,0.328764045,0.351039261,0.404211663,0.289906103,0.362230216,0.421247113,0.326781327,0.3625,0.334298441,0.309010989,0.307538802,0.374722222,0.426121372,0.334474328,0.32797619,0.381775701,0.326367615,0.328924731,0.30625,0.328683036,0.363111111,0.312914692,-2,0.336026201,-2,-2,0.292307693,0.29726477,-2,0.498233696,0.671757322,-2,0.381984334,0.301917808,0.405105105,0.372993493,0.211111111,0.313186814,-2,0.351851852,0.286830835,0.343398268,0.317367256,0.315256124,-2,0.371030043,0.429956897,0.282682927,0.336681716,0.296189376,0.340736342,0.378260869,0.607912844,0.328940569,0.324031007,0.299229075,0.310290828,0.334507042,0.300259067,0.306923077,0.331060606,-2,-2,-2,-2,-2,0.216881029,0.299678112,0.95,-2,-2,0.503297872,0.307112069,0.323743017,0.335794184,0.230714286,0.31325431,0.321809745,0.377205883,0.361208791,0.405387931,0.433753501,0.397783251,-2,0.348060345,0.372100657,-2,0.408039648,0.333510639,-2,0.498195329,0.250943396,0.493269231,-2,-2,-2,-2,0.417312662,-2,-2,-2,-2,-2,-2CAN,0.590212766,-2,0.603174603,0.370374449,0.578611898,0.587752526,0.507362637,0.506818182,0.551234568,-2,0.590151515,-2,-2,-2,-2,0.529609544,-2,0.586829837,0.587231504,0.594033413,0.576456311,0.577083333,0.550724638,0.582258065,0.547282609,0.470681818,-2,0.529764706,0.490388769,0.554338395,0.585013624,0.591326531,0.524282561,0.526185345,0.602439024,0.65503212,0.767697228,0.759196617,0.750318471,0.751307189,0.583512931,-2,-2,-2,0.580326087,-2,0.538681319,0.747280335,0.359023355,0.741120508,0.351702128,-2,-2,0.759196617,-2,0.5035,0.346621622,-2,-2,-2,0.479042553,-2,-2,0.590928726,0.490455531,0.358262712,-2,0.413943355,0.35625,-2,-2,-2,0.357264957,0.357032967,-2,-2,-2,0.705944799,0.719027484,0.765221988,0.807399577,0.688154897,-2,-2,0.517410714,0.461568124,0.475,0.4375,0.475,0.462763466,0.472869956,0.492511521,0.55075431,0.437266355,0.51797619,0.547235023,0.488970588,0.51761488,0.502444445,0.48125,0.487610619,0.478947369,0.505,0.462224939,0.447985782,0.509164733,0.459477124,0.513568376,0.463616558,0.470777778,0.526379691,0.494089835,-2,0.498698482,-2,-2,0.467692307,0.462554585,-2,0.57,0.533884297,-2,0.544270834,0.472418479,0.583083832,0.493506493,0.527777778,0.476727273,-2,0.493563219,0.428311966,0.48012959,0.484437086,0.485555555,-2,0.537044968,0.573275862,0.436861314,0.485698198,0.47281106,0.452488152,0.497826087,0.605136986,0.433160622,0.477435898,0.476048565,0.449553572,0.479460094,0.484793814,0.476208652,0.463763441,-2,-2,-2,-2,-2,0.353205128,0.355995717,0.422222222,-2,-2,0.669639066,0.447419355,0.501536313,0.487723214,0.447857142,0.476021506,0.494791666,0.516911765,0.54375,0.538469828,0.596760563,0.585872236,-2,0.502462527,0.533078602,-2,0.532417582,0.478025477,-2,0.707446808,0.609433962,0.690724946,-2,-2,-2,-2,0.565128205,-2,-2,-2,-2,-2,-2BHS,0.324206349,0.603174603,-2,0.48266129,0.78,0.736915888,0.654098361,0.628099174,0.782352941,-2,0.740116279,-2,-2,-2,-2,0.663492063,-2,0.732110092,0.714851486,0.769827587,0.590291262,0.693650794,0.725454546,0.72601626,0.72601626,0.608974359,-2,0.692372881,0.6612,0.615163935,0.642380952,0.732291666,0.676271187,0.605241935,0.693913044,0.436693548,0.618253968,0.53531746,0.50515873,0.527777778,0.378455285,-2,-2,-2,0.589919355,-2,0.550396825,0.4712,0.520238096,0.693650794,0.5168,-2,-2,0.50515873,-2,0.630603448,0.558247423,-2,-2,-2,0.610714286,-2,-2,0.646311476,0.638524591,0.50515873,-2,0.563821138,0.512698413,-2,-2,-2,0.512698413,0.512698413,-2,-2,-2,0.588095238,0.595634921,0.625793651,0.603174603,0.695121951,-2,0.11875,0.596794872,0.601376147,0.629651163,0.585833334,0.597580645,0.603043479,0.609583334,0.608974359,0.7296,0.554166666,0.64957265,0.70619469,0.647727273,0.64125,0.620247934,0.620564516,0.633333334,0.538333334,0.6555,0.562962963,0.608333333,0.606034482,0.607377049,0.6156,0.625609756,0.546460177,0.646311476,0.619565217,-2,0.662605042,-2,-2,0.475,0.594715447,-2,0.627184466,0.262068966,-2,0.71446281,0.628099174,0.70483871,0.608,0.536956521,0.548888889,-2,0.652608696,0.532,0.609583334,0.654621849,0.618253968,-2,0.610162602,0.671951219,0.538333334,0.636016949,0.58699187,0.622123894,0.648780488,0.424107142,0.54,0.608737864,0.605241935,0.595634921,0.6232,0.589919355,0.659504132,0.612903226,-2,-2,-2,-2,-2,0.583168317,0.5092,-2,-2,-2,0.588095238,0.543951613,0.607657658,0.608,0.508928572,0.643548387,0.620564516,0.135714286,0.696666666,0.6992,0.778095238,0.676271187,-2,0.678571428,0.708606557,-2,0.693650794,0.646,-2,0.761507937,0.401923077,0.7904,-2,-2,-2,-2,0.716525424,-2,-2,-2,-2,-2,-2CUB,0.285209713,0.370374449,0.48266129,-2,0.512390671,0.473753281,0.598630137,0.630952381,0.499358975,-2,0.548076923,-2,-2,-2,-2,0.599099099,-2,0.514199029,0.518610422,0.463125,0.403030303,0.46309795,0.567625,0.51921241,0.536117382,0.711938534,-2,0.600363196,0.65246085,0.509234234,0.410593221,0.401728723,0.616628441,0.573825504,0.439976959,0.324441964,0.420353982,0.345833334,0.345264317,0.361085973,0.35279642,-2,-2,-2,0.476072235,-2,0.364383562,0.301716739,0.801431718,0.435416666,0.807709251,-2,-2,0.370833333,-2,0.605221932,0.77,-2,-2,-2,0.733995585,-2,-2,0.561941964,0.655393258,0.79967033,-2,0.795248868,0.801758242,-2,-2,-2,0.804656319,0.811187215,-2,-2,-2,0.491740088,0.433333333,0.433333333,0.397916667,0.484004739,0.95,0.95,0.718918919,0.742819149,0.629220779,0.720615034,0.66803653,0.646368039,0.715813953,0.656818182,0.582326621,0.763189448,0.611221945,0.588095238,0.674427481,0.606704546,0.658198615,0.679498861,0.679816514,0.602305476,0.57,0.670588235,0.718349753,0.615655339,0.678571428,0.634743876,0.721655329,0.7125,0.652988506,0.714851486,-2,0.636199095,-2,-2,0.8015625,0.713038548,-2,0.342318436,0.25387931,-2,0.580842391,0.655633803,0.559345795,0.681011236,0.76,0.683712122,-2,0.658393286,0.750331859,0.664573992,0.699426605,0.710854503,-2,0.629111111,0.618456375,0.753778338,0.700348837,0.724460432,0.627886978,0.643042452,0.367814727,0.672386059,0.742587601,0.717922375,0.674477958,0.663381995,0.680405405,0.6916,0.67735426,-2,-2,-2,-2,-2,0.726845637,0.802549889,0.211111111,-2,-2,0.418502202,0.710379464,0.653468208,0.676682135,0.653985507,0.649554566,0.685731415,0.638793103,0.605922551,0.59720358,0.605797101,0.567564102,-2,0.655245536,0.581632653,-2,0.611022727,0.646585903,-2,0.442494481,0.475,0.43830022,-2,-2,-2,-2,0.546816976,-2,-2,-2,-2,-2,-2HTI,0.445142858,0.578611898,0.78,0.512390671,-2,0.802364865,0.732697947,0.711077844,0.828125,-2,0.784403669,-2,-2,-2,-2,0.718768328,-2,0.788170347,0.781498471,0.763946588,0.732601881,0.800872093,0.769620253,0.771875,0.760549133,0.67734139,-2,0.739875389,0.698850575,0.667196532,0.765016502,0.738527397,0.700589971,0.677391304,0.757771261,0.439511494,0.634240688,0.565155808,0.535897436,0.562244898,0.384393063,-2,-2,-2,0.640762464,-2,0.47217262,0.529427084,0.479059829,0.635127479,0.472285714,-2,-2,0.551699717,-2,0.702173913,0.586888889,-2,-2,-2,0.671225072,-2,-2,0.656213873,0.719285714,0.472301136,-2,0.603043479,0.472301136,-2,-2,-2,0.473646724,0.479253731,-2,-2,-2,0.59375,0.583994334,0.613597733,0.600141643,0.701801802,0.11875,0.105555555,0.647727273,0.655280528,0.726470588,0.663049853,0.709037901,0.707384616,0.672916666,0.706777109,0.791666666,0.630480481,0.72326284,0.764705882,0.695268139,0.743235294,0.728613569,0.700728863,0.711094675,0.733152174,0.722678572,0.673300971,0.656790124,0.751840491,0.670749279,0.705014327,0.650573066,0.659411765,0.745639535,0.67607362,-2,0.703602306,-2,-2,0.521568628,0.659183673,-2,0.656478405,0.425,-2,0.792736486,0.703583617,0.774615384,0.726790831,0.633333334,0.678571428,-2,0.71460177,0.656017192,0.722109827,0.714626866,0.687175792,-2,0.734339081,0.726149425,0.676018809,0.707446808,0.686578171,0.716153846,0.749698796,0.608231707,0.682302405,0.650508475,0.672916666,0.687537538,0.694462025,0.682907348,0.71969697,0.670428572,-2,-2,-2,-2,-2,0.623695652,0.479083094,0.95,-2,-2,0.608215298,0.642406877,0.697552447,0.674193548,0.594782609,0.680515759,0.690390391,0.672916666,0.73583815,0.764367816,0.790535714,0.743610224,-2,0.7421875,0.722109827,-2,0.804277287,0.723937677,-2,0.708428572,0.75116279,0.709801136,-2,-2,-2,-2,0.749512987,-2,-2,-2,-2,-2,-2DOM,0.461772152,0.587752526,0.736915888,0.473753281,0.802364865,-2,0.719250646,0.692372881,0.779275362,-2,0.792975207,-2,-2,-2,-2,0.732647815,-2,0.805826558,0.788128492,0.765277778,0.788526913,0.805912597,0.80240113,0.774456521,0.778608248,0.647727273,-2,0.723055555,0.702806122,0.705154639,0.803154575,0.757803468,0.707033248,0.682736573,0.801174935,0.413043479,0.622081218,0.568090453,0.532575758,0.545280612,0.372692307,-2,-2,-2,0.650516796,-2,0.508661417,0.495212766,0.433123425,0.649246231,0.425696203,-2,-2,0.539447236,-2,0.693607954,0.488912133,-2,-2,-2,0.658987342,-2,-2,0.628461539,0.697157623,0.42115869,-2,0.550902062,0.423551638,-2,-2,-2,0.424621212,0.4275,-2,-2,-2,0.610201511,0.618216081,0.637311557,0.603894472,0.69393531,0.35625,0.38,0.657692307,0.628549849,0.677272727,0.631675393,0.692036554,0.69019337,0.64005305,0.709299192,0.770663266,0.594736842,0.696848137,0.753804348,0.666376811,0.717994859,0.678571428,0.67467363,0.692912371,0.682524272,0.682436709,0.645335277,0.630694445,0.746428572,0.652056555,0.697959184,0.639896374,0.632506528,0.693848167,0.64125,-2,0.675773196,-2,-2,0.655172413,0.638242894,-2,0.6414791,0.467766498,-2,0.781498471,0.678571428,0.762629758,0.722879178,0.633333334,0.67106383,-2,0.667355372,0.614847716,0.694230769,0.691361256,0.660978836,-2,0.708312343,0.679615384,0.621366279,0.670588235,0.638567494,0.679696132,0.703609625,0.618900804,0.674006116,0.628506098,0.65,0.657692307,0.667638889,0.662928349,0.678571428,0.616282052,-2,-2,-2,-2,-2,0.518525896,0.431598985,0.95,-2,-2,0.630934343,0.604987213,0.667567568,0.6575,0.656504065,0.621994885,0.651209677,0.678571428,0.685286459,0.715521629,0.774315068,0.706268221,-2,0.698600509,0.68242894,-2,0.758507853,0.688510101,-2,0.668607595,0.824528302,0.711898735,-2,-2,-2,-2,0.758858859,-2,-2,-2,-2,-2,-2JAM,0.35154185,0.507362637,0.654098361,0.598630137,0.732697947,0.719250646,-2,0.845731707,0.716751918,-2,0.755681818,-2,-2,-2,-2,0.836853932,-2,0.718795181,0.719485294,0.717777778,0.634924624,0.677036199,0.825062034,0.748210024,0.798085586,0.811737089,-2,0.783576642,0.807924108,0.704494382,0.685070423,0.706860159,0.716818182,0.765513392,0.676712329,0.366035635,0.614459161,0.511378556,0.455164835,0.48352018,0.347767858,-2,-2,-2,0.618355856,-2,0.479318182,0.402252252,0.563736263,0.62571116,0.558700441,-2,-2,0.49059081,-2,0.826086956,0.661013986,-2,-2,-2,0.778414097,-2,-2,0.657366072,0.811235955,0.558333333,-2,0.692663657,0.558333333,-2,-2,-2,0.559070796,0.566970387,-2,-2,-2,0.66875,0.623632385,0.613238512,0.54463895,0.691314554,0.542857142,0.633333334,0.803181818,0.758994709,0.820833334,0.76300905,0.804504505,0.803493976,0.761316397,0.821377672,0.795545657,0.735851319,0.82364532,0.756818182,0.822531646,0.83018018,0.785159817,0.80351474,0.799547511,0.772881356,0.731165311,0.809170854,0.772604422,0.849519231,0.77027027,0.832039912,0.77240991,0.761731207,0.813356165,0.783866995,-2,0.819481982,-2,-2,0.83125,0.785617977,-2,0.501685394,0.352742616,-2,0.791246685,0.808169014,0.793119266,0.794854586,0.868571428,0.805204461,-2,0.775417661,0.736092715,0.790959822,0.76130137,0.788018434,-2,0.762527716,0.724111111,0.73625,0.77886836,0.776056338,0.778953771,0.754215457,0.493009479,0.748408488,0.760505319,0.782990867,0.801152073,0.780193237,0.799327957,0.76904762,0.748549108,-2,-2,-2,-2,-2,0.69205298,0.565376106,0.844444445,-2,-2,0.618021978,0.744766147,0.803846154,0.763078704,0.82238806,0.760421286,0.773150358,0.806060606,0.777664399,0.802222222,0.813088235,0.808459596,-2,0.787444445,0.798766816,-2,0.813977273,0.780879121,-2,0.657048458,0.822115384,0.648013245,-2,-2,-2,-2,0.76856764,-2,-2,-2,-2,-2,-2TTO,0.329638554,0.506818182,0.628099174,0.630952381,0.711077844,0.692372881,0.845731707,-2,0.703107344,-2,0.7421875,-2,-2,-2,-2,0.835626536,-2,0.703795811,0.693449198,0.668158568,0.620247934,0.670864198,0.789112903,0.747820513,0.787009804,0.8528133,-2,0.80013369,0.838508558,0.674268293,0.661953353,0.652777778,0.752962963,0.745599022,0.659135802,0.396601942,0.585144928,0.5,0.459014423,0.470320197,0.38789731,-2,-2,-2,0.631773399,-2,0.464339152,0.396948357,0.599160672,0.618181818,0.592891567,-2,-2,0.481818181,-2,0.800980392,0.724150943,-2,-2,-2,0.817548077,-2,-2,0.665931372,0.838508558,0.587769784,-2,0.730946602,0.590047962,-2,-2,-2,0.591162228,0.600875,-2,-2,-2,0.666826923,0.627272727,0.595454545,0.538636364,0.690688775,0.59375,0.665,0.809259259,0.830229226,0.787914692,0.808208956,0.799390244,0.769525066,0.797709923,0.805380578,0.785487805,0.782058047,0.796538461,0.748031496,0.832876713,0.82364532,0.825985222,0.842364532,0.861302212,0.713975155,0.687537538,0.813157895,0.814650538,0.790837696,0.802586207,0.846739131,0.831540342,0.809170854,0.817331671,0.836303192,-2,0.843673966,-2,-2,0.827419355,0.827195122,-2,0.462389381,0.309598214,-2,0.76,0.808208956,0.758745875,0.785888078,0.870833334,0.797254902,-2,0.833673469,0.784782609,0.81792683,0.816666667,0.834777227,-2,0.797815534,0.744781554,0.773978201,0.820454546,0.818461539,0.8225,0.783505155,0.48238342,0.774702381,0.815056818,0.8265,0.812911393,0.812466488,0.837921348,0.809156977,0.792822384,-2,-2,-2,-2,-2,0.731028369,0.59746988,0.475,-2,-2,0.604545454,0.790898058,0.811818182,0.814285714,0.855,0.818248176,0.823498694,0.778688524,0.774938575,0.776642336,0.797885196,0.771236559,-2,0.833533654,0.77960688,-2,0.801488834,0.796995193,-2,0.640963855,0.822115384,0.625721154,-2,-2,-2,-2,0.73218232,-2,-2,-2,-2,-2,-2BRB,0.425618812,0.551234568,0.782352941,0.499358975,0.828125,0.779275362,0.716751918,0.703107344,-2,-2,0.789112903,-2,-2,-2,-2,0.693308081,-2,0.743478261,0.737430939,0.732782369,0.731179775,0.779240507,0.753081233,0.72918919,0.728734178,0.671031746,-2,0.729784367,0.684663341,0.640530303,0.749541285,0.701126761,0.689358975,0.642857143,0.744005102,0.4085,0.608188585,0.534520885,0.501975309,0.528571428,0.369974874,-2,-2,-2,0.590151515,-2,0.447058823,0.502941177,0.486699507,0.620884521,0.47970297,-2,-2,0.508845209,-2,0.661953353,0.536641221,-2,-2,-2,0.686633663,-2,-2,0.58627204,0.702904041,0.475,-2,0.599491094,0.477339901,-2,-2,-2,0.477363184,0.483547558,-2,-2,-2,0.60135468,0.602211302,0.595208846,0.588206388,0.668241469,0.35625,0.38,0.615238096,0.652608696,0.65,0.643076923,0.672307693,0.668328841,0.647279793,0.684196891,0.757142857,0.605494505,0.684322034,0.761548913,0.677823692,0.72209596,0.681362468,0.674116162,0.68242894,0.690372671,0.667331289,0.667422096,0.646527778,0.702739726,0.662340967,0.691125,0.663071066,0.644818653,0.692248062,0.650974931,-2,0.702278481,-2,-2,0.628461539,0.660659898,-2,0.629447853,0.359326425,-2,0.752670623,0.675301204,0.734536082,0.689168766,0.7125,0.670588235,-2,0.668614131,0.630970149,0.681625,0.692912371,0.672010178,-2,0.678908189,0.660972569,0.626595745,0.688015464,0.658831169,0.681181319,0.688624339,0.597214854,0.638938053,0.631437126,0.660335917,0.658060453,0.6612,0.650874635,0.678186969,0.634125,-2,-2,-2,-2,-2,0.580935251,0.484452737,0.738888889,-2,-2,0.581728395,0.648375,0.676837061,0.658634021,0.605185185,0.675870647,0.67,0.733333334,0.711892583,0.71725,0.763787375,0.727887324,-2,0.714285714,0.706532663,-2,0.756122449,0.696666666,-2,0.660767326,0.770754717,0.671836229,-2,-2,-2,-2,0.733183183,-2,-2,-2,-2,-2,-2DMA,-2,-2,-2,-2,-2,-2,-2,-2,-2,-2,-2,-2,-2,-2,-2,-2,-2,-2,-2,-2,-2,-2,-2,-2,-2,-2,-2,-2,-2,-2,-2,-2,-2,-2,-2,-2,-2,-2,-2,-2,-2,-2,-2,-2,-2,-2,-2,-2,-2,-2,-2,-2,-2,-2,-2,-2,-2,-2,-2,-2,-2,-2,-2,-2,-2,-2,-2,-2,-2,-2,-2,-2,-2,-2,-2,-2,-2,-2,-2,-2,-2,-2,-2,-2,-2,-2,-2,-2,-2,-2,-2,-2,-2,-2,-2,-2,-2,-2,-2,-2,-2,-2,-2,-2,-2,-2,-2,-2,-2,-2,-2,-2,-2,-2,-2,-2,-2,-2,-2,-2,-2,-2,-2,-2,-2,-2,-2,-2,-2,-2,-2,-2,-2,-2,-2,-2,-2,-2,-2,-2,-2,-2,-2,-2,-2,-2,-2,-2,-2,-2,-2,-2,-2,-2,-2,-2,-2,-2,-2,-2,-2,-2,-2,-2,-2,-2,-2,-2,-2,-2,-2,-2,-2,-2,-2,-2,-2,-2,-2,-2,-2,-2,-2,-2,-2,-2,-2,-2,-2,-2,-2,-2,-2,-2GRD,0.309469697,0.590151515,0.740116279,0.548076923,0.784403669,0.792975207,0.755681818,0.7421875,0.789112903,-2,-2,-2,-2,-2,-2,0.748484849,-2,0.758333333,0.734905661,0.741463415,0.594859813,0.70530303,0.7800813,0.75116279,0.779296875,0.72887931,-2,0.737068966,0.748484849,0.675390625,0.72887931,0.64212963,0.69765625,0.663492063,0.696666666,0.427862595,0.604545454,0.525378788,0.46780303,0.46780303,0.326335878,-2,-2,-2,0.628461539,-2,0.70530303,0.439015151,0.575757576,0.647727273,0.580152672,-2,-2,0.475,-2,0.782352941,0.6175,-2,-2,-2,0.741287879,-2,-2,0.706976745,0.773255814,0.575757576,-2,0.660546875,0.575757576,-2,-2,-2,0.575757576,0.581782946,-2,-2,-2,0.698106061,0.669318182,0.647727273,0.597348485,0.684883721,0.678571428,0.633333334,0.754672897,0.77027027,0.702604166,0.7296,0.745384616,0.675,0.688188977,0.76,0.752692307,0.692248062,0.755511811,0.763247863,0.742436975,0.740551181,0.748031496,0.734090909,0.7296,0.746428572,0.655172413,0.758333333,0.730769231,0.73625,0.698106061,0.726893939,0.732442748,0.64125,0.754198474,0.750806452,-2,0.753968254,-2,-2,0.775833334,0.716269841,-2,0.566513761,-2,-2,0.76,0.735483871,0.800462963,0.730769231,0.754411765,0.726893939,-2,0.708606557,0.703435114,0.749609375,0.78375,0.748484849,-2,0.75116279,0.767307693,0.703149606,0.758467742,0.767307693,0.752083334,0.784126984,0.412704919,0.75631068,0.725268817,0.746946565,0.762878788,0.761450382,0.738076923,0.794140625,0.752692307,-2,-2,-2,-2,-2,0.646391752,0.572900763,-2,-2,-2,0.611742424,0.665,0.6536,0.714341085,0.718110236,0.738076923,0.739694656,0.814285714,0.770472441,0.770075758,0.717777778,0.783206107,-2,0.791666666,0.767307693,-2,0.770075758,0.739694656,-2,0.698106061,0.822115384,0.71969697,-2,-2,-2,-2,0.780932203,-2,-2,-2,-2,-2,-2LCA,-2,-2,-2,-2,-2,-2,-2,-2,-2,-2,-2,-2,-2,-2,-2,-2,-2,-2,-2,-2,-2,-2,-2,-2,-2,-2,-2,-2,-2,-2,-2,-2,-2,-2,-2,-2,-2,-2,-2,-2,-2,-2,-2,-2,-2,-2,-2,-2,-2,-2,-2,-2,-2,-2,-2,-2,-2,-2,-2,-2,-2,-2,-2,-2,-2,-2,-2,-2,-2,-2,-2,-2,-2,-2,-2,-2,-2,-2,-2,-2,-2,-2,-2,-2,-2,-2,-2,-2,-2,-2,-2,-2,-2,-2,-2,-2,-2,-2,-2,-2,-2,-2,-2,-2,-2,-2,-2,-2,-2,-2,-2,-2,-2,-2,-2,-2,-2,-2,-2,-2,-2,-2,-2,-2,-2,-2,-2,-2,-2,-2,-2,-2,-2,-2,-2,-2,-2,-2,-2,-2,-2,-2,-2,-2,-2,-2,-2,-2,-2,-2,-2,-2,-2,-2,-2,-2,-2,-2,-2,-2,-2,-2,-2,-2,-2,-2,-2,-2,-2,-2,-2,-2,-2,-2,-2,-2,-2,-2,-2,-2,-2,-2,-2,-2,-2,-2,-2,-2,-2,-2,-2,-2,-2,-2VCT,-2,-2,-2,-2,-2,-2,-2,-2,-2,-2,-2,-2,-2,-2,-2,-2,-2,-2,-2,-2,-2,-2,-2,-2,-2,-2,-2,-2,-2,-2,-2,-2,-2,-2,-2,-2,-2,-2,-2,-2,-2,-2,-2,-2,-2,-2,-2,-2,-2,-2,-2,-2,-2,-2,-2,-2,-2,-2,-2,-2,-2,-2,-2,-2,-2,-2,-2,-2,-2,-2,-2,-2,-2,-2,-2,-2,-2,-2,-2,-2,-2,-2,-2,-2,-2,-2,-2,-2,-2,-2,-2,-2,-2,-2,-2,-2,-2,-2,-2,-2,-2,-2,-2,-2,-2,-2,-2,-2,-2,-2,-2,-2,-2,-2,-2,-2,-2,-2,-2,-2,-2,-2,-2,-2,-2,-2,-2,-2,-2,-2,-2,-2,-2,-2,-2,-2,-2,-2,-2,-2,-2,-2,-2,-2,-2,-2,-2,-2,-2,-2,-2,-2,-2,-2,-2,-2,-2,-2,-2,-2,-2,-2,-2,-2,-2,-2,-2,-2,-2,-2,-2,-2,-2,-2,-2,-2,-2,-2,-2,-2,-2,-2,-2,-2,-2,-2,-2,-2,-2,-2,-2,-2,-2,-2ATG,-2,-2,-2,-2,-2,-2,-2,-2,-2,-2,-2,-2,-2,-2,-2,-2,-2,-2,-2,-2,-2,-2,-2,-2,-2,-2,-2,-2,-2,-2,-2,-2,-2,-2,-2,-2,-2,-2,-2,-2,-2,-2,-2,-2,-2,-2,-2,-2,-2,-2,-2,-2,-2,-2,-2,-2,-2,-2,-2,-2,-2,-2,-2,-2,-2,-2,-2,-2,-2,-2,-2,-2,-2,-2,-2,-2,-2,-2,-2,-2,-2,-2,-2,-2,-2,-2,-2,-2,-2,-2,-2,-2,-2,-2,-2,-2,-2,-2,-2,-2,-2,-2,-2,-2,-2,-2,-2,-2,-2,-2,-2,-2,-2,-2,-2,-2,-2,-2,-2,-2,-2,-2,-2,-2,-2,-2,-2,-2,-2,-2,-2,-2,-2,-2,-2,-2,-2,-2,-2,-2,-2,-2,-2,-2,-2,-2,-2,-2,-2,-2,-2,-2,-2,-2,-2,-2,-2,-2,-2,-2,-2,-2,-2,-2,-2,-2,-2,-2,-2,-2,-2,-2,-2,-2,-2,-2,-2,-2,-2,-2,-2,-2,-2,-2,-2,-2,-2,-2,-2,-2,-2,-2,-2,-2KNA,-2,-2,-2,-2,-2,-2,-2,-2,-2,-2,-2,-2,-2,-2,-2,-2,-2,-2,-2,-2,-2,-2,-2,-2,-2,-2,-2,-2,-2,-2,-2,-2,-2,-2,-2,-2,-2,-2,-2,-2,-2,-2,-2,-2,-2,-2,-2,-2,-2,-2,-2,-2,-2,-2,-2,-2,-2,-2,-2,-2,-2,-2,-2,-2,-2,-2,-2,-2,-2,-2,-2,-2,-2,-2,-2,-2,-2,-2,-2,-2,-2,-2,-2,-2,-2,-2,-2,-2,-2,-2,-2,-2,-2,-2,-2,-2,-2,-2,-2,-2,-2,-2,-2,-2,-2,-2,-2,-2,-2,-2,-2,-2,-2,-2,-2,-2,-2,-2,-2,-2,-2,-2,-2,-2,-2,-2,-2,-2,-2,-2,-2,-2,-2,-2,-2,-2,-2,-2,-2,-2,-2,-2,-2,-2,-2,-2,-2,-2,-2,-2,-2,-2,-2,-2,-2,-2,-2,-2,-2,-2,-2,-2,-2,-2,-2,-2,-2,-2,-2,-2,-2,-2,-2,-2,-2,-2,-2,-2,-2,-2,-2,-2,-2,-2,-2,-2,-2,-2,-2,-2,-2,-2,-2,-2MEX,0.361413044,0.529609544,0.663492063,0.599099099,0.718768328,0.732647815,0.836853932,0.835626536,0.693308081,-2,0.748484849,-2,-2,-2,-2,-2,-2,0.73111639,0.756740196,0.723587224,0.642579076,0.688590604,0.818316832,0.75731132,0.819111111,0.801976745,-2,0.785576923,0.816079295,0.718292683,0.689215686,0.685,0.736036036,0.755396476,0.689342404,0.392527472,0.6291939,0.510907127,0.469848157,0.488752784,0.365384616,-2,-2,-2,0.642461198,-2,0.499550562,0.436919831,0.549025974,0.654535637,0.543152174,-2,-2,0.508855292,-2,0.818387909,0.652288732,-2,-2,-2,0.768260869,-2,-2,0.675275938,0.816703786,0.542857142,-2,0.689755011,0.542857142,-2,-2,-2,0.543449782,0.550786517,-2,-2,-2,0.682104121,0.644276458,0.623758099,0.56425486,0.708695652,0.7125,0.76,0.780357142,0.772031663,0.795154185,0.768130631,0.783108108,0.763189448,0.758695652,0.813325471,0.795154185,0.733573141,0.798651961,0.752540416,0.811904761,0.82885906,0.794545454,0.803026906,0.812443439,0.752421652,0.714420485,0.79325,0.755839416,0.805724299,0.786353467,0.827083333,0.76935123,0.776879271,0.816439909,0.788199513,-2,0.806124722,-2,-2,0.803846154,0.767633928,-2,0.525138889,0.359347827,-2,0.789192709,0.817318436,0.777794562,0.790265487,0.791666666,0.780871212,-2,0.78643868,0.73220524,0.813686534,0.785247748,0.794545454,-2,0.798249453,0.734945055,0.72967581,0.803341014,0.770754717,0.801421801,0.780913349,0.511709602,0.760505319,0.768346254,0.776297968,0.783371299,0.781414868,0.785103627,0.782352941,0.759161148,-2,-2,-2,-2,-2,0.684883721,0.549672489,0.83125,-2,-2,0.636767896,0.745384616,0.814664804,0.778442438,0.800714286,0.778791209,0.793865741,0.810294117,0.794854586,0.804166667,0.826801153,0.788546798,-2,0.795494505,0.810356348,-2,0.80941704,0.793383948,-2,0.673260869,0.806603774,0.651960785,-2,-2,-2,-2,0.778403142,-2,-2,-2,-2,-2,-2BLZ,-2,-2,-2,-2,-2,-2,-2,-2,-2,-2,-2,-2,-2,-2,-2,-2,-2,-2,-2,-2,-2,-2,-2,-2,-2,-2,-2,-2,-2,-2,-2,-2,-2,-2,-2,-2,-2,-2,-2,-2,-2,-2,-2,-2,-2,-2,-2,-2,-2,-2,-2,-2,-2,-2,-2,-2,-2,-2,-2,-2,-2,-2,-2,-2,-2,-2,-2,-2,-2,-2,-2,-2,-2,-2,-2,-2,-2,-2,-2,-2,-2,-2,-2,-2,-2,-2,-2,-2,-2,-2,-2,-2,-2,-2,-2,-2,-2,-2,-2,-2,-2,-2,-2,-2,-2,-2,-2,-2,-2,-2,-2,-2,-2,-2,-2,-2,-2,-2,-2,-2,-2,-2,-2,-2,-2,-2,-2,-2,-2,-2,-2,-2,-2,-2,-2,-2,-2,-2,-2,-2,-2,-2,-2,-2,-2,-2,-2,-2,-2,-2,-2,-2,-2,-2,-2,-2,-2,-2,-2,-2,-2,-2,-2,-2,-2,-2,-2,-2,-2,-2,-2,-2,-2,-2,-2,-2,-2,-2,-2,-2,-2,-2,-2,-2,-2,-2,-2,-2,-2,-2,-2,-2,-2,-2GTM,0.432827103,0.586829837,0.732110092,0.514199029,0.788170347,0.805826558,0.718795181,0.703795811,0.743478261,-2,0.758333333,-2,-2,-2,-2,0.73111639,-2,-2,0.806883117,0.8015625,0.709366755,0.798915662,0.766534392,0.774430379,0.767220903,0.65460199,-2,0.741881443,0.700118484,0.696062052,0.765119761,0.774860335,0.722090261,0.688470588,0.782487923,0.436910377,0.629625293,0.577494199,0.551398601,0.575,0.407464455,-2,-2,-2,0.662052506,-2,0.48286052,0.493269231,0.479418605,0.648027842,0.477219627,-2,-2,0.564269141,-2,0.69019337,0.527376426,-2,-2,-2,0.674766355,-2,-2,0.661163895,0.703956834,0.477209302,-2,0.571800948,0.475,-2,-2,-2,0.475,0.478450363,-2,-2,-2,0.608974359,0.610556844,0.61937355,0.612761021,0.685050252,0.2375,0.211111111,0.611386138,0.654985755,0.705841121,0.655569007,0.694673124,0.669151671,0.66198044,0.713693467,0.744352941,0.61614987,0.69801061,0.716080402,0.6925,0.717625899,0.698192771,0.711927711,0.684725537,0.669578313,0.710458453,0.676010781,0.657124353,0.733759591,0.656115108,0.698004695,0.655408654,0.654698796,0.704987834,0.655598959,-2,0.707398568,-2,-2,0.548888889,0.665227818,-2,0.607657658,0.407725322,-2,0.750718391,0.668413173,0.724257426,0.71643026,0.548076923,0.666532258,-2,0.686111111,0.629625293,0.708018868,0.684457832,0.682885086,-2,0.737412587,0.718676123,0.6308,0.683622829,0.66475827,0.694702843,0.714875,0.597348485,0.658522727,0.638700565,0.650968523,0.666625916,0.680670103,0.67817919,0.700997151,0.659597156,-2,-2,-2,-2,-2,0.554166666,0.480562061,0.95,-2,-2,0.628904429,0.640801887,0.678978979,0.668259804,0.608974359,0.66926714,0.654336735,0.680597015,0.698192771,0.718676123,0.779115853,0.727384196,-2,0.696816038,0.702863962,-2,0.74610849,0.697552447,-2,0.692523365,0.734090909,0.700819672,-2,-2,-2,-2,0.726470588,-2,-2,-2,-2,-2,-2HND,0.441966427,0.587231504,0.714851486,0.518610422,0.781498471,0.788128492,0.719485294,0.693449198,0.737430939,-2,0.734905661,-2,-2,-2,-2,0.756740196,-2,0.806883117,-2,0.779356568,0.716795866,0.764691358,0.778191489,0.773711341,0.773039216,0.686775818,-2,0.760492228,0.720609756,0.7200489,0.758858859,0.754178273,0.716584766,0.711922141,0.772451456,0.45205314,0.643990384,0.572261904,0.554545454,0.563480392,0.410436893,-2,-2,-2,0.651228502,-2,0.477351486,0.53880597,0.456818182,0.671785714,0.451079137,-2,-2,0.585833334,-2,0.717837079,0.552325582,-2,-2,-2,0.665227818,-2,-2,0.680871671,0.702073171,0.446658711,-2,0.568137255,0.451193317,-2,-2,-2,0.448674699,0.456094527,-2,-2,-2,0.630310263,0.624285714,0.628809524,0.615238096,0.702806122,0.35625,0.316666666,0.608426966,0.657282913,0.725943396,0.644306931,0.699630542,0.685443038,0.666666667,0.723350254,0.76092233,0.619565217,0.710589812,0.717396907,0.718230563,0.72810219,0.692412935,0.699630542,0.694320988,0.72795858,0.704215117,0.680054645,0.659791122,0.753617571,0.672916666,0.7125,0.656617647,0.655731707,0.726054591,0.677154047,-2,0.7200489,-2,-2,0.584615384,0.657334963,-2,0.616369048,0.404072399,-2,0.750583091,0.693009119,0.748976109,0.714233577,0.562962963,0.656437768,-2,0.688931298,0.628004807,0.702676399,0.688985149,0.67925,-2,0.724460432,0.697584541,0.629019074,0.685443038,0.652349869,0.682891246,0.707603093,0.593147208,0.667422096,0.63952514,0.647512438,0.648488665,0.665748032,0.654005935,0.69942029,0.645542168,-2,-2,-2,-2,-2,0.579779412,0.455542168,0.95,-2,-2,0.65,0.626449276,0.675961539,0.656407035,0.59375,0.661566265,0.66227154,0.716666667,0.72292683,0.754479419,0.781451613,0.735654596,-2,0.699879227,0.737347932,-2,0.767037037,0.68699284,-2,0.69028777,0.752083334,0.687379807,-2,-2,-2,-2,0.74682081,-2,-2,-2,-2,-2,-2SLV,0.433894231,0.594033413,0.769827587,0.463125,0.763946588,0.765277778,0.717777778,0.668158568,0.732782369,-2,0.741463415,-2,-2,-2,-2,0.723587224,-2,0.8015625,0.779356568,-2,0.692547426,0.746097561,0.76880109,0.762435898,0.750731707,0.647727273,-2,0.724533334,0.665,0.7125,0.736182336,0.732627119,0.682592593,0.682524272,0.754411765,0.434745763,0.640963855,0.575894988,0.553597122,0.574150485,0.389268293,-2,-2,-2,0.627093596,-2,0.475,0.528271028,0.439688249,0.646181384,0.436177884,-2,-2,0.582696897,-2,0.678194445,0.494866921,-2,-2,-2,0.64472422,-2,-2,0.607907542,0.675606797,0.434090909,-2,0.574634147,0.436363637,-2,-2,-2,0.438285024,0.440648379,-2,-2,-2,0.613636363,0.618973747,0.618973747,0.600835322,0.696183206,0.35625,0.316666666,0.615740741,0.627,0.673300971,0.611386138,0.665931372,0.638359788,0.630126582,0.676844783,0.706174334,0.583068783,0.664267352,0.687338501,0.665,0.701970443,0.68962963,0.66198044,0.647512438,0.693558283,0.679376854,0.651805555,0.619129288,0.708181818,0.644146341,0.685731415,0.62097561,0.627093596,0.693052109,0.639947781,-2,0.666625916,-2,-2,0.556896552,0.624816625,-2,0.612464183,0.371555555,-2,0.707843137,0.659009009,0.744166666,0.66407767,0.538333334,0.651532567,-2,0.668427835,0.596618358,0.671951219,0.653125,0.64815271,-2,0.685731415,0.66937046,0.610349462,0.656582279,0.640585241,0.65157068,0.67159383,0.536956521,0.642647059,0.616142858,0.626243781,0.631738036,0.641755319,0.639423077,0.655823864,0.617270531,-2,-2,-2,-2,-2,0.539464286,0.44057971,0.95,-2,-2,0.623508353,0.60496368,0.660993976,0.634125,0.591923077,0.621776156,0.630102041,0.698529412,0.699012346,0.688807786,0.754833837,0.721390375,-2,0.67206235,0.670588235,-2,0.717830424,0.667505996,-2,0.675961539,0.722,0.69028777,-2,-2,-2,-2,0.704583334,-2,-2,-2,-2,-2,-2NIC,0.528033981,0.576456311,0.590291262,0.403030303,0.732601881,0.788526913,0.634924624,0.620247934,0.731179775,-2,0.594859813,-2,-2,-2,-2,0.642579076,-2,0.709366755,0.716795866,0.692547426,-2,0.814962594,0.719618529,0.716230367,0.663118812,0.597073792,-2,0.65328084,0.594334976,0.614427861,0.752560241,0.726470588,0.618329177,0.595802469,0.773200993,0.460960591,0.62097561,0.582850242,0.541868933,0.556327543,0.415479115,-2,-2,-2,0.599376558,-2,0.459445844,0.584615384,0.371237864,0.605797101,0.360583942,-2,-2,0.559903382,-2,0.616432584,0.417254902,-2,-2,-2,0.584793187,-2,-2,0.598406863,0.626243781,0.368038741,-2,0.514089775,0.365738498,-2,-2,-2,0.366992665,0.368513854,-2,-2,-2,0.586561743,0.596618358,0.610386473,0.598913044,0.663071066,0.11875,0.105555555,0.464673913,0.563559322,0.593170732,0.567128464,0.597619048,0.619565217,0.58740458,0.634974093,0.674570025,0.517277487,0.6,0.676844783,0.591803279,0.656965175,0.608481013,0.591375,0.618939394,0.613181818,0.631470588,0.588095238,0.573015873,0.658831169,0.581343284,0.631004902,0.568578554,0.573316708,0.612594458,0.586543536,-2,0.623880597,-2,-2,0.456,0.589330025,-2,0.644744745,0.447857142,-2,0.674193548,0.58416149,0.676271187,0.628641975,0.598148149,0.585267858,-2,0.625255102,0.543520782,0.62549505,0.603670886,0.601908397,-2,0.647201947,0.596078431,0.540196078,0.594358975,0.58209549,0.620767195,0.6225,0.681038961,0.579335261,0.571587744,0.574810126,0.570971867,0.593431635,0.576686217,0.595809249,0.567654321,-2,-2,-2,-2,-2,0.471428572,0.370220588,0.95,-2,-2,0.592597088,0.550859951,0.60015873,0.592550505,0.479059829,0.568596059,0.59742268,0.639090909,0.630987654,0.632555283,0.70553746,0.646527778,-2,0.624753695,0.616791044,-2,0.693308081,0.621065376,-2,0.614841849,0.618604651,0.649513382,-2,-2,-2,-2,0.654692082,-2,-2,-2,-2,-2,-2CRI,0.46875,0.577083333,0.693650794,0.46309795,0.800872093,0.805912597,0.677036199,0.670864198,0.779240507,-2,0.70530303,-2,-2,-2,-2,0.688590604,-2,0.798915662,0.764691358,0.746097561,0.814962594,-2,0.751985111,0.766273585,0.73011236,0.62744186,-2,0.702073171,0.657366072,0.670964126,0.777272727,0.755064935,0.667159091,0.641091314,0.804347826,0.437,0.623568282,0.562117904,0.529166667,0.539532294,0.3766147,-2,-2,-2,0.646853932,-2,0.471768707,0.520434783,0.425,0.638864629,0.41967033,-2,-2,0.541375546,-2,0.670588235,0.486666667,-2,-2,-2,0.638901099,-2,-2,0.615701559,0.67309417,0.419912473,-2,0.545608108,0.417833698,-2,-2,-2,0.417328918,0.418863636,-2,-2,-2,0.596608315,0.611899563,0.622270742,0.601528384,0.708588235,0.11875,0.19,0.568303572,0.608398951,0.648478261,0.618253968,0.650566893,0.653985507,0.624537037,0.67985782,0.715666666,0.57686747,0.658946078,0.722090261,0.646962025,0.692663657,0.662385321,0.646945701,0.668678815,0.635142858,0.641120219,0.634130982,0.618550368,0.706235012,0.626914415,0.680973451,0.619751693,0.619565217,0.660022779,0.631773399,-2,0.683146068,-2,-2,0.540769231,0.63261851,-2,0.628947368,0.41069869,-2,0.721390375,0.636901408,0.708823529,0.681291759,0.606944445,0.648523986,-2,0.66952381,0.597682119,0.661607142,0.66152968,0.644874716,-2,0.694150111,0.643207127,0.592269327,0.652436195,0.625059383,0.671951219,0.672823529,0.635563381,0.631635389,0.610892388,0.624657535,0.620900693,0.637139423,0.624069149,0.646701847,0.619196428,-2,-2,-2,-2,-2,0.530232558,0.420353982,0.95,-2,-2,0.6,0.604545454,0.674715909,0.636238532,0.549642858,0.616444445,0.636320755,0.680597015,0.679185521,0.693015521,0.75617816,0.683037975,-2,0.68037694,0.667567568,-2,0.742727273,0.672916666,-2,0.672307693,0.716981132,0.698898678,-2,-2,-2,-2,0.73018617,-2,-2,-2,-2,-2,-2PAN,0.415048544,0.550724638,0.725454546,0.567625,0.769620253,0.80240113,0.825062034,0.789112903,0.753081233,-2,0.7800813,-2,-2,-2,-2,0.818316832,-2,0.766534392,0.778191489,0.76880109,0.719618529,0.751985111,-2,0.793701799,0.804567901,0.747300771,-2,0.783687003,0.760933661,0.720123456,0.738253012,0.775070822,0.72967581,0.774938575,0.758104739,0.404156479,0.635644769,0.54939759,0.501452784,0.525682382,0.355665024,-2,-2,-2,0.660049628,-2,0.490554156,0.456188119,0.523188406,0.647831325,0.516504854,-2,-2,0.533373494,-2,0.818873239,0.618431372,-2,-2,-2,0.758616505,-2,-2,0.670588235,0.792059553,0.516304348,-2,0.657692307,0.516304348,-2,-2,-2,0.516707317,0.524055416,-2,-2,-2,0.662469734,0.631807229,0.631807229,0.588313253,0.705154639,0.7125,0.738888889,0.725943396,0.728425656,0.769905213,0.719047619,0.768034825,0.748941799,0.739694656,0.806135771,0.795566503,0.697340425,0.802853261,0.758507853,0.779889807,0.819700748,0.76870229,0.744723618,0.774873738,0.75703125,0.730769231,0.772206704,0.736631017,0.816445624,0.755308642,0.796699267,0.722469136,0.73517588,0.80275,0.749186992,-2,0.789303482,-2,-2,0.763114755,0.748628429,-2,0.586419753,0.394339623,-2,0.80030303,0.775389408,0.815625,0.778765432,0.777272727,0.783466135,-2,0.770472441,0.711341464,0.771728395,0.762375,0.764285714,-2,0.765533981,0.731662592,0.705939227,0.764340102,0.7421875,0.783108108,0.775459318,0.557820513,0.747032641,0.729710145,0.745569621,0.753196931,0.767702703,0.75887574,0.760549133,0.722371638,-2,-2,-2,-2,-2,0.671611722,0.521341464,0.95,-2,-2,0.646368039,0.719485294,0.778095238,0.746428572,0.741287879,0.725921376,0.753448276,0.75,0.782630273,0.800980392,0.847460317,0.798209367,-2,0.787408313,0.801119403,-2,0.838653366,0.782082324,-2,0.691747573,0.770754717,0.687772397,-2,-2,-2,-2,0.810775862,-2,-2,-2,-2,-2,-2COL,0.410277137,0.582258065,0.72601626,0.51921241,0.771875,0.774456521,0.748210024,0.747820513,0.72918919,-2,0.75116279,-2,-2,-2,-2,0.75731132,-2,0.774430379,0.773711341,0.762435898,0.716230367,0.766273585,0.793701799,-2,0.807611241,0.681873479,-2,0.764871795,0.711943794,0.711943794,0.77948718,0.775833334,0.70797619,0.731967213,0.788636364,0.425174826,0.649422632,0.555619266,0.539425287,0.556973995,0.384894614,-2,-2,-2,0.655791963,-2,0.475,0.526818182,0.47937788,0.666743119,0.475,-2,-2,0.56869266,-2,0.724663073,0.536346864,-2,-2,-2,0.684526559,-2,-2,0.66588785,0.720305164,0.46954023,-2,0.593192489,0.471724138,-2,-2,-2,0.472800926,0.478400954,-2,-2,-2,0.639170507,0.634059633,0.631880734,0.614449541,0.701970443,0.475,0.422222222,0.656363636,0.648907104,0.707359308,0.655952381,0.686611374,0.687848101,0.658214286,0.727860696,0.778688524,0.615696203,0.73022388,0.714875,0.686807388,0.755070755,0.722727273,0.698463357,0.722727273,0.688323353,0.683146068,0.679287599,0.638167939,0.737562815,0.661647059,0.729069767,0.677294117,0.662259616,0.713064133,0.676844783,-2,0.725943396,-2,-2,0.7125,0.676650943,-2,0.598973607,0.366055046,-2,0.757865169,0.706268221,0.77484375,0.702464789,0.7125,0.688931298,-2,0.699630542,0.632598607,0.704694836,0.69379475,0.68436019,-2,0.740603249,0.714719627,0.644908616,0.694498778,0.6680798,0.692455243,0.713669951,0.561042184,0.68198324,0.64929972,0.69028777,0.673970944,0.679262087,0.689473684,0.70399449,0.656323185,-2,-2,-2,-2,-2,0.587937063,0.473897912,0.95,-2,-2,0.679195403,0.651048951,0.734743202,0.689663461,0.637956205,0.675407925,0.690476191,0.72016129,0.754609929,0.745794393,0.796960486,0.767402598,-2,0.721911422,0.720921986,-2,0.781818182,0.717972351,-2,0.708660509,0.806603774,0.71743649,-2,-2,-2,-2,0.753631285,-2,-2,-2,-2,-2,-2VEN,0.37875817,0.547282609,0.72601626,0.536117382,0.760549133,0.778608248,0.798085586,0.787009804,0.728734178,-2,0.779296875,-2,-2,-2,-2,0.819111111,-2,0.767220903,0.773039216,0.750731707,0.663118812,0.73011236,0.804567901,0.807611241,-2,0.728554779,-2,0.792805755,0.790265487,0.746578367,0.763157895,0.762005277,0.740315315,0.766263737,0.750564334,0.405947136,0.6430131,0.528463203,0.495652174,0.517410714,0.362803532,-2,-2,-2,0.647438753,-2,0.468581081,0.466810345,0.516304348,0.668290043,0.511220044,-2,-2,0.526406926,-2,0.768239796,0.585616438,-2,-2,-2,0.701633987,-2,-2,0.647345133,0.737250554,0.509002169,-2,0.625609756,0.513123644,-2,-2,-2,0.515536105,0.517792793,-2,-2,-2,0.644347827,0.623051948,0.623051948,0.575757576,0.704767442,0.59375,0.57,0.697247706,0.690682415,0.741561181,0.690519187,0.732735426,0.735851319,0.690711009,0.756855792,0.790618102,0.660671463,0.76092233,0.711938534,0.747110553,0.77572707,0.743665159,0.737946428,0.752708803,0.727259887,0.708648649,0.717884131,0.678571428,0.770454546,0.705044843,0.755824176,0.69610245,0.696232876,0.751814059,0.714783654,-2,0.76169265,-2,-2,0.72016129,0.703547672,-2,0.559444445,0.364166666,-2,0.763527852,0.735654596,0.767530488,0.737250554,0.732857142,0.7125,-2,0.718618267,0.671444202,0.72721239,0.722171945,0.717873304,-2,0.739583333,0.702538632,0.669478908,0.732794458,0.704694836,0.732004831,0.72244186,0.529764706,0.703703704,0.68541114,0.713574661,0.726086956,0.723373494,0.726322752,0.724869791,0.689380531,-2,-2,-2,-2,-2,0.609375,0.515536105,0.844444445,-2,-2,0.650543479,0.673788546,0.732857142,0.698529412,0.691544117,0.711453744,0.696217494,0.76,0.762556054,0.76376652,0.80240113,0.762878788,-2,0.738656388,0.777852349,-2,0.800225225,0.743478261,-2,0.678867103,0.855,0.676200873,-2,-2,-2,-2,0.769401041,-2,-2,-2,-2,-2,-2GUY,0.326765376,0.470681818,0.608974359,0.711938534,0.67734139,0.647727273,0.811737089,0.8528133,0.671031746,-2,0.72887931,-2,-2,-2,-2,0.801976745,-2,0.65460199,0.686775818,0.647727273,0.597073792,0.62744186,0.747300771,0.681873479,0.728554779,-2,-2,0.758104739,0.815856481,0.649534884,0.593409742,0.604312668,0.745794393,0.707027649,0.623647059,0.385253456,0.550913242,0.455656109,0.431818182,0.439651163,0.387442396,-2,-2,-2,0.602331002,-2,0.426941177,0.403971963,0.654204546,0.573868778,0.647038724,-2,-2,0.453506788,-2,0.79463807,0.763392858,-2,-2,-2,0.846127562,-2,-2,0.63770115,0.817132867,0.644104308,-2,0.750233645,0.650566893,-2,-2,-2,0.65,0.65786385,-2,-2,-2,0.624716553,0.595361991,0.563122172,0.515837104,0.647201947,0.95,0.95,0.848543689,0.841576087,0.798863636,0.836,0.807276995,0.762345679,0.831818182,0.818886198,0.76,0.809170854,0.793670886,0.73992629,0.83125,0.813341067,0.823933649,0.865456675,0.853655661,0.728425656,0.705342465,0.834625323,0.83420398,0.778341584,0.839277389,0.82770115,0.854556075,0.838497653,0.81749409,0.868639799,-2,0.825700935,-2,-2,0.914814815,0.844199536,-2,0.456107954,0.296103896,-2,0.744736842,0.771014493,0.73029316,0.790207373,0.918333334,0.802140078,-2,0.813292683,0.804347826,0.813972286,0.815248227,0.860165484,-2,0.783371299,0.726728111,0.797803618,0.839855072,0.844704434,0.78886076,0.773039216,0.459975669,0.766804407,0.840482574,0.839952719,0.793556086,0.797619047,0.823333334,0.804246575,0.818360277,-2,-2,-2,-2,-2,0.765816327,0.653669724,0.422222222,-2,-2,0.573015873,0.804013761,0.814285714,0.827272727,0.803252032,0.816781609,0.828325123,0.796323529,0.774238876,0.76,0.778041543,0.750524935,-2,0.825517241,0.775058275,-2,0.772995283,0.794545454,-2,0.577790433,0.734090909,0.576940639,-2,-2,-2,-2,0.689010989,-2,-2