1976,USA,CAN,BHS,CUB,HTI,DOM,JAM,TTO,BRB,DMA,GRD,LCA,VCT,ATG,KNA,MEX,BLZ,GTM,HND,SLV,NIC,CRI,PAN,COL,VEN,GUY,SUR,ECU,PER,BRA,BOL,PRY,CHL,ARG,URY,GBR,IRL,NLD,BEL,LUX,FRA,MCO,LIE,CHE,ESP,AND,PRT,DEU,POL,AUT,HUN,CZE,SVK,ITA,SMR,MLT,ALB,MNE,MKD,HRV,SRB,BIH,SVN,GRC,CYP,BGR,MDA,ROU,RUS,EST,LVA,LTU,UKR,BLR,ARM,GEO,AZE,FIN,SWE,NOR,DNK,ISL,CPV,STP,GNB,GNQ,GMB,MLI,SEN,BEN,MRT,NER,CIV,GIN,BFA,LBR,SLE,GHA,TGO,CMR,NGA,GAB,CAF,TCD,COG,COD,UGA,KEN,TZA,BDI,RWA,SOM,DJI,ETH,ERI,AGO,MOZ,ZMB,ZWE,MWI,ZAF,NAM,LSO,BWA,SWZ,MDG,COM,MUS,SYC,MAR,DZA,TUN,LBY,SDN,SSD,IRN,TUR,IRQ,EGY,SYR,LBN,JOR,ISR,SAU,YEM,KWT,BHR,QAT,ARE,OMN,AFG,TKM,TJK,KGZ,UZB,KAZ,CHN,MNG,TWN,PRK,KOR,JPN,IND,BTN,PAK,BGD,MMR,LKA,MDV,NPL,THA,KHM,LAO,VNM,MYS,SGP,BRN,PHL,IDN,TLS,AUS,PNG,NZL,VUT,SLB,KIR,TUV,FJI,TON,NRU,MHL,PLW,FSM,WSMUSA,-2,0.656716418,0.323017408,0.2,0.344907407,0.353813559,0.292870906,0.313320826,0.314065511,-2,0.236486486,-2,-2,-2,-2,0.313320826,-2,0.413943355,0.352813853,0.338427948,0.315565032,0.318359375,0.309021113,0.335341365,0.31826742,0.305502846,0.344357977,0.333958724,0.314606742,0.291984733,0.311507937,0.381818182,0.346613546,0.288461538,0.362549801,0.778195489,0.529739777,0.604089219,0.680297398,0.681564246,0.68411215,-2,-2,-2,0.417910448,-2,0.489757914,0.723048327,0.234521576,0.442164179,0.208566108,-2,-2,0.605947955,-2,0.332648871,0.096774194,-2,-2,-2,0.303538175,-2,-2,0.411214953,0.309055118,0.207865169,-2,0.276061776,0.208566108,-2,-2,-2,0.207089552,0.208566108,-2,-2,-2,0.397769517,0.434944238,0.50929368,0.554307116,0.509469697,0.25436409,0.230769231,0.273305085,0.237804878,0.319095477,0.304924242,0.331428571,0.251012146,0.325443787,0.325581395,0.32688588,0.256784969,0.329032258,0.325726141,0.317554241,0.326213592,0.316793893,0.323308271,0.298651252,0.31372549,0.330396476,0.349240781,0.2297593,0.342359768,0.298245614,0.309197652,0.288425047,0.30206379,0.305882353,0.323210412,0.306547619,0.280834915,-2,0.187683284,0.227467811,0.313320826,0.220930233,0.359728507,-2,-2,0.326848249,0.30802603,0.346379648,0.289772727,0.298136646,0.329809725,0.086538462,0.340996169,0.248565966,0.337078652,0.253731343,0.305668016,-2,0.312127237,0.379962193,0.251521298,0.315298507,0.238549618,0.320665083,0.316091954,0.657657658,0.298804781,0.276767677,0.3125,0.320754717,0.327746741,0.314779271,0.332703214,0.240310078,-2,-2,-2,-2,-2,0.236585366,0.206378987,-2,-2,-2,0.501858736,0.292910448,0.30608365,0.309885932,0.333333333,0.299242424,0.296442688,0.328301887,0.320297952,0.332703214,0.215962441,0.229613734,0.171511628,0.333333333,0.33778626,-2,0.322160149,0.324022346,-2,0.541899441,0.329741379,0.520446097,-2,-2,-2,-2,0.330078125,-2,-2,-2,-2,-2,0.340540541CAN,0.656716418,-2,0.519157088,0.356190476,0.496551724,0.549266247,0.482824427,0.498141264,0.503816794,-2,0.429530201,-2,-2,-2,-2,0.503717472,-2,0.609071274,0.526766595,0.530172414,0.504237288,0.520309478,0.506666667,0.523809524,0.514925373,0.492481203,0.522157996,0.503717472,0.497217069,0.46969697,0.498031496,0.560606061,0.522772277,0.47047619,0.545454545,0.769087523,0.784530387,0.804788214,0.812154696,0.828413284,0.685185185,-2,-2,-2,0.648798521,-2,0.721402214,0.819521179,0.317843866,0.709796673,0.29704797,-2,-2,0.791896869,-2,0.524390244,0.266666667,-2,-2,-2,0.492619926,-2,-2,0.614814815,0.497076023,0.294990724,-2,0.444444444,0.291512915,-2,-2,-2,0.292051756,0.291512915,-2,-2,-2,0.668508287,0.703499079,0.767955801,0.80148423,0.750469043,0.42364532,0.405063291,0.455882353,0.456456456,0.49127182,0.491557223,0.516981132,0.446893788,0.478515625,0.503846154,0.536398467,0.443983402,0.523504274,0.518518519,0.50390625,0.503846154,0.503787879,0.51396648,0.480916031,0.508737864,0.525164114,0.532188841,0.415217391,0.51532567,0.457528958,0.496124031,0.471804511,0.481412639,0.495145631,0.495689655,0.48816568,0.460526316,-2,0.35942029,0.407643312,0.49070632,0.38372093,0.520179372,-2,-2,0.504816956,0.493589744,0.544573643,0.47467167,0.472049689,0.517819706,0.281553398,0.489563567,0.4375,0.506493506,0.459915612,0.49498998,-2,0.505905512,0.582397004,0.441767068,0.489833641,0.421550095,0.5,0.478178368,0.622767857,0.461538462,0.46,0.510638298,0.508411215,0.503690037,0.505703422,0.496254682,0.417624521,-2,-2,-2,-2,-2,0.421686747,0.291821561,-2,-2,-2,0.710865562,0.46025878,0.487758945,0.497175141,0.483870968,0.491557223,0.495107632,0.493457944,0.503690037,0.503745318,0.399061033,0.409766454,0.33045977,0.487084871,0.506616257,-2,0.490774908,0.47601476,-2,0.808118081,0.535181237,0.787822878,-2,-2,-2,-2,0.539651838,-2,-2,-2,-2,-2,0.517426273BHS,0.323017408,0.519157088,-2,0.71372549,0.858823529,0.863043478,0.875247525,0.892100193,0.896484375,-2,0.829861111,-2,-2,-2,-2,0.888888889,-2,0.719026549,0.869469027,0.848552339,0.812362031,0.895582329,0.885375494,0.896761134,0.89292543,0.859649123,0.908366534,0.905587669,0.9,0.862475442,0.887983707,0.826086957,0.848049281,0.867850099,0.844758065,0.410404624,0.610687023,0.566793893,0.459923664,0.478011472,0.383877159,-2,-2,-2,0.697318008,-2,0.644359465,0.43129771,0.599229287,0.680076628,0.575525813,-2,-2,0.501908397,-2,0.886075949,0.687242798,-2,-2,-2,0.86998088,-2,-2,0.723608445,0.866396761,0.573076923,-2,0.811133201,0.567877629,-2,-2,-2,0.568965517,0.567877629,-2,-2,-2,0.759541985,0.696564885,0.664122137,0.603846154,0.653696498,0.83248731,0.828947368,0.819172113,0.826086957,0.864229765,0.86770428,0.865234375,0.839175258,0.835341365,0.868263473,0.869822485,0.836909871,0.879464286,0.886752137,0.862626263,0.856015779,0.876953125,0.880769231,0.889328063,0.876247505,0.831460674,0.883408072,0.792325056,0.88667992,0.83531746,0.872,0.853846154,0.869230769,0.870967742,0.876651982,0.898507463,0.846303502,-2,0.812865497,0.81938326,0.855491329,0.788235294,0.76146789,-2,-2,0.874501992,0.85209713,0.889558233,0.852140078,0.866883117,0.868995633,0.836538462,0.866404715,0.819607843,0.855769231,0.855895197,0.879417879,-2,0.860323887,0.772815534,0.822546973,0.881226054,0.81372549,0.844827586,0.870588235,0.454545455,0.854508197,0.837837838,0.879759519,0.879844961,0.86998088,0.881889764,0.879844961,0.788537549,-2,-2,-2,-2,-2,0.816582915,0.572254335,-2,-2,-2,0.643129771,0.823754789,0.853515625,0.849609375,0.862745098,0.856589147,0.883534137,0.868471954,0.917782027,0.893203883,0.886138614,0.82300885,0.805389222,0.881453155,0.880392157,-2,0.879541109,0.881453155,-2,0.602294455,0.867391304,0.632887189,-2,-2,-2,-2,0.883767535,-2,-2,-2,-2,-2,0.894021739CUB,0.2,0.356190476,0.71372549,-2,0.727906977,0.669546436,0.823874755,0.804597701,0.799607073,-2,0.847222222,-2,-2,-2,-2,0.768199234,-2,0.497777778,0.663755459,0.649890591,0.702819957,0.695219124,0.755905512,0.737270876,0.769230769,0.833333333,0.727634195,0.766283525,0.770554493,0.766081871,0.723577236,0.576323988,0.67209776,0.764705882,0.630612245,0.259117083,0.436432638,0.40227704,0.328273245,0.33269962,0.27480916,-2,-2,-2,0.565714286,-2,0.498098859,0.284629981,0.768199234,0.499047619,0.802281369,-2,-2,0.362428843,-2,0.817226891,0.870445344,-2,-2,-2,0.828897338,-2,-2,0.63740458,0.835341365,0.804971319,-2,0.824110672,0.80608365,-2,-2,-2,0.807619048,0.80608365,-2,-2,-2,0.561669829,0.527514231,0.491461101,0.439770554,0.490384615,0.873134328,0.898268398,0.851293103,0.841121495,0.808673469,0.810444874,0.799610895,0.881147541,0.78,0.792079208,0.689587426,0.847639485,0.787610619,0.756302521,0.808467742,0.803149606,0.79223301,0.783109405,0.798434442,0.741106719,0.701793722,0.762222222,0.901345291,0.743589744,0.818540434,0.803960396,0.835271318,0.822179732,0.8,0.780701754,0.819526627,0.858800774,-2,0.941690962,0.905172414,0.82183908,0.843373494,0.555808656,-2,-2,0.752964427,0.810043668,0.708,0.84139265,0.791277259,0.787418655,0.970873786,0.75146771,0.869649805,0.79541109,0.856521739,0.820987654,-2,0.793522267,0.709615385,0.845360825,0.792380952,0.850194553,0.742647059,0.792563601,0.284064665,0.78340081,0.823408624,0.804780876,0.799614644,0.794676806,0.806262231,0.785714286,0.879684418,-2,-2,-2,-2,-2,0.865671642,0.810707457,-2,-2,-2,0.44971537,0.807984791,0.812015504,0.778640777,0.788649706,0.746615087,0.815261044,0.799614644,0.741444867,0.750965251,0.889423077,0.906113537,0.95335277,0.77756654,0.739299611,-2,0.773764259,0.788973384,-2,0.441064639,0.686956522,0.441064639,-2,-2,-2,-2,0.686626747,-2,-2,-2,-2,-2,0.685636856HTI,0.344907407,0.496551724,0.858823529,0.727906977,-2,0.87012987,0.868235294,0.887096774,0.888095238,-2,0.834042553,-2,-2,-2,-2,0.879907621,-2,0.733333333,0.867149758,0.812169312,0.812339332,0.899280576,0.892773893,0.879012346,0.890951276,0.870069606,0.893364929,0.894009217,0.889400922,0.843971631,0.876213592,0.83032491,0.836585366,0.847980998,0.816377171,0.400921659,0.599542334,0.560640732,0.457665904,0.480549199,0.356321839,-2,-2,-2,0.682758621,-2,0.612385321,0.434782609,0.612009238,0.620689655,0.594036697,-2,-2,0.489702517,-2,0.895140665,0.74,-2,-2,-2,0.850917431,-2,-2,0.711670481,0.877108434,0.594470046,-2,0.825358852,0.594036697,-2,-2,-2,0.595402299,0.594036697,-2,-2,-2,0.709382151,0.663615561,0.624713959,0.579310345,0.638888889,0.869565217,0.833746898,0.854271357,0.824489796,0.865443425,0.87587822,0.875586854,0.849878935,0.852300242,0.90625,0.822695035,0.856060606,0.883905013,0.893129771,0.871359223,0.872093023,0.889671362,0.87962963,0.884705882,0.848341232,0.831578947,0.891534392,0.799457995,0.884160757,0.863109049,0.884976526,0.875586854,0.892201835,0.880778589,0.889460154,0.926751592,0.845794393,-2,0.840125392,0.83248731,0.875862069,0.777777778,0.726495726,-2,-2,0.852803738,0.851948052,0.853365385,0.863741339,0.885608856,0.871052632,0.836956522,0.860849057,0.83490566,0.862068966,0.856396867,0.881612091,-2,0.855745721,0.780885781,0.828009828,0.894252874,0.813679245,0.835777126,0.88028169,0.45480226,0.86440678,0.849009901,0.877108434,0.879069767,0.869565217,0.877358491,0.87962963,0.78250591,-2,-2,-2,-2,-2,0.856716418,0.600461894,-2,-2,-2,0.6201373,0.830275229,0.853488372,0.854800937,0.879716981,0.858139535,0.887019231,0.884526559,0.892201835,0.887850467,0.909090909,0.823684211,0.833333333,0.885583524,0.869158879,-2,0.889908257,0.871853547,-2,0.577981651,0.877333333,0.598623853,-2,-2,-2,-2,0.871359223,-2,-2,-2,-2,-2,0.880597015DOM,0.353813559,0.549266247,0.863043478,0.669546436,0.87012987,-2,0.835470085,0.842105263,0.848484848,-2,0.78358209,-2,-2,-2,-2,0.860759494,-2,0.760391198,0.857487923,0.854503464,0.812351544,0.880952381,0.872294372,0.867713004,0.877118644,0.824152542,0.887688985,0.875527426,0.863731656,0.819742489,0.877995643,0.844884488,0.865168539,0.823275862,0.84279476,0.44,0.638830898,0.594989562,0.501043841,0.516736402,0.403361345,-2,-2,-2,0.693920335,-2,0.646443515,0.473903967,0.578059072,0.677824268,0.560669456,-2,-2,0.534446764,-2,0.854545455,0.621145374,-2,-2,-2,0.807531381,-2,-2,0.686847599,0.834801762,0.557894737,-2,0.784017279,0.552301255,-2,-2,-2,0.553459119,0.552301255,-2,-2,-2,0.766179541,0.686847599,0.659707724,0.610878661,0.667372881,0.79076087,0.774881517,0.791866029,0.787878788,0.828254848,0.829424307,0.837606838,0.79006772,0.806034483,0.835526316,0.876623377,0.794930876,0.848341232,0.861047836,0.832599119,0.835140998,0.841541756,0.844863732,0.836206897,0.840172786,0.810747664,0.851162791,0.75175644,0.851612903,0.807860262,0.826839827,0.814893617,0.831578947,0.843137255,0.831707317,0.840531561,0.797008547,-2,0.74433657,0.766509434,0.828092243,0.722891566,0.706766917,-2,-2,0.839912281,0.804400978,0.859649123,0.811839323,0.822147651,0.838337182,0.705882353,0.82832618,0.778969957,0.831578947,0.819047619,0.836206897,-2,0.824175824,0.753715499,0.797297297,0.834381551,0.780645161,0.835897436,0.834763948,0.456140351,0.80623608,0.813063063,0.842105263,0.845010616,0.830897704,0.840860215,0.830866808,0.747844828,-2,-2,-2,-2,-2,0.777777778,0.556962025,-2,-2,-2,0.657620042,0.779874214,0.79787234,0.818181818,0.817596567,0.814498934,0.84516129,0.830508475,0.876569038,0.856842105,0.848648649,0.769953052,0.731861199,0.828451883,0.837259101,-2,0.845188285,0.822175732,-2,0.621338912,0.846522782,0.658995816,-2,-2,-2,-2,0.866666667,-2,-2,-2,-2,-2,0.868338558JAM,0.292870906,0.482824427,0.875247525,0.823874755,0.868235294,0.835470085,-2,0.977011494,0.962598425,-2,0.931271478,-2,-2,-2,-2,0.94049904,-2,0.66004415,0.806593407,0.809628009,0.806034483,0.847826087,0.915520629,0.885714286,0.942196532,0.959615385,0.893069307,0.930902111,0.929118774,0.886497065,0.872983871,0.763076923,0.840080972,0.87007874,0.795501022,0.367307692,0.577946768,0.545627376,0.437262357,0.455238095,0.334608031,-2,-2,-2,0.717557252,-2,0.643809524,0.393536122,0.690978887,0.631679389,0.681904762,-2,-2,0.461977186,-2,0.966457023,0.841463415,-2,-2,-2,0.927619048,-2,-2,0.75334608,0.956175299,0.683908046,-2,0.889108911,0.681904762,-2,-2,-2,0.683206107,0.681904762,-2,-2,-2,0.730038023,0.653992395,0.614068441,0.561302682,0.63583815,0.945409429,0.927194861,0.939784946,0.913043478,0.943152455,0.955598456,0.949416342,0.93699187,0.89516129,0.938369781,0.851272016,0.944798301,0.938596491,0.909853249,0.963782696,0.948310139,0.939215686,0.940384615,0.94140625,0.888888889,0.841628959,0.922222222,0.906666667,0.903921569,0.93503937,0.958579882,0.945736434,0.954110899,0.95,0.935555556,0.952095808,0.932170543,-2,0.908284024,0.917926566,0.942418426,0.8875,0.695652174,-2,-2,0.902390438,0.936819172,0.867063492,0.957364341,0.928802589,0.947826087,0.913461538,0.892367906,0.918287938,0.931034483,0.946581197,0.94057377,-2,0.923541247,0.839458414,0.927983539,0.93129771,0.916342412,0.91198044,0.925490196,0.378190255,0.902834008,0.918200409,0.954091816,0.944015444,0.935361217,0.945098039,0.909266409,0.87992126,-2,-2,-2,-2,-2,0.907317073,0.687140115,-2,-2,-2,0.593155894,0.902671756,0.906796117,0.914563107,0.925490196,0.856589147,0.948207171,0.928571429,0.895238095,0.912959381,0.962085308,0.920770878,0.901734104,0.918095238,0.886939571,-2,0.921904762,0.912380952,-2,0.558935361,0.85745614,0.584761905,-2,-2,-2,-2,0.844,-2,-2,-2,-2,-2,0.848066298TTO,0.313320826,0.498141264,0.892100193,0.804597701,0.887096774,0.842105263,0.977011494,-2,0.957773512,-2,0.898648649,-2,-2,-2,-2,0.936448598,-2,0.672451193,0.827956989,0.815618221,0.806794055,0.85631068,0.919385797,0.902390438,0.953095685,0.960377358,0.907335907,0.934579439,0.945895522,0.893536122,0.879207921,0.779816514,0.846613546,0.88697318,0.805168986,0.389513109,0.588888889,0.557407407,0.448148148,0.467532468,0.351955307,-2,-2,-2,0.724907063,-2,0.651205937,0.412962963,0.682242991,0.635687732,0.660482375,-2,-2,0.47037037,-2,0.971311475,0.817460317,-2,-2,-2,0.929499072,-2,-2,0.767225326,0.962818004,0.662313433,-2,0.89017341,0.660482375,-2,-2,-2,0.661710037,0.660482375,-2,-2,-2,0.733333333,0.661111111,0.627777778,0.576492537,0.645283019,0.940298507,0.921276596,0.930232558,0.921450151,0.947103275,0.954716981,0.947069943,0.937625755,0.8978389,0.951644101,0.855491329,0.935416667,0.939784946,0.911340206,0.958742633,0.953578337,0.961832061,0.951310861,0.950095969,0.902534113,0.852422907,0.933045356,0.896929825,0.915384615,0.930232558,0.955252918,0.948960302,0.968224299,0.958984375,0.95010846,0.946587537,0.930188679,-2,0.895043732,0.921108742,0.947663551,0.880952381,0.707865169,-2,-2,0.916666667,0.948387097,0.879377432,0.958490566,0.934375,0.945147679,0.884615385,0.900763359,0.914285714,0.934701493,0.94279661,0.949596774,-2,0.924901186,0.847457627,0.909090909,0.944237918,0.897338403,0.919047619,0.935114504,0.397752809,0.912871287,0.911468813,0.961165049,0.954887218,0.951762523,0.954110899,0.922787194,0.865125241,-2,-2,-2,-2,-2,0.910843373,0.665420561,-2,-2,-2,0.612962963,0.908921933,0.922348485,0.918560606,0.940839695,0.871698113,0.958742633,0.934210526,0.910946197,0.926553672,0.966981132,0.91507431,0.893063584,0.929499072,0.897338403,-2,0.933209647,0.92393321,-2,0.567717996,0.871244635,0.597402597,-2,-2,-2,-2,0.857976654,-2,-2,-2,-2,-2,0.865229111BRB,0.314065511,0.503816794,0.896484375,0.799607073,0.888095238,0.848484848,0.962598425,0.957773512,-2,-2,0.889273356,-2,-2,-2,-2,0.929389313,-2,0.682926829,0.823399558,0.822616408,0.810989011,0.866267465,0.915354331,0.896761134,0.939047619,0.947674419,0.900990099,0.936660269,0.929254302,0.880859375,0.884615385,0.796875,0.844897959,0.870588235,0.810865191,0.388461538,0.595057034,0.558935361,0.454372624,0.474285714,0.357552581,-2,-2,-2,0.708015267,-2,0.64952381,0.420152091,0.664750958,0.650763359,0.64952381,-2,-2,0.477186312,-2,0.953684211,0.805785124,-2,-2,-2,0.921904762,-2,-2,0.75334608,0.939759036,0.651340996,-2,0.869306931,0.64952381,-2,-2,-2,0.650763359,0.64952381,-2,-2,-2,0.728136882,0.669201521,0.63878327,0.586206897,0.653100775,0.930946292,0.910480349,0.915401302,0.904320988,0.930232558,0.939922481,0.937864078,0.9218107,0.891129032,0.928571429,0.837573386,0.919320594,0.934210526,0.919320594,0.939637827,0.938369781,0.931372549,0.929254302,0.931102362,0.879518072,0.845804989,0.924611973,0.879464286,0.897029703,0.922465209,0.951903808,0.938814532,0.946257198,0.940239044,0.929359823,0.945783133,0.922330097,-2,0.903225806,0.901531729,0.934740883,0.903614458,0.71624714,-2,-2,0.890656064,0.924778761,0.890438247,0.928294574,0.909677419,0.939524838,0.909090909,0.884990253,0.90077821,0.923371648,0.932900433,0.934020619,-2,0.904276986,0.829787234,0.910602911,0.919847328,0.8828125,0.875,0.906432749,0.405529954,0.894736842,0.888659794,0.934,0.922779923,0.92,0.929273084,0.909090909,0.862204724,-2,-2,-2,-2,-2,0.905707196,0.654510557,-2,-2,-2,0.615969582,0.881904762,0.898832685,0.90503876,0.91796875,0.872093023,0.938492063,0.921153846,0.899047619,0.911025145,0.966183575,0.901746725,0.889552239,0.914285714,0.890625,-2,0.918095238,0.914285714,-2,0.581749049,0.867391304,0.60952381,-2,-2,-2,-2,0.856,-2,-2,-2,-2,-2,0.860655738DMA,-2,-2,-2,-2,-2,-2,-2,-2,-2,-2,-2,-2,-2,-2,-2,-2,-2,-2,-2,-2,-2,-2,-2,-2,-2,-2,-2,-2,-2,-2,-2,-2,-2,-2,-2,-2,-2,-2,-2,-2,-2,-2,-2,-2,-2,-2,-2,-2,-2,-2,-2,-2,-2,-2,-2,-2,-2,-2,-2,-2,-2,-2,-2,-2,-2,-2,-2,-2,-2,-2,-2,-2,-2,-2,-2,-2,-2,-2,-2,-2,-2,-2,-2,-2,-2,-2,-2,-2,-2,-2,-2,-2,-2,-2,-2,-2,-2,-2,-2,-2,-2,-2,-2,-2,-2,-2,-2,-2,-2,-2,-2,-2,-2,-2,-2,-2,-2,-2,-2,-2,-2,-2,-2,-2,-2,-2,-2,-2,-2,-2,-2,-2,-2,-2,-2,-2,-2,-2,-2,-2,-2,-2,-2,-2,-2,-2,-2,-2,-2,-2,-2,-2,-2,-2,-2,-2,-2,-2,-2,-2,-2,-2,-2,-2,-2,-2,-2,-2,-2,-2,-2,-2,-2,-2,-2,-2,-2,-2,-2,-2,-2,-2,-2,-2,-2,-2,-2,-2,-2,-2,-2,-2,-2,-2GRD,0.236486486,0.429530201,0.829861111,0.847222222,0.834042553,0.78358209,0.931271478,0.898648649,0.889273356,-2,-2,-2,-2,-2,-2,0.894915254,-2,0.606694561,0.759183673,0.802371542,0.837944664,0.805555556,0.853242321,0.828996283,0.871186441,0.924398625,0.855123675,0.894915254,0.861016949,0.813559322,0.80866426,0.71978022,0.758007117,0.818493151,0.759717314,0.298305085,0.548494983,0.491638796,0.371237458,0.387959866,0.282828283,-2,-2,-2,0.643097643,-2,0.56187291,0.331103679,0.682432432,0.595317726,0.682274247,-2,-2,0.411371237,-2,0.921052632,0.854304636,-2,-2,-2,0.872483221,-2,-2,0.668896321,0.918727915,0.689189189,-2,0.842657343,0.688963211,-2,-2,-2,0.688963211,0.688963211,-2,-2,-2,0.682274247,0.612040134,0.568561873,0.518394649,0.580204778,0.900862069,0.905660377,0.892857143,0.835051546,0.884920635,0.909395973,0.887755102,0.915129151,0.859589041,0.879858657,0.809688581,0.898916968,0.887323944,0.866171004,0.91349481,0.891891892,0.883959044,0.869565217,0.902097902,0.828571429,0.779026217,0.880165289,0.87593985,0.843205575,0.916083916,0.919298246,0.894915254,0.905405405,0.895833333,0.885826772,0.938202247,0.918367347,-2,0.933673469,0.903225806,0.905405405,0.84,0.62406015,-2,-2,0.868327402,0.900398406,0.816254417,0.911564626,0.868686869,0.879562044,0.945054945,0.821305842,0.881533101,0.871186441,0.930501931,0.901754386,-2,0.908088235,0.775510204,0.90530303,0.879598662,0.884353741,0.856589147,0.866438356,0.341365462,0.843205575,0.87037037,0.914893617,0.888135593,0.886287625,0.895833333,0.87414966,0.868794326,-2,-2,-2,-2,-2,0.87654321,0.688963211,-2,-2,-2,0.508361204,0.852348993,0.865517241,0.868243243,0.883561644,0.794520548,0.910714286,0.877133106,0.852842809,0.841216216,0.893081761,0.89453125,0.904255319,0.862416107,0.833910035,-2,0.869565217,0.862416107,-2,0.498327759,0.794573643,0.535117057,-2,-2,-2,-2,0.764084507,-2,-2,-2,-2,-2,0.783410138LCA,-2,-2,-2,-2,-2,-2,-2,-2,-2,-2,-2,-2,-2,-2,-2,-2,-2,-2,-2,-2,-2,-2,-2,-2,-2,-2,-2,-2,-2,-2,-2,-2,-2,-2,-2,-2,-2,-2,-2,-2,-2,-2,-2,-2,-2,-2,-2,-2,-2,-2,-2,-2,-2,-2,-2,-2,-2,-2,-2,-2,-2,-2,-2,-2,-2,-2,-2,-2,-2,-2,-2,-2,-2,-2,-2,-2,-2,-2,-2,-2,-2,-2,-2,-2,-2,-2,-2,-2,-2,-2,-2,-2,-2,-2,-2,-2,-2,-2,-2,-2,-2,-2,-2,-2,-2,-2,-2,-2,-2,-2,-2,-2,-2,-2,-2,-2,-2,-2,-2,-2,-2,-2,-2,-2,-2,-2,-2,-2,-2,-2,-2,-2,-2,-2,-2,-2,-2,-2,-2,-2,-2,-2,-2,-2,-2,-2,-2,-2,-2,-2,-2,-2,-2,-2,-2,-2,-2,-2,-2,-2,-2,-2,-2,-2,-2,-2,-2,-2,-2,-2,-2,-2,-2,-2,-2,-2,-2,-2,-2,-2,-2,-2,-2,-2,-2,-2,-2,-2,-2,-2,-2,-2,-2,-2VCT,-2,-2,-2,-2,-2,-2,-2,-2,-2,-2,-2,-2,-2,-2,-2,-2,-2,-2,-2,-2,-2,-2,-2,-2,-2,-2,-2,-2,-2,-2,-2,-2,-2,-2,-2,-2,-2,-2,-2,-2,-2,-2,-2,-2,-2,-2,-2,-2,-2,-2,-2,-2,-2,-2,-2,-2,-2,-2,-2,-2,-2,-2,-2,-2,-2,-2,-2,-2,-2,-2,-2,-2,-2,-2,-2,-2,-2,-2,-2,-2,-2,-2,-2,-2,-2,-2,-2,-2,-2,-2,-2,-2,-2,-2,-2,-2,-2,-2,-2,-2,-2,-2,-2,-2,-2,-2,-2,-2,-2,-2,-2,-2,-2,-2,-2,-2,-2,-2,-2,-2,-2,-2,-2,-2,-2,-2,-2,-2,-2,-2,-2,-2,-2,-2,-2,-2,-2,-2,-2,-2,-2,-2,-2,-2,-2,-2,-2,-2,-2,-2,-2,-2,-2,-2,-2,-2,-2,-2,-2,-2,-2,-2,-2,-2,-2,-2,-2,-2,-2,-2,-2,-2,-2,-2,-2,-2,-2,-2,-2,-2,-2,-2,-2,-2,-2,-2,-2,-2,-2,-2,-2,-2,-2,-2ATG,-2,-2,-2,-2,-2,-2,-2,-2,-2,-2,-2,-2,-2,-2,-2,-2,-2,-2,-2,-2,-2,-2,-2,-2,-2,-2,-2,-2,-2,-2,-2,-2,-2,-2,-2,-2,-2,-2,-2,-2,-2,-2,-2,-2,-2,-2,-2,-2,-2,-2,-2,-2,-2,-2,-2,-2,-2,-2,-2,-2,-2,-2,-2,-2,-2,-2,-2,-2,-2,-2,-2,-2,-2,-2,-2,-2,-2,-2,-2,-2,-2,-2,-2,-2,-2,-2,-2,-2,-2,-2,-2,-2,-2,-2,-2,-2,-2,-2,-2,-2,-2,-2,-2,-2,-2,-2,-2,-2,-2,-2,-2,-2,-2,-2,-2,-2,-2,-2,-2,-2,-2,-2,-2,-2,-2,-2,-2,-2,-2,-2,-2,-2,-2,-2,-2,-2,-2,-2,-2,-2,-2,-2,-2,-2,-2,-2,-2,-2,-2,-2,-2,-2,-2,-2,-2,-2,-2,-2,-2,-2,-2,-2,-2,-2,-2,-2,-2,-2,-2,-2,-2,-2,-2,-2,-2,-2,-2,-2,-2,-2,-2,-2,-2,-2,-2,-2,-2,-2,-2,-2,-2,-2,-2,-2KNA,-2,-2,-2,-2,-2,-2,-2,-2,-2,-2,-2,-2,-2,-2,-2,-2,-2,-2,-2,-2,-2,-2,-2,-2,-2,-2,-2,-2,-2,-2,-2,-2,-2,-2,-2,-2,-2,-2,-2,-2,-2,-2,-2,-2,-2,-2,-2,-2,-2,-2,-2,-2,-2,-2,-2,-2,-2,-2,-2,-2,-2,-2,-2,-2,-2,-2,-2,-2,-2,-2,-2,-2,-2,-2,-2,-2,-2,-2,-2,-2,-2,-2,-2,-2,-2,-2,-2,-2,-2,-2,-2,-2,-2,-2,-2,-2,-2,-2,-2,-2,-2,-2,-2,-2,-2,-2,-2,-2,-2,-2,-2,-2,-2,-2,-2,-2,-2,-2,-2,-2,-2,-2,-2,-2,-2,-2,-2,-2,-2,-2,-2,-2,-2,-2,-2,-2,-2,-2,-2,-2,-2,-2,-2,-2,-2,-2,-2,-2,-2,-2,-2,-2,-2,-2,-2,-2,-2,-2,-2,-2,-2,-2,-2,-2,-2,-2,-2,-2,-2,-2,-2,-2,-2,-2,-2,-2,-2,-2,-2,-2,-2,-2,-2,-2,-2,-2,-2,-2,-2,-2,-2,-2,-2,-2MEX,0.313320826,0.503717472,0.888888889,0.768199234,0.879907621,0.860759494,0.94049904,0.936448598,0.929389313,-2,0.894915254,-2,-2,-2,-2,-2,-2,0.675381264,0.83655914,0.8329718,0.825159915,0.86770428,0.932821497,0.89860835,0.936685289,0.922495274,0.916666667,0.942056075,0.919776119,0.900952381,0.87944664,0.788343558,0.856858847,0.879541109,0.830039526,0.393258427,0.6,0.566666667,0.461111111,0.478664193,0.371747212,-2,-2,-2,0.713754647,-2,0.6567718,0.418518519,0.661682243,0.654275093,0.638218924,-2,-2,0.47962963,-2,0.93852459,0.780876494,-2,-2,-2,0.896103896,-2,-2,0.752327747,0.92745098,0.639925373,-2,0.863198459,0.638218924,-2,-2,-2,0.639405204,0.638218924,-2,-2,-2,0.757407407,0.681481481,0.631481481,0.582089552,0.649056604,0.902985075,0.878980892,0.89217759,0.872340426,0.914141414,0.932075472,0.924098672,0.899396378,0.872298625,0.911025145,0.867052023,0.908141962,0.905376344,0.906832298,0.925490196,0.922630561,0.918095238,0.913857678,0.907869482,0.87109375,0.834801762,0.909287257,0.850877193,0.884393064,0.904854369,0.924124514,0.915413534,0.925233645,0.91796875,0.904555315,0.914454277,0.901701323,-2,0.855072464,0.876068376,0.927102804,0.906976744,0.711711712,-2,-2,0.895348837,0.900647948,0.889105058,0.913370998,0.902821317,0.91350211,0.894230769,0.875954198,0.878326996,0.905027933,0.906976744,0.909274194,-2,0.910891089,0.815442561,0.873239437,0.897769517,0.857414449,0.89047619,0.893129771,0.397752809,0.871287129,0.873493976,0.922178988,0.909774436,0.909090909,0.912045889,0.881355932,0.83011583,-2,-2,-2,-2,-2,0.876811594,0.642990654,-2,-2,-2,0.62962963,0.879182156,0.880681818,0.88657845,0.90648855,0.849056604,0.913894325,0.898686679,0.897959184,0.892655367,0.920560748,0.886752137,0.860869565,0.884972171,0.872623574,-2,0.899814471,0.883116883,-2,0.573283859,0.863539446,0.604823748,-2,-2,-2,-2,0.86381323,-2,-2,-2,-2,-2,0.860589812BLZ,-2,-2,-2,-2,-2,-2,-2,-2,-2,-2,-2,-2,-2,-2,-2,-2,-2,-2,-2,-2,-2,-2,-2,-2,-2,-2,-2,-2,-2,-2,-2,-2,-2,-2,-2,-2,-2,-2,-2,-2,-2,-2,-2,-2,-2,-2,-2,-2,-2,-2,-2,-2,-2,-2,-2,-2,-2,-2,-2,-2,-2,-2,-2,-2,-2,-2,-2,-2,-2,-2,-2,-2,-2,-2,-2,-2,-2,-2,-2,-2,-2,-2,-2,-2,-2,-2,-2,-2,-2,-2,-2,-2,-2,-2,-2,-2,-2,-2,-2,-2,-2,-2,-2,-2,-2,-2,-2,-2,-2,-2,-2,-2,-2,-2,-2,-2,-2,-2,-2,-2,-2,-2,-2,-2,-2,-2,-2,-2,-2,-2,-2,-2,-2,-2,-2,-2,-2,-2,-2,-2,-2,-2,-2,-2,-2,-2,-2,-2,-2,-2,-2,-2,-2,-2,-2,-2,-2,-2,-2,-2,-2,-2,-2,-2,-2,-2,-2,-2,-2,-2,-2,-2,-2,-2,-2,-2,-2,-2,-2,-2,-2,-2,-2,-2,-2,-2,-2,-2,-2,-2,-2,-2,-2,-2GTM,0.413943355,0.609071274,0.719026549,0.497777778,0.733333333,0.760391198,0.66004415,0.672451193,0.682926829,-2,0.606694561,-2,-2,-2,-2,0.675381264,-2,-2,0.777777778,0.745,0.733656174,0.756207675,0.709251101,0.689497717,0.7,0.660907127,0.714922049,0.697826087,0.699134199,0.677060134,0.729545455,0.820598007,0.773972603,0.674887892,0.778032037,0.493449782,0.650862069,0.605603448,0.538793103,0.557235421,0.431670282,-2,-2,-2,0.669546436,-2,0.628509719,0.523706897,0.37254902,0.673160173,0.354211663,-2,-2,0.566810345,-2,0.673031026,0.315270936,-2,-2,-2,0.653017241,-2,-2,0.626898048,0.66590389,0.351409978,-2,0.595936795,0.347732181,-2,-2,-2,0.348484848,0.347732181,-2,-2,-2,0.706896552,0.674568966,0.655172414,0.62826087,0.663736264,0.603825137,0.60391198,0.621359223,0.606498195,0.643712575,0.651982379,0.696703297,0.625287356,0.65,0.686936937,0.721603563,0.638954869,0.703045685,0.700239808,0.662870159,0.681514477,0.693156733,0.697167756,0.674832962,0.694877506,0.725888325,0.692307692,0.574683544,0.710467706,0.637969095,0.674887892,0.64254386,0.664488017,0.687927107,0.660891089,0.668852459,0.629955947,-2,0.553054662,0.587654321,0.660130719,0.507462687,0.719895288,-2,-2,0.705882353,0.669950739,0.748314607,0.648351648,0.644128114,0.677184466,0.301204819,0.697571744,0.618942731,0.67462039,0.640776699,0.669030733,-2,0.684210526,0.644736842,0.630331754,0.688311688,0.623059867,0.655462185,0.670378619,0.516709512,0.644341801,0.640661939,0.671981777,0.675438596,0.673866091,0.675615213,0.67826087,0.572687225,-2,-2,-2,-2,-2,0.579545455,0.352173913,-2,-2,-2,0.620689655,0.622030238,0.6401766,0.643956044,0.658536585,0.673245614,0.671201814,0.681222707,0.712742981,0.711159737,0.584269663,0.573566085,0.51147541,0.676025918,0.694013304,-2,0.695464363,0.670258621,-2,0.618534483,0.743961353,0.660907127,-2,-2,-2,-2,0.744343891,-2,-2,-2,-2,-2,0.758928571HND,0.352813853,0.526766595,0.869469027,0.663755459,0.867149758,0.857487923,0.806593407,0.827956989,0.823399558,-2,0.759183673,-2,-2,-2,-2,0.83655914,-2,0.777777778,-2,0.866004963,0.84057971,0.897091723,0.875,0.847926267,0.842332613,0.800865801,0.877777778,0.855603448,0.843010753,0.804395604,0.855855856,0.881533101,0.870159453,0.82300885,0.857798165,0.434408602,0.631130064,0.586353945,0.498933902,0.508547009,0.398286938,-2,-2,-2,0.700214133,-2,0.632478632,0.460554371,0.538793103,0.678800857,0.527777778,-2,-2,0.511727079,-2,0.831353919,0.606796117,-2,-2,-2,0.799145299,-2,-2,0.689507495,0.810810811,0.529032258,-2,0.763392857,0.523504274,-2,-2,-2,0.524625268,0.523504274,-2,-2,-2,0.759061834,0.697228145,0.652452026,0.612903226,0.663066955,0.777493606,0.764976959,0.775175644,0.753787879,0.830083565,0.806521739,0.831140351,0.774774775,0.792237443,0.827740492,0.829268293,0.780660377,0.848866499,0.854117647,0.813211845,0.804444444,0.841758242,0.832618026,0.836644592,0.837053571,0.815,0.83919598,0.730964467,0.841409692,0.793406593,0.821428571,0.795652174,0.819742489,0.830699774,0.827586207,0.847305389,0.783842795,-2,0.733532934,0.761574074,0.812903226,0.768292683,0.71657754,-2,-2,0.838779956,0.798994975,0.866071429,0.794372294,0.819444444,0.824817518,0.717171717,0.818380744,0.765864333,0.817596567,0.79616307,0.834498834,-2,0.820045558,0.741304348,0.781395349,0.837259101,0.764835165,0.818181818,0.828571429,0.435233161,0.812080537,0.801401869,0.824719101,0.824295011,0.822649573,0.829646018,0.833693305,0.713333333,-2,-2,-2,-2,-2,0.774104683,0.529032258,-2,-2,-2,0.639658849,0.7751606,0.794310722,0.798264642,0.816593886,0.811688312,0.82247191,0.834408602,0.88034188,0.858695652,0.842639594,0.745049505,0.728070175,0.833333333,0.841758242,-2,0.83974359,0.823027719,-2,0.611111111,0.861728395,0.647435897,-2,-2,-2,-2,0.859688196,-2,-2,-2,-2,-2,0.902777778SLV,0.338427948,0.530172414,0.848552339,0.649890591,0.812169312,0.854503464,0.809628009,0.815618221,0.822616408,-2,0.802371542,-2,-2,-2,-2,0.8329718,-2,0.745,0.866004963,-2,0.85472155,0.844444444,0.834080717,0.841743119,0.845315904,0.793478261,0.863534676,0.854347826,0.836206897,0.805739514,0.853881279,0.853741497,0.82448037,0.796008869,0.84295612,0.401301518,0.612903226,0.55483871,0.462365591,0.474137931,0.386609071,-2,-2,-2,0.714902808,-2,0.637931034,0.43655914,0.563991323,0.674568966,0.551724138,-2,-2,0.501075269,-2,0.82464455,0.615740741,-2,-2,-2,0.793103448,-2,-2,0.694623656,0.802272727,0.54978355,-2,0.762863535,0.545258621,-2,-2,-2,0.546436285,0.545258621,-2,-2,-2,0.744086022,0.666666667,0.625806452,0.588362069,0.64208243,0.778089888,0.745098039,0.759803922,0.740983607,0.824404762,0.796498906,0.820175439,0.759174312,0.797752809,0.819413093,0.825221239,0.765133172,0.831265509,0.84725537,0.803611738,0.815555556,0.829321663,0.82034632,0.82079646,0.823660714,0.79,0.826196474,0.732323232,0.833333333,0.785871965,0.808791209,0.78021978,0.798264642,0.816143498,0.814814815,0.841750842,0.775824176,-2,0.708474576,0.750617284,0.799136069,0.792207792,0.698453608,-2,-2,0.826185102,0.791154791,0.85778781,0.789587852,0.820422535,0.82195122,0.752688172,0.805251641,0.750547046,0.807359307,0.795620438,0.831050228,-2,0.818181818,0.75,0.781690141,0.822894168,0.765486726,0.819628647,0.805309735,0.444444444,0.790322581,0.783908046,0.813636364,0.81619256,0.810344828,0.807522124,0.814004376,0.726269316,-2,-2,-2,-2,-2,0.765363128,0.55,-2,-2,-2,0.63655914,0.760259179,0.781659389,0.787746171,0.803532009,0.764835165,0.820224719,0.813043478,0.846982759,0.834422658,0.872340426,0.74939759,0.708196721,0.806034483,0.814977974,-2,0.836206897,0.806034483,-2,0.591397849,0.817283951,0.622844828,-2,-2,-2,-2,0.82247191,-2,-2,-2,-2,-2,0.825396825NIC,0.315565032,0.504237288,0.812362031,0.702819957,0.812339332,0.812351544,0.806034483,0.806794055,0.810989011,-2,0.837944664,-2,-2,-2,-2,0.825159915,-2,0.733656174,0.84057971,0.85472155,-2,0.859649123,0.818181818,0.773626374,0.807280514,0.812366738,0.823788546,0.823404255,0.800424628,0.805194805,0.815315315,0.814814815,0.780542986,0.777292576,0.83143508,0.395299145,0.594936709,0.561181435,0.451476793,0.465116279,0.337579618,-2,-2,-2,0.68220339,-2,0.616033755,0.417721519,0.585987261,0.649048626,0.573839662,-2,-2,0.476793249,-2,0.822014052,0.637168142,-2,-2,-2,0.79535865,-2,-2,0.669491525,0.817777778,0.57537155,-2,0.757111597,0.573839662,-2,-2,-2,0.573839662,0.573839662,-2,-2,-2,0.715189873,0.660337553,0.637130802,0.593617021,0.653846154,0.82369146,0.817307692,0.813238771,0.72147651,0.801152738,0.808189655,0.801295896,0.806306306,0.815144766,0.809734513,0.772727273,0.809976247,0.8,0.81264637,0.807174888,0.811946903,0.810457516,0.78891258,0.806521739,0.783185841,0.77970297,0.800995025,0.800982801,0.816993464,0.793926247,0.804824561,0.801295896,0.810638298,0.808888889,0.801909308,0.833887043,0.817596567,-2,0.797385621,0.80141844,0.799573561,0.935064935,0.676767677,-2,-2,0.78807947,0.783251232,0.824053452,0.817204301,0.803448276,0.788461538,0.96,0.785714286,0.807280514,0.805084746,0.829787234,0.804988662,-2,0.855555556,0.741452991,0.799539171,0.809725159,0.799568966,0.789757412,0.804347826,0.417948718,0.78959276,0.803652968,0.806666667,0.809012876,0.811839323,0.801310044,0.798283262,0.766738661,-2,-2,-2,-2,-2,0.756097561,0.579617834,-2,-2,-2,0.575949367,0.790697674,0.781857451,0.770562771,0.801295896,0.744086022,0.810690423,0.807280514,0.809725159,0.804301075,0.836956522,0.793349169,0.793548387,0.794926004,0.776572668,-2,0.816067653,0.807610994,-2,0.587737844,0.799516908,0.608879493,-2,-2,-2,-2,0.78539823,-2,-2,-2,-2,-2,0.780564263CRI,0.318359375,0.520309478,0.895582329,0.695219124,0.899280576,0.880952381,0.847826087,0.85631068,0.866267465,-2,0.805555556,-2,-2,-2,-2,0.86770428,-2,0.756207675,0.897091723,0.844444444,0.859649123,-2,0.888,0.877593361,0.873046875,0.829745597,0.890219561,0.887378641,0.880077369,0.843564356,0.878850103,0.86163522,0.858921162,0.85059761,0.850622407,0.40545809,0.608863198,0.570327553,0.464354528,0.480694981,0.369439072,-2,-2,-2,0.69245648,-2,0.637065637,0.433526012,0.576402321,0.66023166,0.561776062,-2,-2,0.489402697,-2,0.852320675,0.680327869,-2,-2,-2,0.826589595,-2,-2,0.695736434,0.837728195,0.561165049,-2,0.778884462,0.557915058,-2,-2,-2,0.558994197,0.557915058,-2,-2,-2,0.737957611,0.680154143,0.647398844,0.587209302,0.655577299,0.822622108,0.799559471,0.811403509,0.808306709,0.838046272,0.838899804,0.842209073,0.801670146,0.803278689,0.850806452,0.85,0.814814815,0.86123348,0.869473684,0.838383838,0.844758065,0.853174603,0.844660194,0.848303393,0.846464646,0.826879271,0.844243792,0.776255708,0.858846918,0.811623246,0.84305835,0.826771654,0.846601942,0.84305835,0.84841629,0.894080997,0.827111984,-2,0.803625378,0.789823009,0.832684825,0.775,0.730496454,-2,-2,0.838709677,0.812080537,0.874493927,0.821218075,0.820261438,0.842105263,0.83,0.833001988,0.797619048,0.833009709,0.832244009,0.85,-2,0.836734694,0.751953125,0.806722689,0.852998066,0.786561265,0.810218978,0.839920949,0.44028103,0.828512397,0.808731809,0.844129555,0.841796875,0.835907336,0.845238095,0.84148728,0.760956175,-2,-2,-2,-2,-2,0.798507463,0.562256809,-2,-2,-2,0.622350674,0.789168279,0.81496063,0.821218075,0.829025845,0.825147348,0.855691057,0.84148728,0.874517375,0.862745098,0.874396135,0.781181619,0.779761905,0.8477842,0.846153846,-2,0.857142857,0.841698842,-2,0.6003861,0.881431767,0.625482625,-2,-2,-2,-2,0.881287726,-2,-2,-2,-2,-2,0.911174785PAN,0.309021113,0.506666667,0.885375494,0.755905512,0.892773893,0.872294372,0.915520629,0.919385797,0.915354331,-2,0.853242321,-2,-2,-2,-2,0.932821497,-2,0.709251101,0.875,0.834080717,0.818181818,0.888,-2,0.890946502,0.922928709,0.901162791,0.922310757,0.931034483,0.931034483,0.866927593,0.890466531,0.822429907,0.859470468,0.87992126,0.83299389,0.401923077,0.600760456,0.566539924,0.456273764,0.476190476,0.380497132,-2,-2,-2,0.719465649,-2,0.647619048,0.431558935,0.656429942,0.660305344,0.632380952,-2,-2,0.482889734,-2,0.924050633,0.76,-2,-2,-2,0.891428571,-2,-2,0.743785851,0.911290323,0.630268199,-2,0.853465347,0.624761905,-2,-2,-2,0.625954198,0.624761905,-2,-2,-2,0.752851711,0.682509506,0.640684411,0.590038314,0.646034816,0.880299252,0.873390558,0.876889849,0.866873065,0.897435897,0.901162791,0.908382066,0.884057971,0.860606061,0.900596421,0.877712032,0.891949153,0.909090909,0.908510638,0.907070707,0.900793651,0.907843137,0.905950096,0.911591356,0.871485944,0.850446429,0.911308204,0.84,0.887128713,0.880478088,0.905811623,0.900970874,0.905950096,0.917835671,0.901098901,0.906906907,0.887378641,-2,0.832369942,0.857142857,0.917466411,0.870588235,0.739534884,-2,-2,0.890438247,0.88209607,0.890219561,0.895348837,0.884984026,0.908695652,0.884615385,0.880392157,0.8671875,0.889101338,0.899563319,0.900621118,-2,0.880081301,0.810444874,0.860995851,0.895038168,0.849609375,0.885085575,0.896078431,0.420323326,0.867886179,0.865424431,0.912,0.901544402,0.88952381,0.903732809,0.889748549,0.815841584,-2,-2,-2,-2,-2,0.866004963,0.627151052,-2,-2,-2,0.633079848,0.866666667,0.871595331,0.877431907,0.88258317,0.858800774,0.905241935,0.886538462,0.904761905,0.905222437,0.9375,0.864332604,0.832853026,0.891428571,0.88671875,-2,0.904761905,0.887619048,-2,0.582857143,0.878854626,0.601904762,-2,-2,-2,-2,0.896207585,-2,-2,-2,-2,-2,0.899728997COL,0.335341365,0.523809524,0.896761134,0.737270876,0.879012346,0.867713004,0.885714286,0.902390438,0.896761134,-2,0.828996283,-2,-2,-2,-2,0.89860835,-2,0.689497717,0.847926267,0.841743119,0.773626374,0.877593361,0.890946502,-2,0.920634921,0.885771543,0.92371134,0.93,0.914171657,0.889795918,0.911016949,0.82295082,0.876068376,0.885714286,0.831223629,0.408817635,0.615841584,0.578217822,0.471287129,0.490079365,0.392430279,-2,-2,-2,0.727634195,-2,0.656746032,0.431683168,0.616,0.664015905,0.599206349,-2,-2,0.493069307,-2,0.90989011,0.751037344,-2,-2,-2,0.884920635,-2,-2,0.749003984,0.891213389,0.599601594,-2,0.834710744,0.595238095,-2,-2,-2,0.596421471,0.595238095,-2,-2,-2,0.748514851,0.685148515,0.659405941,0.600798403,0.658585859,0.846965699,0.835990888,0.851015801,0.858895706,0.871934605,0.878787879,0.890909091,0.858672377,0.845188285,0.900414938,0.857142857,0.864142539,0.893764434,0.907488987,0.888655462,0.895277207,0.886639676,0.896414343,0.884773663,0.871900826,0.813679245,0.892523364,0.810747664,0.887295082,0.86036961,0.886597938,0.87250996,0.884,0.889583333,0.904761905,0.915625,0.862903226,-2,0.828125,0.836363636,0.884,0.743902439,0.711583924,-2,-2,0.885654886,0.872727273,0.880753138,0.871227364,0.869415808,0.89977221,0.81,0.878296146,0.851926978,0.890438247,0.883668904,0.898706897,-2,0.862869198,0.816901408,0.845652174,0.894632207,0.837398374,0.860103627,0.885947047,0.445255474,0.870762712,0.859611231,0.908333333,0.899396378,0.890873016,0.899590164,0.889336016,0.804878049,-2,-2,-2,-2,-2,0.846153846,0.6,-2,-2,-2,0.663366337,0.858846918,0.882591093,0.878787879,0.885947047,0.880808081,0.902892562,0.899396378,0.902777778,0.907444668,0.921875,0.835585586,0.816455696,0.886904762,0.883910387,-2,0.900793651,0.876984127,-2,0.595238095,0.869369369,0.634920635,-2,-2,-2,-2,0.885177453,-2,-2,-2,-2,-2,0.886956522VEN,0.31826742,0.514925373,0.89292543,0.769230769,0.890951276,0.877118644,0.942196532,0.953095685,0.939047619,-2,0.871186441,-2,-2,-2,-2,0.936685289,-2,0.7,0.842332613,0.845315904,0.807280514,0.873046875,0.922928709,0.920634921,-2,0.924098672,0.926070039,0.941838649,0.956928839,0.883365201,0.904761905,0.817901235,0.862275449,0.89059501,0.83234714,0.409774436,0.617100372,0.583643123,0.472118959,0.491620112,0.380597015,-2,-2,-2,0.735074627,-2,0.646182495,0.431226766,0.662288931,0.664179104,0.638733706,-2,-2,0.5,-2,0.956790123,0.764940239,-2,-2,-2,0.918063315,-2,-2,0.74953271,0.931102362,0.63670412,-2,0.87040619,0.631284916,-2,-2,-2,0.632462687,0.631284916,-2,-2,-2,0.758364312,0.67472119,0.646840149,0.597378277,0.649621212,0.900249377,0.882478632,0.891719745,0.88449848,0.921319797,0.926136364,0.925714286,0.896969697,0.883629191,0.924271845,0.863461538,0.90625,0.913606911,0.916839917,0.929133858,0.932038835,0.929254302,0.934333959,0.928709056,0.888235294,0.831858407,0.906724512,0.851203501,0.891682785,0.900584795,0.927734375,0.911819887,0.932457786,0.935294118,0.930283224,0.944117647,0.903225806,-2,0.867052023,0.875536481,0.923076923,0.872093023,0.709459459,-2,-2,0.891050584,0.917570499,0.886497065,0.916824197,0.902208202,0.927966102,0.865384615,0.88697318,0.874045802,0.919626168,0.925847458,0.933198381,-2,0.910536779,0.835538752,0.892712551,0.917910448,0.874045802,0.899521531,0.904214559,0.424379233,0.892644135,0.885080645,0.9453125,0.935849057,0.927374302,0.936660269,0.896030246,0.842003854,-2,-2,-2,-2,-2,0.876213592,0.636022514,-2,-2,-2,0.630111524,0.880597015,0.906844106,0.912713472,0.921455939,0.863636364,0.943248532,0.919020716,0.899441341,0.899810964,0.943925234,0.884120172,0.86627907,0.903165736,0.877862595,-2,0.912476723,0.901303538,-2,0.584729981,0.882978723,0.61452514,-2,-2,-2,-2,0.8828125,-2,-2,-2,-2,-2,0.882352941GUY,0.305502846,0.492481203,0.859649123,0.833333333,0.870069606,0.824152542,0.959615385,0.960377358,0.947674419,-2,0.924398625,-2,-2,-2,-2,0.922495274,-2,0.660907127,0.800865801,0.793478261,0.812366738,0.829745597,0.901162791,0.885771543,0.924098672,-2,0.883040936,0.928301887,0.918867925,0.882466281,0.859719439,0.753799392,0.828629032,0.870155039,0.792756539,0.378787879,0.586142322,0.554307116,0.445692884,0.465