1978,USA,CAN,BHS,CUB,HTI,DOM,JAM,TTO,BRB,DMA,GRD,LCA,VCT,ATG,KNA,MEX,BLZ,GTM,HND,SLV,NIC,CRI,PAN,COL,VEN,GUY,SUR,ECU,PER,BRA,BOL,PRY,CHL,ARG,URY,GBR,IRL,NLD,BEL,LUX,FRA,MCO,LIE,CHE,ESP,AND,PRT,DEU,POL,AUT,HUN,CZE,SVK,ITA,SMR,MLT,ALB,MNE,MKD,HRV,SRB,BIH,SVN,GRC,CYP,BGR,MDA,ROU,RUS,EST,LVA,LTU,UKR,BLR,ARM,GEO,AZE,FIN,SWE,NOR,DNK,ISL,CPV,STP,GNB,GNQ,GMB,MLI,SEN,BEN,MRT,NER,CIV,GIN,BFA,LBR,SLE,GHA,TGO,CMR,NGA,GAB,CAF,TCD,COG,COD,UGA,KEN,TZA,BDI,RWA,SOM,DJI,ETH,ERI,AGO,MOZ,ZMB,ZWE,MWI,ZAF,NAM,LSO,BWA,SWZ,MDG,COM,MUS,SYC,MAR,DZA,TUN,LBY,SDN,SSD,IRN,TUR,IRQ,EGY,SYR,LBN,JOR,ISR,SAU,YEM,KWT,BHR,QAT,ARE,OMN,AFG,TKM,TJK,KGZ,UZB,KAZ,CHN,MNG,TWN,PRK,KOR,JPN,IND,BTN,PAK,BGD,MMR,LKA,MDV,NPL,THA,KHM,LAO,VNM,MYS,SGP,BRN,PHL,IDN,TLS,AUS,PNG,NZL,VUT,SLB,KIR,TUV,FJI,TON,NRU,MHL,PLW,FSM,WSMUSA,-2,0.525373134,0.258413926,0.16,0.275925926,0.283050847,0.234296725,0.250656661,0.251252409,-2,0.189189189,-2,-2,-2,-2,0.250656661,-2,0.331154684,0.282251082,0.270742358,0.252452026,0.2546875,0.24721689,0.268273092,0.254613936,0.244402277,0.275486382,0.267166979,0.251685394,0.233587786,0.24920635,0.305454546,0.277290837,0.23076923,0.290039841,0.622556391,0.423791822,0.483271375,0.544237918,0.545251397,0.54728972,-2,-2,-2,0.334328358,-2,0.391806331,0.578438662,0.187617261,0.353731343,0.166852886,-2,-2,0.484758364,-2,0.266119097,0.077419355,-2,-2,-2,0.24283054,-2,-2,0.328971962,0.247244094,0.166292135,-2,0.220849421,0.166852886,-2,-2,-2,0.165671642,0.166852886,-2,-2,-2,0.318215614,0.34795539,0.407434944,0.443445693,0.407575758,0.203491272,0.184615385,0.218644068,0.190243902,0.255276382,0.243939394,0.265142857,0.200809717,0.26035503,0.260465116,0.261508704,0.205427975,0.263225806,0.260580913,0.254043393,0.260970874,0.253435114,0.258646617,0.238921002,0.250980392,0.264317181,0.279392625,0.18380744,0.273887814,0.238596491,0.247358122,0.230740038,0.241651032,0.244705882,0.25856833,0.245238095,0.224667932,-2,0.150146627,0.181974249,0.250656661,0.176744186,0.287782806,-2,-2,0.261478599,0.246420824,0.277103718,0.231818182,0.238509317,0.26384778,0.06923077,0.272796935,0.198852773,0.269662922,0.202985074,0.244534413,-2,0.24970179,0.303969754,0.201217038,0.252238806,0.190839694,0.256532066,0.252873563,0.526126126,0.239043825,0.221414142,0.25,0.256603774,0.262197393,0.251823417,0.266162571,0.192248062,-2,-2,-2,-2,-2,0.189268293,0.16510319,-2,-2,-2,0.401486989,0.234328358,0.24486692,0.247908746,0.266666666,0.239393939,0.23715415,0.26264151,0.256238362,0.266162571,0.172769953,0.183690987,0.137209302,0.266666666,0.270229008,-2,0.257728119,0.259217877,-2,0.433519553,0.263793103,0.416356878,-2,-2,-2,-2,0.2640625,-2,-2,-2,-2,-2,0.272432433CAN,0.525373134,-2,0.41532567,0.284952381,0.397241379,0.439412998,0.386259542,0.398513011,0.403053435,-2,0.343624161,-2,-2,-2,-2,0.402973978,-2,0.487257019,0.421413276,0.424137931,0.40338983,0.416247582,0.405333334,0.419047619,0.411940298,0.393984962,0.417726397,0.402973978,0.397773655,0.375757576,0.398425197,0.448484849,0.418217822,0.376380952,0.436363636,0.615270018,0.62762431,0.643830571,0.649723757,0.662730627,0.548148148,-2,-2,-2,0.519038817,-2,0.577121771,0.655616943,0.254275093,0.567837338,0.237638376,-2,-2,0.633517495,-2,0.419512195,0.213333334,-2,-2,-2,0.394095941,-2,-2,0.491851852,0.397660818,0.235992579,-2,0.355555555,0.233210332,-2,-2,-2,0.233641405,0.233210332,-2,-2,-2,0.53480663,0.562799263,0.614364641,0.641187384,0.600375234,0.338916256,0.324050633,0.364705882,0.365165165,0.393017456,0.393245778,0.413584906,0.35751503,0.3828125,0.403076923,0.429118774,0.355186722,0.418803419,0.414814815,0.403125,0.403076923,0.403030303,0.411173184,0.384732825,0.406990291,0.420131291,0.425751073,0.332173913,0.412260536,0.366023166,0.396899225,0.377443609,0.385130111,0.396116505,0.396551724,0.390532544,0.368421053,-2,0.287536232,0.32611465,0.392565056,0.306976744,0.416143498,-2,-2,0.403853565,0.394871795,0.435658914,0.379737336,0.377639751,0.414255765,0.225242718,0.391650854,0.35,0.405194805,0.36793249,0.395991984,-2,0.40472441,0.465917603,0.353413654,0.391866913,0.337240076,0.4,0.382542694,0.498214286,0.36923077,0.368,0.408510638,0.406728972,0.40295203,0.404562738,0.397003746,0.334099617,-2,-2,-2,-2,-2,0.337349398,0.233457249,-2,-2,-2,0.56869245,0.368207024,0.390207156,0.397740113,0.387096774,0.393245778,0.396086106,0.394766355,0.40295203,0.402996254,0.319248826,0.327813163,0.264367816,0.389667897,0.405293006,-2,0.392619926,0.380811808,-2,0.646494465,0.42814499,0.630258302,-2,-2,-2,-2,0.43172147,-2,-2,-2,-2,-2,0.413941018BHS,0.258413926,0.41532567,-2,0.570980392,0.687058823,0.690434782,0.70019802,0.713680154,0.7171875,-2,0.663888889,-2,-2,-2,-2,0.711111111,-2,0.575221239,0.695575222,0.678841871,0.649889625,0.716465863,0.708300395,0.717408907,0.714340344,0.687719298,0.726693227,0.724470135,0.72,0.689980354,0.710386966,0.660869566,0.678439425,0.694280079,0.675806452,0.328323699,0.488549618,0.453435114,0.367938931,0.382409178,0.307101727,-2,-2,-2,0.557854406,-2,0.515487572,0.345038168,0.47938343,0.544061302,0.46042065,-2,-2,0.401526718,-2,0.708860759,0.549794238,-2,-2,-2,0.695984704,-2,-2,0.578886756,0.693117409,0.458461538,-2,0.648906561,0.454302103,-2,-2,-2,0.455172414,0.454302103,-2,-2,-2,0.607633588,0.557251908,0.53129771,0.483076923,0.522957198,0.665989848,0.663157894,0.65533769,0.660869566,0.691383812,0.694163424,0.6921875,0.671340206,0.668273092,0.694610778,0.695857988,0.669527897,0.703571429,0.70940171,0.69010101,0.684812623,0.7015625,0.704615385,0.71146245,0.700998004,0.665168539,0.706726458,0.633860045,0.709343936,0.668253968,0.6976,0.683076923,0.695384615,0.696774194,0.701321586,0.71880597,0.677042802,-2,0.650292398,0.655506608,0.684393063,0.630588235,0.609174312,-2,-2,0.699601594,0.681677704,0.711646586,0.681712062,0.693506494,0.695196506,0.66923077,0.693123772,0.655686274,0.684615385,0.684716158,0.703534303,-2,0.68825911,0.618252427,0.658037578,0.704980843,0.650980392,0.675862069,0.696470588,0.363636364,0.683606558,0.67027027,0.703807615,0.703875969,0.695984704,0.705511811,0.703875969,0.630830039,-2,-2,-2,-2,-2,0.653266332,0.457803468,-2,-2,-2,0.514503817,0.659003831,0.6828125,0.6796875,0.690196078,0.685271318,0.70682731,0.694777563,0.734225622,0.714563106,0.708910891,0.65840708,0.644311378,0.705162524,0.704313726,-2,0.703632887,0.705162524,-2,0.481835564,0.693913043,0.506309751,-2,-2,-2,-2,0.707014028,-2,-2,-2,-2,-2,0.715217391CUB,0.16,0.284952381,0.570980392,-2,0.582325582,0.535637149,0.659099804,0.643678161,0.639685658,-2,0.677777778,-2,-2,-2,-2,0.614559387,-2,0.398222222,0.531004367,0.519912473,0.562255966,0.556175299,0.60472441,0.589816701,0.615384615,0.666666666,0.582107356,0.61302682,0.616443594,0.612865497,0.578861789,0.46105919,0.537678208,0.611764706,0.504489796,0.207293666,0.34914611,0.321821632,0.262618596,0.266159696,0.219847328,-2,-2,-2,0.452571429,-2,0.398479087,0.227703985,0.614559387,0.399238095,0.641825095,-2,-2,0.289943074,-2,0.653781513,0.696356275,-2,-2,-2,0.66311787,-2,-2,0.509923664,0.668273092,0.643977055,-2,0.659288538,0.64486692,-2,-2,-2,0.646095238,0.64486692,-2,-2,-2,0.449335863,0.422011385,0.393168881,0.351816443,0.392307692,0.698507462,0.718614718,0.681034482,0.672897196,0.646938775,0.648355899,0.639688716,0.704918033,0.624,0.633663366,0.551669941,0.678111588,0.630088495,0.605042017,0.646774194,0.642519685,0.633786408,0.626487524,0.638747554,0.592885375,0.561434978,0.609777778,0.721076233,0.594871795,0.654832347,0.643168317,0.668217054,0.657743786,0.64,0.624561403,0.655621302,0.687040619,-2,0.75335277,0.724137931,0.657471264,0.674698795,0.444646925,-2,-2,0.602371542,0.648034934,0.5664,0.67311412,0.633021807,0.629934924,0.776699029,0.601174168,0.695719844,0.636328872,0.685217391,0.656790123,-2,0.634817814,0.567692308,0.67628866,0.633904762,0.680155642,0.594117647,0.634050881,0.227251732,0.626720648,0.658726899,0.643824701,0.639691715,0.635741445,0.645009785,0.628571429,0.703747534,-2,-2,-2,-2,-2,0.692537314,0.648565966,-2,-2,-2,0.359772296,0.646387833,0.649612403,0.622912622,0.630919765,0.59729207,0.652208835,0.639691715,0.593155894,0.600772201,0.711538462,0.72489083,0.762682216,0.622053232,0.591439689,-2,0.619011407,0.631178707,-2,0.352851711,0.549565218,0.352851711,-2,-2,-2,-2,0.549301398,-2,-2,-2,-2,-2,0.548509485HTI,0.275925926,0.397241379,0.687058823,0.582325582,-2,0.696103896,0.694588235,0.709677419,0.71047619,-2,0.667234042,-2,-2,-2,-2,0.703926097,-2,0.586666666,0.693719806,0.64973545,0.649871466,0.719424461,0.714219114,0.703209877,0.712761021,0.696055685,0.714691943,0.715207374,0.711520738,0.675177305,0.700970874,0.664259928,0.669268293,0.678384798,0.653101737,0.320737327,0.479633867,0.448512586,0.366132723,0.384439359,0.285057471,-2,-2,-2,0.546206897,-2,0.489908257,0.347826087,0.48960739,0.496551724,0.475229358,-2,-2,0.391762014,-2,0.716112532,0.592,-2,-2,-2,0.680733945,-2,-2,0.569336385,0.701686747,0.475576037,-2,0.660287082,0.475229358,-2,-2,-2,0.476321839,0.475229358,-2,-2,-2,0.567505721,0.530892449,0.499771167,0.463448276,0.511111111,0.695652174,0.666997518,0.683417086,0.659591837,0.69235474,0.700702576,0.700469483,0.679903148,0.681840194,0.725,0.658156028,0.684848485,0.70712401,0.714503817,0.697087378,0.697674418,0.71173709,0.703703704,0.707764706,0.678672986,0.665263158,0.713227514,0.639566396,0.707328606,0.690487239,0.707981221,0.700469483,0.713761468,0.704622871,0.711568123,0.741401274,0.676635514,-2,0.672100314,0.665989848,0.700689655,0.622222222,0.581196581,-2,-2,0.68224299,0.681558442,0.682692308,0.690993071,0.708487085,0.696842106,0.669565218,0.688679246,0.667924528,0.689655173,0.685117494,0.705289673,-2,0.684596577,0.624708625,0.662407862,0.715402299,0.650943396,0.668621701,0.704225352,0.363841808,0.691525424,0.679207921,0.701686747,0.703255814,0.695652174,0.701886793,0.703703704,0.626004728,-2,-2,-2,-2,-2,0.685373134,0.480369515,-2,-2,-2,0.49610984,0.664220183,0.682790698,0.68384075,0.703773585,0.686511628,0.709615385,0.707621247,0.713761468,0.710280374,0.727272727,0.658947369,0.666666666,0.708466819,0.695327103,-2,0.711926606,0.697482838,-2,0.462385321,0.701866666,0.478899082,-2,-2,-2,-2,0.697087378,-2,-2,-2,-2,-2,0.704477612DOM,0.283050847,0.439412998,0.690434782,0.535637149,0.696103896,-2,0.668376068,0.67368421,0.678787878,-2,0.626865672,-2,-2,-2,-2,0.688607595,-2,0.608312958,0.685990338,0.683602771,0.649881235,0.704761905,0.697835498,0.694170403,0.701694915,0.659322034,0.710151188,0.700421941,0.690985325,0.655793991,0.702396514,0.67590759,0.692134831,0.65862069,0.674235808,0.352,0.511064718,0.47599165,0.400835073,0.413389122,0.322689076,-2,-2,-2,0.555136268,-2,0.517154812,0.379123174,0.462447258,0.542259414,0.448535565,-2,-2,0.427557411,-2,0.683636364,0.496916299,-2,-2,-2,0.646025105,-2,-2,0.549478079,0.66784141,0.44631579,-2,0.627213823,0.441841004,-2,-2,-2,0.442767295,0.441841004,-2,-2,-2,0.612943633,0.549478079,0.527766179,0.488702929,0.533898305,0.632608696,0.619905214,0.633492823,0.63030303,0.662603878,0.663539446,0.67008547,0.632054176,0.644827586,0.668421053,0.701298702,0.635944701,0.678672986,0.688838269,0.666079295,0.668112798,0.673233405,0.675890986,0.668965518,0.672138229,0.648598131,0.680930233,0.601405152,0.681290322,0.64628821,0.661471862,0.651914894,0.665263158,0.674509804,0.665365854,0.672425249,0.637606838,-2,0.595469256,0.613207547,0.662473794,0.578313253,0.565413534,-2,-2,0.671929825,0.643520782,0.687719298,0.649471458,0.657718121,0.670669746,0.564705882,0.662660944,0.623175966,0.665263158,0.655238095,0.668965518,-2,0.659340659,0.602972399,0.637837838,0.667505241,0.624516129,0.668717949,0.667811158,0.364912281,0.644988864,0.65045045,0.67368421,0.676008493,0.664718163,0.672688172,0.664693446,0.598275862,-2,-2,-2,-2,-2,0.622222222,0.44556962,-2,-2,-2,0.526096034,0.623899371,0.638297872,0.654545454,0.654077254,0.651599147,0.676129032,0.66440678,0.70125523,0.685473684,0.678918919,0.615962442,0.585488959,0.662761506,0.669807281,-2,0.676150628,0.657740586,-2,0.49707113,0.677218226,0.527196653,-2,-2,-2,-2,0.693333334,-2,-2,-2,-2,-2,0.694670846JAM,0.234296725,0.386259542,0.70019802,0.659099804,0.694588235,0.668376068,-2,0.781609195,0.77007874,-2,0.745017182,-2,-2,-2,-2,0.752399232,-2,0.52803532,0.645274726,0.647702407,0.644827586,0.67826087,0.732416503,0.708571429,0.753757226,0.767692308,0.714455446,0.744721689,0.743295019,0.709197652,0.698387097,0.610461538,0.672064778,0.696062992,0.636400818,0.293846154,0.462357414,0.436501901,0.349809886,0.364190476,0.267686425,-2,-2,-2,0.574045802,-2,0.515047619,0.314828898,0.55278311,0.505343511,0.54552381,-2,-2,0.369581749,-2,0.773165618,0.673170732,-2,-2,-2,0.742095238,-2,-2,0.602676864,0.764940239,0.547126437,-2,0.711287129,0.54552381,-2,-2,-2,0.546564886,0.54552381,-2,-2,-2,0.584030418,0.523193916,0.491254753,0.449042146,0.50867052,0.756327543,0.741755889,0.751827957,0.730434782,0.754521964,0.764478765,0.759533074,0.749593496,0.716129032,0.750695825,0.681017613,0.755838641,0.750877193,0.727882599,0.771026157,0.758648111,0.751372549,0.752307692,0.753125,0.711111111,0.673303167,0.737777778,0.725333334,0.723137255,0.748031496,0.766863906,0.756589147,0.763288719,0.76,0.748444445,0.761676646,0.745736434,-2,0.726627219,0.734341253,0.753934741,0.71,0.556521739,-2,-2,0.72191235,0.749455338,0.693650794,0.765891473,0.743042071,0.75826087,0.73076923,0.713894325,0.73463035,0.744827586,0.757264958,0.752459016,-2,0.738832998,0.671566731,0.742386831,0.745038168,0.73307393,0.729584352,0.740392157,0.302552204,0.722267206,0.734560327,0.763273453,0.755212355,0.748288974,0.756078431,0.727413127,0.703937008,-2,-2,-2,-2,-2,0.725853658,0.549712092,-2,-2,-2,0.474524715,0.722137405,0.725436894,0.731650486,0.740392157,0.685271318,0.758565737,0.742857143,0.716190476,0.730367505,0.769668246,0.736616702,0.721387283,0.73447619,0.709551657,-2,0.73752381,0.729904762,-2,0.447148289,0.685964912,0.467809524,-2,-2,-2,-2,0.6752,-2,-2,-2,-2,-2,0.678453038TTO,0.250656661,0.398513011,0.713680154,0.643678161,0.709677419,0.67368421,0.781609195,-2,0.76621881,-2,0.718918919,-2,-2,-2,-2,0.749158878,-2,0.537960954,0.662365591,0.652494577,0.645435244,0.685048544,0.735508638,0.72191235,0.762476548,0.768301886,0.725868726,0.747663551,0.756716418,0.714828898,0.703366337,0.623853211,0.677290837,0.709578544,0.644135189,0.311610487,0.471111111,0.445925926,0.358518518,0.374025974,0.281564246,-2,-2,-2,0.57992565,-2,0.52096475,0.33037037,0.545794393,0.508550186,0.5283859,-2,-2,0.376296296,-2,0.77704918,0.653968254,-2,-2,-2,0.743599258,-2,-2,0.613780261,0.770254403,0.529850746,-2,0.712138728,0.5283859,-2,-2,-2,0.52936803,0.5283859,-2,-2,-2,0.586666666,0.528888889,0.502222222,0.46119403,0.516226415,0.752238806,0.737021277,0.744186046,0.737160121,0.75768262,0.763773585,0.757655954,0.750100604,0.71827112,0.761315281,0.684393063,0.748333334,0.751827957,0.729072165,0.766994106,0.76286267,0.769465649,0.761048689,0.760076775,0.72202729,0.681938326,0.746436285,0.71754386,0.732307692,0.744186046,0.764202334,0.759168242,0.774579439,0.7671875,0.760086768,0.75727003,0.744150943,-2,0.716034986,0.736886994,0.758130841,0.704761905,0.566292135,-2,-2,0.733333334,0.758709678,0.703501946,0.766792453,0.7475,0.756118143,0.707692308,0.720610687,0.731428571,0.747761194,0.754237288,0.759677419,-2,0.739920949,0.677966102,0.727272727,0.755390334,0.717870722,0.735238095,0.748091603,0.318202247,0.73029703,0.72917505,0.768932039,0.763909774,0.761410018,0.763288719,0.738229755,0.692100193,-2,-2,-2,-2,-2,0.728674698,0.532336449,-2,-2,-2,0.49037037,0.727137546,0.737878788,0.734848485,0.752671756,0.69735849,0.766994106,0.747368421,0.728756958,0.741242938,0.773584906,0.732059448,0.714450867,0.743599258,0.717870722,-2,0.746567718,0.739146568,-2,0.454174397,0.696995708,0.477922078,-2,-2,-2,-2,0.686381323,-2,-2,-2,-2,-2,0.692183289BRB,0.251252409,0.403053435,0.7171875,0.639685658,0.71047619,0.678787878,0.77007874,0.76621881,-2,-2,0.711418685,-2,-2,-2,-2,0.74351145,-2,0.546341463,0.658719646,0.658093126,0.648791209,0.693013972,0.732283465,0.717408907,0.751238095,0.758139535,0.720792079,0.749328215,0.743403442,0.7046875,0.707692308,0.6375,0.675918367,0.696470588,0.648692153,0.31076923,0.476045627,0.447148289,0.363498099,0.379428571,0.286042065,-2,-2,-2,0.566412214,-2,0.519619048,0.336121673,0.531800766,0.520610687,0.519619048,-2,-2,0.38174905,-2,0.762947369,0.644628099,-2,-2,-2,0.73752381,-2,-2,0.602676864,0.751807229,0.521072797,-2,0.695445545,0.519619048,-2,-2,-2,0.520610687,0.519619048,-2,-2,-2,0.582509506,0.535361217,0.511026616,0.468965518,0.52248062,0.744757034,0.728384279,0.732321042,0.72345679,0.744186046,0.751937985,0.750291262,0.73744856,0.712903226,0.742857143,0.670058709,0.735456475,0.747368421,0.735456475,0.751710262,0.750695825,0.745098039,0.743403442,0.74488189,0.703614458,0.676643991,0.739689578,0.703571429,0.717623762,0.737972167,0.761523046,0.751051626,0.757005758,0.752191235,0.743487858,0.756626506,0.737864078,-2,0.722580645,0.721225383,0.747792706,0.722891566,0.572997712,-2,-2,0.712524851,0.739823009,0.712350598,0.742635659,0.727741935,0.75161987,0.727272727,0.707992202,0.720622568,0.738697318,0.746320346,0.747216495,-2,0.723421589,0.663829787,0.728482329,0.735877862,0.70625,0.7,0.725146199,0.324423963,0.715789474,0.710927835,0.7472,0.738223938,0.736,0.743418467,0.727272727,0.689763779,-2,-2,-2,-2,-2,0.724565757,0.523608446,-2,-2,-2,0.492775666,0.70552381,0.719066148,0.724031008,0.734375,0.697674418,0.75079365,0.736923077,0.719238095,0.728820116,0.77294686,0.72139738,0.711641791,0.731428571,0.7125,-2,0.73447619,0.731428571,-2,0.465399239,0.693913043,0.487619048,-2,-2,-2,-2,0.6848,-2,-2,-2,-2,-2,0.68852459DMA,-2,-2,-2,-2,-2,-2,-2,-2,-2,-2,-2,-2,-2,-2,-2,-2,-2,-2,-2,-2,-2,-2,-2,-2,-2,-2,-2,-2,-2,-2,-2,-2,-2,-2,-2,-2,-2,-2,-2,-2,-2,-2,-2,-2,-2,-2,-2,-2,-2,-2,-2,-2,-2,-2,-2,-2,-2,-2,-2,-2,-2,-2,-2,-2,-2,-2,-2,-2,-2,-2,-2,-2,-2,-2,-2,-2,-2,-2,-2,-2,-2,-2,-2,-2,-2,-2,-2,-2,-2,-2,-2,-2,-2,-2,-2,-2,-2,-2,-2,-2,-2,-2,-2,-2,-2,-2,-2,-2,-2,-2,-2,-2,-2,-2,-2,-2,-2,-2,-2,-2,-2,-2,-2,-2,-2,-2,-2,-2,-2,-2,-2,-2,-2,-2,-2,-2,-2,-2,-2,-2,-2,-2,-2,-2,-2,-2,-2,-2,-2,-2,-2,-2,-2,-2,-2,-2,-2,-2,-2,-2,-2,-2,-2,-2,-2,-2,-2,-2,-2,-2,-2,-2,-2,-2,-2,-2,-2,-2,-2,-2,-2,-2,-2,-2,-2,-2,-2,-2,-2,-2,-2,-2,-2,-2GRD,0.189189189,0.343624161,0.663888889,0.677777778,0.667234042,0.626865672,0.745017182,0.718918919,0.711418685,-2,-2,-2,-2,-2,-2,0.715932203,-2,0.485355649,0.607346938,0.641897234,0.670355731,0.644444445,0.682593857,0.663197026,0.696949153,0.7395189,0.68409894,0.715932203,0.688813559,0.650847458,0.646931408,0.575824176,0.606405694,0.654794521,0.607773851,0.238644068,0.438795986,0.393311037,0.296989966,0.310367893,0.226262626,-2,-2,-2,0.514478114,-2,0.449498328,0.264882943,0.545945946,0.476254181,0.545819398,-2,-2,0.32909699,-2,0.736842106,0.683443709,-2,-2,-2,0.697986577,-2,-2,0.535117057,0.734982332,0.551351351,-2,0.674125874,0.551170569,-2,-2,-2,0.551170569,0.551170569,-2,-2,-2,0.545819398,0.489632107,0.454849498,0.414715719,0.464163822,0.720689655,0.724528302,0.714285714,0.668041237,0.707936508,0.727516778,0.710204082,0.732103321,0.687671233,0.703886926,0.647750865,0.719133574,0.709859155,0.692936803,0.730795848,0.713513514,0.707167235,0.695652174,0.721678322,0.662857143,0.623220974,0.704132231,0.70075188,0.67456446,0.732867133,0.735438597,0.715932203,0.724324324,0.716666666,0.708661418,0.750561798,0.734693878,-2,0.746938775,0.722580645,0.724324324,0.672,0.49924812,-2,-2,0.694661922,0.720318725,0.653003534,0.729251701,0.694949495,0.703649635,0.756043956,0.657044674,0.705226481,0.696949153,0.744401545,0.721403509,-2,0.726470588,0.620408163,0.724242424,0.70367893,0.707482993,0.685271318,0.693150685,0.27309237,0.67456446,0.696296296,0.731914894,0.710508474,0.7090301,0.716666666,0.699319728,0.695035461,-2,-2,-2,-2,-2,0.701234568,0.551170569,-2,-2,-2,0.406688963,0.681879194,0.692413793,0.694594594,0.706849315,0.635616438,0.728571429,0.701706485,0.682274247,0.672972973,0.714465409,0.715625,0.723404255,0.689932886,0.667128028,-2,0.695652174,0.689932886,-2,0.398662207,0.635658914,0.428093646,-2,-2,-2,-2,0.611267606,-2,-2,-2,-2,-2,0.62672811LCA,-2,-2,-2,-2,-2,-2,-2,-2,-2,-2,-2,-2,-2,-2,-2,-2,-2,-2,-2,-2,-2,-2,-2,-2,-2,-2,-2,-2,-2,-2,-2,-2,-2,-2,-2,-2,-2,-2,-2,-2,-2,-2,-2,-2,-2,-2,-2,-2,-2,-2,-2,-2,-2,-2,-2,-2,-2,-2,-2,-2,-2,-2,-2,-2,-2,-2,-2,-2,-2,-2,-2,-2,-2,-2,-2,-2,-2,-2,-2,-2,-2,-2,-2,-2,-2,-2,-2,-2,-2,-2,-2,-2,-2,-2,-2,-2,-2,-2,-2,-2,-2,-2,-2,-2,-2,-2,-2,-2,-2,-2,-2,-2,-2,-2,-2,-2,-2,-2,-2,-2,-2,-2,-2,-2,-2,-2,-2,-2,-2,-2,-2,-2,-2,-2,-2,-2,-2,-2,-2,-2,-2,-2,-2,-2,-2,-2,-2,-2,-2,-2,-2,-2,-2,-2,-2,-2,-2,-2,-2,-2,-2,-2,-2,-2,-2,-2,-2,-2,-2,-2,-2,-2,-2,-2,-2,-2,-2,-2,-2,-2,-2,-2,-2,-2,-2,-2,-2,-2,-2,-2,-2,-2,-2,-2VCT,-2,-2,-2,-2,-2,-2,-2,-2,-2,-2,-2,-2,-2,-2,-2,-2,-2,-2,-2,-2,-2,-2,-2,-2,-2,-2,-2,-2,-2,-2,-2,-2,-2,-2,-2,-2,-2,-2,-2,-2,-2,-2,-2,-2,-2,-2,-2,-2,-2,-2,-2,-2,-2,-2,-2,-2,-2,-2,-2,-2,-2,-2,-2,-2,-2,-2,-2,-2,-2,-2,-2,-2,-2,-2,-2,-2,-2,-2,-2,-2,-2,-2,-2,-2,-2,-2,-2,-2,-2,-2,-2,-2,-2,-2,-2,-2,-2,-2,-2,-2,-2,-2,-2,-2,-2,-2,-2,-2,-2,-2,-2,-2,-2,-2,-2,-2,-2,-2,-2,-2,-2,-2,-2,-2,-2,-2,-2,-2,-2,-2,-2,-2,-2,-2,-2,-2,-2,-2,-2,-2,-2,-2,-2,-2,-2,-2,-2,-2,-2,-2,-2,-2,-2,-2,-2,-2,-2,-2,-2,-2,-2,-2,-2,-2,-2,-2,-2,-2,-2,-2,-2,-2,-2,-2,-2,-2,-2,-2,-2,-2,-2,-2,-2,-2,-2,-2,-2,-2,-2,-2,-2,-2,-2,-2ATG,-2,-2,-2,-2,-2,-2,-2,-2,-2,-2,-2,-2,-2,-2,-2,-2,-2,-2,-2,-2,-2,-2,-2,-2,-2,-2,-2,-2,-2,-2,-2,-2,-2,-2,-2,-2,-2,-2,-2,-2,-2,-2,-2,-2,-2,-2,-2,-2,-2,-2,-2,-2,-2,-2,-2,-2,-2,-2,-2,-2,-2,-2,-2,-2,-2,-2,-2,-2,-2,-2,-2,-2,-2,-2,-2,-2,-2,-2,-2,-2,-2,-2,-2,-2,-2,-2,-2,-2,-2,-2,-2,-2,-2,-2,-2,-2,-2,-2,-2,-2,-2,-2,-2,-2,-2,-2,-2,-2,-2,-2,-2,-2,-2,-2,-2,-2,-2,-2,-2,-2,-2,-2,-2,-2,-2,-2,-2,-2,-2,-2,-2,-2,-2,-2,-2,-2,-2,-2,-2,-2,-2,-2,-2,-2,-2,-2,-2,-2,-2,-2,-2,-2,-2,-2,-2,-2,-2,-2,-2,-2,-2,-2,-2,-2,-2,-2,-2,-2,-2,-2,-2,-2,-2,-2,-2,-2,-2,-2,-2,-2,-2,-2,-2,-2,-2,-2,-2,-2,-2,-2,-2,-2,-2,-2KNA,-2,-2,-2,-2,-2,-2,-2,-2,-2,-2,-2,-2,-2,-2,-2,-2,-2,-2,-2,-2,-2,-2,-2,-2,-2,-2,-2,-2,-2,-2,-2,-2,-2,-2,-2,-2,-2,-2,-2,-2,-2,-2,-2,-2,-2,-2,-2,-2,-2,-2,-2,-2,-2,-2,-2,-2,-2,-2,-2,-2,-2,-2,-2,-2,-2,-2,-2,-2,-2,-2,-2,-2,-2,-2,-2,-2,-2,-2,-2,-2,-2,-2,-2,-2,-2,-2,-2,-2,-2,-2,-2,-2,-2,-2,-2,-2,-2,-2,-2,-2,-2,-2,-2,-2,-2,-2,-2,-2,-2,-2,-2,-2,-2,-2,-2,-2,-2,-2,-2,-2,-2,-2,-2,-2,-2,-2,-2,-2,-2,-2,-2,-2,-2,-2,-2,-2,-2,-2,-2,-2,-2,-2,-2,-2,-2,-2,-2,-2,-2,-2,-2,-2,-2,-2,-2,-2,-2,-2,-2,-2,-2,-2,-2,-2,-2,-2,-2,-2,-2,-2,-2,-2,-2,-2,-2,-2,-2,-2,-2,-2,-2,-2,-2,-2,-2,-2,-2,-2,-2,-2,-2,-2,-2,-2MEX,0.250656661,0.402973978,0.711111111,0.614559387,0.703926097,0.688607595,0.752399232,0.749158878,0.74351145,-2,0.715932203,-2,-2,-2,-2,-2,-2,0.540305011,0.669247312,0.66637744,0.660127932,0.694163424,0.746257198,0.71888668,0.749348231,0.737996219,0.733333334,0.75364486,0.735820895,0.720761905,0.703557312,0.630674846,0.685487078,0.703632887,0.664031621,0.314606742,0.48,0.453333334,0.368888889,0.382931354,0.29739777,-2,-2,-2,0.571003718,-2,0.52541744,0.334814815,0.529345794,0.523420074,0.510575139,-2,-2,0.383703704,-2,0.750819672,0.624701195,-2,-2,-2,0.716883117,-2,-2,0.601862198,0.741960784,0.511940298,-2,0.690558767,0.510575139,-2,-2,-2,0.511524163,0.510575139,-2,-2,-2,0.605925926,0.545185185,0.505185185,0.465671642,0.519245283,0.72238806,0.703184714,0.713742072,0.697872341,0.731313131,0.745660378,0.739278938,0.719517102,0.6978389,0.728820116,0.693641618,0.72651357,0.724301075,0.725465838,0.740392157,0.738104449,0.73447619,0.731086142,0.726295586,0.696875,0.66784141,0.727429806,0.680701754,0.707514451,0.723883495,0.739299611,0.732330827,0.740186916,0.734375,0.723644252,0.731563422,0.721361058,-2,0.684057971,0.700854701,0.741682243,0.725581395,0.56936937,-2,-2,0.71627907,0.720518358,0.711284046,0.730696798,0.722257054,0.730801688,0.715384615,0.700763358,0.702661597,0.724022346,0.725581395,0.727419355,-2,0.728712871,0.652354049,0.69859155,0.718215614,0.685931559,0.712380952,0.714503817,0.318202247,0.697029703,0.698795181,0.73774319,0.727819549,0.727272727,0.729636711,0.705084746,0.664092664,-2,-2,-2,-2,-2,0.701449275,0.514392523,-2,-2,-2,0.503703704,0.703345725,0.704545454,0.70926276,0.72519084,0.679245283,0.73111546,0.718949343,0.718367347,0.714124294,0.736448598,0.70940171,0.688695652,0.707977737,0.698098859,-2,0.719851577,0.706493506,-2,0.458627087,0.690831557,0.483858998,-2,-2,-2,-2,0.691050584,-2,-2,-2,-2,-2,0.68847185BLZ,-2,-2,-2,-2,-2,-2,-2,-2,-2,-2,-2,-2,-2,-2,-2,-2,-2,-2,-2,-2,-2,-2,-2,-2,-2,-2,-2,-2,-2,-2,-2,-2,-2,-2,-2,-2,-2,-2,-2,-2,-2,-2,-2,-2,-2,-2,-2,-2,-2,-2,-2,-2,-2,-2,-2,-2,-2,-2,-2,-2,-2,-2,-2,-2,-2,-2,-2,-2,-2,-2,-2,-2,-2,-2,-2,-2,-2,-2,-2,-2,-2,-2,-2,-2,-2,-2,-2,-2,-2,-2,-2,-2,-2,-2,-2,-2,-2,-2,-2,-2,-2,-2,-2,-2,-2,-2,-2,-2,-2,-2,-2,-2,-2,-2,-2,-2,-2,-2,-2,-2,-2,-2,-2,-2,-2,-2,-2,-2,-2,-2,-2,-2,-2,-2,-2,-2,-2,-2,-2,-2,-2,-2,-2,-2,-2,-2,-2,-2,-2,-2,-2,-2,-2,-2,-2,-2,-2,-2,-2,-2,-2,-2,-2,-2,-2,-2,-2,-2,-2,-2,-2,-2,-2,-2,-2,-2,-2,-2,-2,-2,-2,-2,-2,-2,-2,-2,-2,-2,-2,-2,-2,-2,-2,-2GTM,0.331154684,0.487257019,0.575221239,0.398222222,0.586666666,0.608312958,0.52803532,0.537960954,0.546341463,-2,0.485355649,-2,-2,-2,-2,0.540305011,-2,-2,0.622222222,0.596,0.586924939,0.60496614,0.567400881,0.551598174,0.56,0.528725702,0.571937639,0.55826087,0.559307359,0.541648107,0.583636364,0.656478406,0.619178082,0.539910314,0.62242563,0.394759826,0.520689655,0.484482758,0.431034482,0.445788337,0.345336226,-2,-2,-2,0.535637149,-2,0.502807775,0.418965518,0.298039216,0.538528138,0.28336933,-2,-2,0.453448276,-2,0.538424821,0.252216749,-2,-2,-2,0.522413793,-2,-2,0.501518438,0.532723112,0.281127982,-2,0.476749436,0.278185745,-2,-2,-2,0.278787878,0.278185745,-2,-2,-2,0.565517242,0.539655173,0.524137931,0.502608696,0.530989011,0.48306011,0.483129584,0.497087378,0.485198556,0.51497006,0.521585903,0.557362638,0.500229885,0.52,0.54954955,0.57728285,0.511163895,0.562436548,0.560191846,0.530296127,0.545211582,0.554525386,0.557734205,0.53986637,0.555902005,0.58071066,0.553846154,0.459746835,0.568374165,0.510375276,0.539910314,0.514035088,0.531590414,0.550341686,0.528712871,0.535081967,0.503964758,-2,0.44244373,0.470123457,0.528104575,0.40597015,0.57591623,-2,-2,0.564705882,0.535960591,0.598651686,0.518681318,0.515302491,0.541747573,0.240963855,0.558057395,0.495154185,0.539696312,0.512621359,0.535224586,-2,0.547368421,0.515789474,0.504265403,0.55064935,0.498447894,0.524369748,0.536302895,0.41336761,0.515473441,0.512529551,0.537585422,0.540350877,0.539092873,0.54049217,0.542608696,0.45814978,-2,-2,-2,-2,-2,0.463636364,0.28173913,-2,-2,-2,0.496551724,0.49762419,0.51214128,0.515164835,0.526829268,0.538596491,0.536961451,0.544978166,0.570194385,0.56892779,0.46741573,0.458852868,0.409180328,0.540820734,0.555210643,-2,0.55637149,0.536206897,-2,0.494827586,0.595169082,0.528725702,-2,-2,-2,-2,0.595475113,-2,-2,-2,-2,-2,0.607142857HND,0.282251082,0.421413276,0.695575222,0.531004367,0.693719806,0.685990338,0.645274726,0.662365591,0.658719646,-2,0.607346938,-2,-2,-2,-2,0.669247312,-2,0.622222222,-2,0.69280397,0.672463768,0.717673378,0.7,0.678341014,0.67386609,0.640692641,0.702222222,0.684482758,0.674408602,0.643516483,0.684684685,0.705226481,0.696127562,0.65840708,0.686238532,0.347526882,0.504904051,0.469083156,0.399147122,0.406837607,0.31862955,-2,-2,-2,0.560171306,-2,0.505982906,0.368443497,0.431034482,0.543040686,0.422222222,-2,-2,0.409381663,-2,0.665083135,0.485436894,-2,-2,-2,0.639316239,-2,-2,0.551605996,0.648648649,0.423225806,-2,0.610714286,0.418803419,-2,-2,-2,0.419700214,0.418803419,-2,-2,-2,0.607249467,0.557782516,0.521961621,0.490322581,0.530453564,0.621994885,0.611981567,0.620140515,0.603030303,0.664066852,0.645217391,0.664912281,0.61981982,0.633789954,0.662192394,0.663414634,0.624528302,0.679093199,0.683294118,0.650569476,0.643555555,0.673406594,0.666094421,0.669315674,0.669642857,0.652,0.671356784,0.584771574,0.673127754,0.634725274,0.657142857,0.636521739,0.655793991,0.664559819,0.662068966,0.677844311,0.627074236,-2,0.586826347,0.609259259,0.650322581,0.614634146,0.573262032,-2,-2,0.671023965,0.63919598,0.692857143,0.635497835,0.655555555,0.659854014,0.573737374,0.654704595,0.612691466,0.654077254,0.636930456,0.667599067,-2,0.656036446,0.593043478,0.625116279,0.669807281,0.611868132,0.654545454,0.662857143,0.348186529,0.64966443,0.641121495,0.659775281,0.659436009,0.658119658,0.663716814,0.666954644,0.570666666,-2,-2,-2,-2,-2,0.619283746,0.423225806,-2,-2,-2,0.511727079,0.62012848,0.635448578,0.638611714,0.653275109,0.64935065,0.657977528,0.667526882,0.704273504,0.686956522,0.674111675,0.596039604,0.58245614,0.666666666,0.673406594,-2,0.671794872,0.658422175,-2,0.488888889,0.689382716,0.517948718,-2,-2,-2,-2,0.687750557,-2,-2,-2,-2,-2,0.722222222SLV,0.270742358,0.424137931,0.678841871,0.519912473,0.64973545,0.683602771,0.647702407,0.652494577,0.658093126,-2,0.641897234,-2,-2,-2,-2,0.66637744,-2,0.596,0.69280397,-2,0.68377724,0.675555555,0.667264574,0.673394495,0.676252723,0.634782609,0.690827741,0.683478261,0.668965518,0.644591611,0.683105023,0.682993198,0.659584296,0.636807095,0.674364896,0.321041214,0.490322581,0.443870968,0.369892473,0.379310345,0.309287257,-2,-2,-2,0.571922246,-2,0.510344827,0.349247312,0.451193058,0.539655173,0.44137931,-2,-2,0.400860215,-2,0.65971564,0.492592593,-2,-2,-2,0.634482758,-2,-2,0.555698925,0.641818182,0.43982684,-2,0.610290828,0.436206897,-2,-2,-2,0.437149028,0.436206897,-2,-2,-2,0.595268818,0.533333334,0.500645162,0.470689655,0.513665944,0.62247191,0.596078431,0.607843138,0.592786886,0.65952381,0.637199125,0.656140351,0.60733945,0.638202247,0.655530474,0.660176991,0.612106538,0.665012407,0.677804296,0.64288939,0.652444445,0.66345733,0.656277056,0.656637168,0.658928571,0.632,0.660957179,0.585858586,0.666666666,0.628697572,0.647032967,0.624175824,0.638611714,0.652914798,0.651851852,0.673400674,0.620659341,-2,0.566779661,0.600493827,0.639308855,0.633766234,0.558762886,-2,-2,0.660948082,0.632923833,0.686230248,0.631670282,0.656338028,0.657560976,0.602150538,0.644201313,0.600437637,0.645887446,0.63649635,0.664840182,-2,0.654545454,0.6,0.625352113,0.658315334,0.612389381,0.655702918,0.644247788,0.355555555,0.632258065,0.627126437,0.650909091,0.652954048,0.648275862,0.646017699,0.651203501,0.581015453,-2,-2,-2,-2,-2,0.612290502,0.44,-2,-2,-2,0.509247312,0.608207343,0.625327511,0.630196937,0.642825607,0.611868132,0.656179775,0.650434782,0.677586207,0.667538126,0.697872341,0.599518072,0.566557377,0.644827586,0.651982379,-2,0.668965518,0.644827586,-2,0.473118279,0.653827161,0.498275862,-2,-2,-2,-2,0.657977528,-2,-2,-2,-2,-2,0.66031746NIC,0.252452026,0.40338983,0.649889625,0.562255966,0.649871466,0.649881235,0.644827586,0.645435244,0.648791209,-2,0.670355731,-2,-2,-2,-2,0.660127932,-2,0.586924939,0.672463768,0.68377724,-2,0.687719298,0.654545454,0.618901099,0.645824411,0.64989339,0.659030837,0.658723404,0.640339702,0.644155844,0.652252252,0.651851852,0.624434389,0.621834061,0.665148064,0.316239316,0.475949367,0.448945148,0.361181434,0.372093023,0.270063694,-2,-2,-2,0.545762712,-2,0.492827004,0.334177215,0.468789809,0.519238901,0.45907173,-2,-2,0.381434599,-2,0.657611242,0.509734514,-2,-2,-2,0.63628692,-2,-2,0.53559322,0.654222222,0.46029724,-2,0.605689278,0.45907173,-2,-2,-2,0.45907173,0.45907173,-2,-2,-2,0.572151898,0.528270042,0.509704642,0.474893617,0.523076923,0.658953168,0.653846154,0.650591017,0.577181208,0.64092219,0.646551724,0.641036717,0.645045045,0.652115813,0.64778761,0.618181818,0.647980998,0.64,0.650117096,0.64573991,0.649557522,0.648366013,0.631130064,0.645217391,0.626548673,0.623762376,0.64079602,0.640786241,0.653594771,0.635140998,0.643859649,0.641036717,0.648510638,0.647111111,0.641527446,0.667109634,0.654077254,-2,0.637908497,0.641134752,0.639658849,0.748051948,0.541414142,-2,-2,0.630463576,0.626600986,0.659242762,0.653763441,0.642758621,0.63076923,0.768,0.628571429,0.645824411,0.644067797,0.663829787,0.64399093,-2,0.684444445,0.593162393,0.639631337,0.647780127,0.639655173,0.63180593,0.643478261,0.334358974,0.631674208,0.642922374,0.645333334,0.647210301,0.649471458,0.641048035,0.63862661,0.613390929,-2,-2,-2,-2,-2,0.604878049,0.463694267,-2,-2,-2,0.460759494,0.632558139,0.625485961,0.616450217,0.641036717,0.595268818,0.648552338,0.645824411,0.647780127,0.64344086,0.669565218,0.634679335,0.63483871,0.635940803,0.621258134,-2,0.652854122,0.646088795,-2,0.470190275,0.639613526,0.487103594,-2,-2,-2,-2,0.628318584,-2,-2,-2,-2,-2,0.62445141CRI,0.2546875,0.416247582,0.716465863,0.556175299,0.719424461,0.704761905,0.67826087,0.685048544,0.693013972,-2,0.644444445,-2,-2,-2,-2,0.694163424,-2,0.60496614,0.717673378,0.675555555,0.687719298,-2,0.7104,0.702074689,0.6984375,0.663796478,0.712175649,0.709902913,0.704061895,0.674851485,0.703080082,0.689308176,0.68713693,0.680478088,0.680497926,0.324366472,0.487090558,0.456262042,0.371483622,0.384555985,0.295551258,-2,-2,-2,0.553965184,-2,0.50965251,0.34682081,0.461121857,0.528185328,0.44942085,-2,-2,0.391522158,-2,0.68185654,0.544262295,-2,-2,-2,0.661271676,-2,-2,0.556589147,0.670182556,0.448932039,-2,0.62310757,0.446332046,-2,-2,-2,0.447195358,0.446332046,-2,-2,-2,0.590366089,0.544123314,0.517919075,0.469767442,0.524461839,0.658097686,0.639647577,0.649122807,0.646645367,0.670437018,0.671119843,0.673767258,0.641336117,0.642622951,0.680645162,0.68,0.651851852,0.688986784,0.695578947,0.67070707,0.675806452,0.682539682,0.675728155,0.678642714,0.677171717,0.661503417,0.675395034,0.621004566,0.687077534,0.649298597,0.67444668,0.661417323,0.677281554,0.67444668,0.678733032,0.715264798,0.661689587,-2,0.642900302,0.631858407,0.66614786,0.62,0.584397163,-2,-2,0.670967742,0.64966443,0.699595142,0.65697446,0.65620915,0.67368421,0.664,0.66640159,0.638095238,0.666407767,0.665795207,0.68,-2,0.669387755,0.6015625,0.645378151,0.682398453,0.629249012,0.648175182,0.671936759,0.352224824,0.662809918,0.646985447,0.675303644,0.6734375,0.668725869,0.676190476,0.673189824,0.60876494,-2,-2,-2,-2,-2,0.63880597,0.449805447,-2,-2,-2,0.497880539,0.631334623,0.651968504,0.65697446,0.663220676,0.660117878,0.684552846,0.673189824,0.6996139,0.690196078,0.699516908,0.624945295,0.623809524,0.67822736,0.676923077,-2,0.685714286,0.673359074,-2,0.48030888,0.705145414,0.5003861,-2,-2,-2,-2,0.705030181,-2,-2,-2,-2,-2,0.728939828PAN,0.24721689,0.405333334,0.708300395,0.60472441,0.714219114,0.697835498,0.732416503,0.735508638,0.732283465,-2,0.682593857,-2,-2,-2,-2,0.746257198,-2,0.567400881,0.7,0.667264574,0.654545454,0.7104,-2,0.712757202,0.738342967,0.720930233,0.737848606,0.744827586,0.744827586,0.693542074,0.712373225,0.657943926,0.687576374,0.703937008,0.666395112,0.321538462,0.480608365,0.453231939,0.365019011,0.380952381,0.304397706,-2,-2,-2,0.575572519,-2,0.518095238,0.345247148,0.525143954,0.528244275,0.505904762,-2,-2,0.386311787,-2,0.739240506,0.608,-2,-2,-2,0.713142857,-2,-2,0.595028681,0.729032258,0.504214559,-2,0.682772278,0.499809524,-2,-2,-2,0.500763358,0.499809524,-2,-2,-2,0.602281369,0.546007605,0.512547529,0.472030651,0.516827853,0.704239402,0.698712446,0.701511879,0.693498452,0.717948718,0.720930233,0.726705653,0.707246377,0.688484849,0.720477137,0.702169626,0.713559322,0.727272727,0.72680851,0.725656566,0.720634921,0.72627451,0.724760077,0.729273085,0.697188755,0.680357143,0.729046563,0.672,0.70970297,0.70438247,0.724649298,0.720776699,0.724760077,0.734268537,0.720879121,0.725525526,0.709902913,-2,0.665895954,0.685714286,0.733973129,0.696470588,0.591627907,-2,-2,0.712350598,0.705676856,0.712175649,0.71627907,0.707987221,0.726956522,0.707692308,0.704313726,0.69375,0.71128107,0.719650655,0.720496894,-2,0.704065041,0.648355899,0.688796681,0.716030534,0.6796875,0.70806846,0.716862745,0.336258661,0.694308943,0.692339545,0.7296,0.721235522,0.711619048,0.722986247,0.711798839,0.652673267,-2,-2,-2,-2,-2,0.69280397,0.501720842,-2,-2,-2,0.506463878,0.693333334,0.697276265,0.701945526,0.706066536,0.687040619,0.724193548,0.70923077,0.723809524,0.72417795,0.75,0.691466083,0.666282421,0.713142857,0.709375,-2,0.723809524,0.710095238,-2,0.466285714,0.703083701,0.48152381,-2,-2,-2,-2,0.716966068,-2,-2,-2,-2,-2,0.719783198COL,0.268273092,0.419047619,0.717408907,0.589816701,0.703209877,0.694170403,0.708571429,0.72191235,0.717408907,-2,0.663197026,-2,-2,-2,-2,0.71888668,-2,0.551598174,0.678341014,0.673394495,0.618901099,0.702074689,0.712757202,-2,0.736507937,0.708617234,0.738969072,0.744,0.731337326,0.711836734,0.728813559,0.658360656,0.700854701,0.708571429,0.664978903,0.327054108,0.492673267,0.462574258,0.377029703,0.392063492,0.313944223,-2,-2,-2,0.582107356,-2,0.525396826,0.345346534,0.4928,0.531212724,0.479365079,-2,-2,0.394455446,-2,0.727912088,0.600829875,-2,-2,-2,0.707936508,-2,-2,0.599203187,0.712970711,0.479681275,-2,0.667768595,0.476190476,-2,-2,-2,0.477137177,0.476190476,-2,-2,-2,0.598811881,0.548118812,0.527524753,0.480638722,0.526868687,0.677572559,0.66879271,0.680812641,0.687116565,0.697547684,0.703030303,0.712727273,0.686937902,0.676150628,0.72033195,0.685714286,0.691314031,0.715011547,0.72599119,0.71092437,0.716221766,0.709311741,0.717131474,0.70781893,0.697520661,0.650943396,0.714018691,0.648598131,0.709836066,0.688295688,0.70927835,0.698007968,0.7072,0.711666666,0.723809524,0.7325,0.690322581,-2,0.6625,0.669090909,0.7072,0.595121951,0.569267139,-2,-2,0.708523909,0.698181818,0.70460251,0.696981891,0.695532646,0.719817768,0.648,0.702636917,0.681541582,0.712350598,0.706935123,0.718965518,-2,0.690295358,0.653521126,0.676521739,0.715705766,0.669918699,0.688082902,0.708757638,0.356204379,0.69661017,0.687688985,0.726666666,0.719517102,0.712698413,0.719672131,0.711468813,0.643902439,-2,-2,-2,-2,-2,0.676923077,0.48,-2,-2,-2,0.53069307,0.687077534,0.706072874,0.703030303,0.708757638,0.704646465,0.72231405,0.719517102,0.722222222,0.725955734,0.7375,0.668468469,0.653164557,0.70952381,0.70712831,-2,0.720634921,0.701587302,-2,0.476190476,0.695495495,0.507936508,-2,-2,-2,-2,0.708141962,-2,-2,-2,-2,-2,0.709565218VEN,0.254613936,0.411940298,0.714340344,0.615384615,0.712761021,0.701694915,0.753757226,0.762476548,0.751238095,-2,0.696949153,-2,-2,-2,-2,0.749348231,-2,0.56,0.67386609,0.676252723,0.645824411,0.6984375,0.738342967,0.736507937,-2,0.739278938,0.740856031,0.753470919,0.765543071,0.706692161,0.723809524,0.654320988,0.689820359,0.712476008,0.665877712,0.327819549,0.493680298,0.466914498,0.377695167,0.39329609,0.304477612,-2,-2,-2,0.588059702,-2,0.516945996,0.344981413,0.529831145,0.531343283,0.510986965,-2,-2,0.4,-2,0.765432098,0.611952191,-2,-2,-2,0.734450652,-2,-2,0.599626168,0.74488189,0.509363296,-2,0.696324952,0.505027933,-2,-2,-2,0.50597015,0.505027933,-2,-2,-2,0.60669145,0.539776952,0.517472119,0.477902622,0.51969697,0.720199502,0.705982906,0.713375796,0.707598784,0.737055838,0.740909091,0.740571429,0.717575758,0.706903353,0.739417476,0.69076923,0.725,0.730885529,0.733471934,0.743307086,0.745631068,0.743403442,0.747467167,0.742967245,0.710588235,0.665486726,0.72537961,0.680962801,0.713346228,0.720467836,0.7421875,0.72945591,0.745966229,0.748235294,0.744226579,0.755294118,0.722580645,-2,0.693641618,0.700429185,0.738461538,0.697674418,0.567567567,-2,-2,0.712840467,0.734056399,0.709197652,0.733459358,0.721766562,0.742372882,0.692307692,0.709578544,0.699236642,0.735700934,0.740677966,0.746558705,-2,0.728429423,0.668431002,0.714170041,0.734328358,0.699236642,0.719617225,0.723371647,0.339503386,0.714115308,0.708064516,0.75625,0.748679246,0.741899442,0.749328215,0.716824197,0.673603083,-2,-2,-2,-2,-2,0.700970874,0.508818011,-2,-2,-2,0.504089219,0.704477612,0.725475285,0.730170778,0.737164751,0.690909091,0.754598826,0.735216573,0.719553073,0.719848771,0.755140187,0.707296138,0.693023256,0.722532589,0.702290076,-2,0.729981378,0.72104283,-2,0.467783985,0.706382978,0.491620112,-2,-2,-2,-2,0.70625,-2,-2,-2,-2,-2,0.705882353GUY,0.244402277,0.393984962,0.687719298,0.666666666,0.696055685,0.659322034,0.767692308,0.768301886,0.758139535,-2,0.7395189,-2,-2,-2,-2,0.737996219,-2,0.528725702,0.640692641,0.634782609,0.64989339,0.663796478,0.720930233,0.708617234,0.739278938,-2,0.706432749,0.74264151,0.73509434,0.705973025,0.687775551,0.603039514,0.662903226,0.696124031,0.634205231,0.303030303,0.468913858,0.443445693,0.356554307,0.372232646,0.275706214,-2,-2,-2,0.578947369,-2,0.513320826,0.328089888,0.561058601,0.508270677,0.546341463,-2,-2,0.3700374