1981,USA,CAN,BHS,CUB,HTI,DOM,JAM,TTO,BRB,DMA,GRD,LCA,VCT,ATG,KNA,MEX,BLZ,GTM,HND,SLV,NIC,CRI,PAN,COL,VEN,GUY,SUR,ECU,PER,BRA,BOL,PRY,CHL,ARG,URY,GBR,IRL,NLD,BEL,LUX,FRA,MCO,LIE,CHE,ESP,AND,PRT,DEU,POL,AUT,HUN,CZE,SVK,ITA,SMR,MLT,ALB,MNE,MKD,HRV,SRB,BIH,SVN,GRC,CYP,BGR,MDA,ROU,RUS,EST,LVA,LTU,UKR,BLR,ARM,GEO,AZE,FIN,SWE,NOR,DNK,ISL,CPV,STP,GNB,GNQ,GMB,MLI,SEN,BEN,MRT,NER,CIV,GIN,BFA,LBR,SLE,GHA,TGO,CMR,NGA,GAB,CAF,TCD,COG,COD,UGA,KEN,TZA,BDI,RWA,SOM,DJI,ETH,ERI,AGO,MOZ,ZMB,ZWE,MWI,ZAF,NAM,LSO,BWA,SWZ,MDG,COM,MUS,SYC,MAR,DZA,TUN,LBY,SDN,SSD,IRN,TUR,IRQ,EGY,SYR,LBN,JOR,ISR,SAU,YEM,KWT,BHR,QAT,ARE,OMN,AFG,TKM,TJK,KGZ,UZB,KAZ,CHN,MNG,TWN,PRK,KOR,JPN,IND,BTN,PAK,BGD,MMR,LKA,MDV,NPL,THA,KHM,LAO,VNM,MYS,SGP,BRN,PHL,IDN,TLS,AUS,PNG,NZL,VUT,SLB,KIR,TUV,FJI,TON,NRU,MHL,PLW,FSM,WSMUSA,-2,0.479194631,0.134642356,0.068918919,0.156089194,0.157967033,0.145251397,0.140326975,0.144866385,-2,0.18380744,0.18464351,0.149847095,0.14047619,0.273972603,0.129205922,0.149584488,0.223642173,0.189552239,0.183644189,0.093837535,0.171471927,0.133514986,0.156675749,0.147138965,0.126388889,0.13943662,0.14439946,0.142083897,0.153846154,0.141643059,0.23633157,0.199127907,0.143631436,0.172651934,0.620967742,0.287634409,0.450268817,0.491935484,0.480431849,0.50877193,-2,-2,-2,0.31409396,-2,0.400537634,0.432795699,0.118438762,0.241935484,0.110363392,-2,-2,0.455645161,-2,0.143478261,0.044568245,-2,-2,-2,0.118438762,-2,-2,0.212365591,0.115702479,0.112010796,-2,0.108635097,0.112903226,-2,-2,-2,0.113513514,0.110215054,-2,-2,-2,0.224764468,0.258411844,0.365591398,0.358389262,0.36473755,0.086567164,0.084795322,0.109907121,0.135440181,0.128978224,0.119241192,0.148148148,0.085399449,0.144414169,0.1418637,0.162624822,0.12745098,0.127747253,0.163380282,0.132049519,0.137931034,0.149797571,0.147790055,0.141112619,0.152263374,0.149773071,0.143835616,0.099037139,0.154727794,0.121418827,0.142857143,0.111724138,0.140730717,0.148459384,0.152974504,0.127536232,0.088520055,-2,0.077961019,0.069900143,0.13172043,0.11732852,0.175595238,-2,-2,0.143906021,0.139356815,0.152877698,0.099455041,0.142493639,0.133333333,0.073732719,0.166435506,0.070441989,0.147496617,0.081196581,0.147496617,-2,0.1089838,0.304465494,0.096551724,0.144204852,0.080892608,0.13909224,0.131868132,0.604976672,0.133058985,0.101838755,0.121715076,0.12244898,0.12295082,0.125511596,0.134246575,0.072625698,-2,-2,-2,-2,-2,0.148040639,0.099585062,-2,-2,-2,0.393001346,0.114247312,0.120665742,0.159459459,0.147297297,0.130617978,0.133964817,0.126027397,0.143437077,0.150684932,0.1609375,0.066273932,0.070503597,0.151351351,0.160116448,0.134020619,0.168289291,0.153324288,-2,0.358870968,0.151382824,0.375,0.117533719,0.203488372,-2,-2,0.14324693,-2,-2,-2,-2,-2,0.168067227CAN,0.479194631,-2,0.417015342,0.311740891,0.400340716,0.426229508,0.456944444,0.409214092,0.440392707,-2,0.424836601,0.44646098,0.427272727,0.380614657,0.534246575,0.388219545,0.406077348,0.473015873,0.450892857,0.440798859,0.358938547,0.467571644,0.40027137,0.433423913,0.398373984,0.400552486,0.403361345,0.402422611,0.394347241,0.382749326,0.408450704,0.529100529,0.474600871,0.381596752,0.444137931,0.738255034,0.693850267,0.817449664,0.84966443,0.848322148,0.783018868,-2,-2,-2,0.658176944,-2,0.766042781,0.704697987,0.298387097,0.614973262,0.287634409,-2,-2,0.836241611,-2,0.437229437,0.343490305,-2,-2,-2,0.390896921,-2,-2,0.534228188,0.391780822,0.287061995,-2,0.361495845,0.289932886,-2,-2,-2,0.28879892,0.288590604,-2,-2,-2,0.626344086,0.654569892,0.804026846,0.77613941,0.788978495,0.360534125,0.379360465,0.392307692,0.393736018,0.415973378,0.398921833,0.436562074,0.363013699,0.426829268,0.417704011,0.464488636,0.398328691,0.401639344,0.43977591,0.418604651,0.412894376,0.430872483,0.416208791,0.41025641,0.413369714,0.421052632,0.41280654,0.369357045,0.433048433,0.39348711,0.430311231,0.38957476,0.415881561,0.428969359,0.430985915,0.42074928,0.365887208,-2,0.333830104,0.343262411,0.409090909,0.385304659,0.485207101,-2,-2,0.439416058,0.432267884,0.480357143,0.37398374,0.395465995,0.425141243,0.352534562,0.421270718,0.350274725,0.425302826,0.361189802,0.429340511,-2,0.39238653,0.566621803,0.373113855,0.414209115,0.350486787,0.404657933,0.403005464,0.568322981,0.418826739,0.362869198,0.408528198,0.411366712,0.408967391,0.407055631,0.403269755,0.306834031,-2,-2,-2,-2,-2,0.418470418,0.294198895,-2,-2,-2,0.75,0.351206434,0.384827586,0.403225806,0.408602151,0.427374302,0.405114401,0.403269755,0.423956931,0.422343324,0.461180124,0.313235294,0.305595409,0.412634409,0.441389291,0.414965986,0.423822715,0.395411606,-2,0.804026846,0.440406977,0.810738255,0.406130268,0.536023055,-2,-2,0.440976934,-2,-2,-2,-2,-2,0.498322148BHS,0.134642356,0.417015342,-2,0.733427362,0.84929078,0.851851852,0.859623734,0.86562942,0.868228404,-2,0.702222222,0.876155268,0.887195122,0.801909308,0.780821918,0.805594406,0.858356941,0.740680713,0.857805255,0.841246291,0.800582242,0.828346457,0.837340877,0.862411348,0.835694051,0.81556196,0.885007278,0.862165963,0.856942496,0.836619718,0.858615611,0.78119349,0.833585477,0.81779661,0.857142857,0.3085554,0.597765363,0.454417952,0.389901823,0.392458101,0.366197183,-2,-2,-2,0.599439776,-2,0.519553073,0.423562412,0.671348315,0.655027933,0.659186536,-2,-2,0.405329593,-2,0.859939759,0.818452381,-2,-2,-2,0.836820084,-2,-2,0.709677419,0.82832618,0.65915493,-2,0.791606368,0.657784011,-2,-2,-2,0.656821378,0.656381487,-2,-2,-2,0.633426966,0.646563815,0.546984572,0.551820728,0.54494382,0.812785388,0.832072617,0.824367089,0.846867749,0.84137931,0.806179775,0.849002849,0.805714286,0.842776204,0.86002886,0.82111437,0.828571429,0.83286119,0.846938776,0.837837838,0.824034335,0.834502104,0.853448276,0.830985915,0.857954545,0.848580442,0.863247863,0.804285714,0.869047619,0.801699717,0.827683616,0.808297568,0.835443038,0.84179971,0.857352941,0.872563718,0.802008608,-2,0.792366412,0.793510324,0.81424581,0.815498155,0.714506173,-2,-2,0.815868263,0.805379747,0.830291971,0.81920904,0.849206349,0.849779087,0.774881517,0.850359712,0.803724928,0.839662447,0.805596465,0.860759494,-2,0.823170732,0.694796062,0.788268956,0.865546218,0.789244186,0.830045524,0.836415363,0.301458671,0.82168331,0.816176471,0.829268293,0.81920904,0.826950355,0.822946176,0.859174964,0.73255814,-2,-2,-2,-2,-2,0.849170437,0.673381295,-2,-2,-2,0.490168539,0.771708683,0.867625899,0.834269663,0.854341737,0.886792453,0.855337079,0.848011364,0.874824191,0.87197724,0.901294498,0.731595092,0.729041916,0.860955056,0.895612708,0.834507042,0.865217391,0.829577465,-2,0.510518934,0.856060606,0.495091164,0.833992095,0.832826748,-2,-2,0.868644068,-2,-2,-2,-2,-2,0.871304348CUB,0.068918919,0.311740891,0.733427362,-2,0.754716981,0.756906077,0.769662921,0.823287671,0.797736917,-2,0.735682819,0.720588235,0.718654434,0.788095238,0.520547945,0.870094723,0.767313019,0.615755627,0.74024024,0.790764791,0.925561798,0.764885496,0.829903978,0.769863014,0.831506849,0.874476987,0.835694051,0.815468114,0.820408163,0.789687924,0.834757835,0.597864769,0.724087591,0.833787466,0.7625,0.224324324,0.475675676,0.333783784,0.289189189,0.294436906,0.306648575,-2,-2,-2,0.492577598,-2,0.428378378,0.394594595,0.883626522,0.525675676,0.889039242,-2,-2,0.309459459,-2,0.870072993,0.961002786,-2,-2,-2,0.870094723,-2,-2,0.655405405,0.880886427,0.89009498,-2,0.853146853,0.891891892,-2,-2,-2,0.891304348,0.891891892,-2,-2,-2,0.548037889,0.51150203,0.413513514,0.426450742,0.412719892,0.896706587,0.927941176,0.881804044,0.835585586,0.873524452,0.88147139,0.834482759,0.908587258,0.856164384,0.822377622,0.684361549,0.874647887,0.856353591,0.760623229,0.847856155,0.850208044,0.856173677,0.8125,0.85675307,0.820689655,0.812785388,0.812672176,0.903181189,0.731988473,0.87654321,0.85499316,0.876560333,0.863945578,0.850704225,0.806267806,0.857142857,0.913769124,-2,0.936651584,0.958393113,0.875675676,0.894736842,0.612275449,-2,-2,0.830132939,0.852307692,0.75,0.9,0.826086957,0.862019915,0.944700461,0.813110181,0.906944444,0.848979592,0.935530086,0.820408163,-2,0.911111111,0.627210884,0.877947295,0.823848238,0.927068724,0.814705882,0.841160221,0.161189358,0.824827586,0.873399716,0.870653686,0.856361149,0.85989011,0.858710562,0.820936639,0.966339411,-2,-2,-2,-2,-2,0.794160584,0.910987483,-2,-2,-2,0.351826793,0.845945946,0.835425384,0.827445652,0.824728261,0.758474576,0.824489796,0.838842975,0.789115646,0.818181818,0.817610063,0.973529412,0.966906475,0.819293478,0.7715959,0.824742268,0.784615385,0.855388813,-2,0.382432432,0.786237189,0.37972973,0.889534884,0.65497076,-2,-2,0.757201646,-2,-2,-2,-2,-2,0.759729272HTI,0.156089194,0.400340716,0.84929078,0.754716981,-2,0.894280763,0.865248227,0.853195164,0.865248227,-2,0.664670659,0.864332604,0.844067797,0.874015748,0.724637681,0.825938567,0.83161512,0.823874755,0.917127072,0.900900901,0.805263158,0.907692308,0.863793103,0.891566265,0.852941176,0.840206186,0.889087657,0.874570447,0.857876712,0.819587629,0.878787879,0.821266968,0.87150838,0.81865285,0.889084507,0.279109589,0.604095563,0.434931507,0.382504288,0.389078498,0.332185886,-2,-2,-2,0.553082192,-2,0.492333901,0.425385935,0.70890411,0.621805792,0.703767123,-2,-2,0.38593482,-2,0.881481481,0.856088561,-2,-2,-2,0.838160136,-2,-2,0.691252144,0.829525483,0.705679862,-2,0.825396825,0.705479452,-2,-2,-2,0.704974271,0.703767123,-2,-2,-2,0.632302405,0.629502573,0.511986301,0.532534247,0.513745704,0.826887661,0.849541284,0.850194553,0.869451697,0.859611231,0.842735043,0.862129145,0.816151203,0.868739206,0.851468048,0.822141561,0.851657941,0.826388889,0.857142857,0.849740933,0.846551724,0.864726027,0.855379189,0.844444444,0.866782007,0.869649805,0.854419411,0.810434783,0.856102004,0.824742268,0.847079038,0.831010453,0.861063465,0.870337478,0.853309481,0.89435337,0.805944056,-2,0.798507463,0.790035587,0.832764505,0.827272727,0.707456979,-2,-2,0.808550186,0.837121212,0.835616438,0.816466552,0.883076923,0.864042934,0.785714286,0.877659574,0.816753927,0.855421687,0.826785714,0.862778731,-2,0.852994555,0.651801029,0.829565217,0.853242321,0.813953488,0.842105263,0.83041958,0.288888889,0.815517241,0.843806104,0.843859649,0.829310345,0.837088388,0.834196891,0.848432056,0.757894737,-2,-2,-2,-2,-2,0.81598513,0.715532286,-2,-2,-2,0.481164384,0.757264957,0.846289753,0.871575342,0.864957265,0.839857651,0.848797251,0.855917667,0.866438356,0.85467128,0.878968254,0.75,0.752669039,0.840753425,0.848428835,0.865900383,0.869026549,0.864027539,-2,0.511149228,0.871086556,0.492281304,0.862232779,0.823529412,-2,-2,0.857632933,-2,-2,-2,-2,-2,0.862660944DOM,0.157967033,0.426229508,0.851851852,0.756906077,0.894280763,-2,0.887943262,0.879834254,0.874105866,-2,0.665929204,0.883116883,0.865443425,0.869249395,0.736111111,0.844049248,0.868715084,0.830618893,0.895454545,0.887591241,0.824786325,0.892141757,0.891666667,0.906944444,0.876560333,0.857344633,0.894436519,0.893939394,0.879120879,0.809917355,0.903597122,0.799283154,0.869436202,0.83264177,0.883098592,0.318681319,0.614227086,0.456790123,0.409340659,0.40877915,0.376033058,-2,-2,-2,0.577503429,-2,0.519835841,0.457417582,0.694635488,0.643442623,0.682692308,-2,-2,0.413461538,-2,0.880177515,0.791428571,-2,-2,-2,0.839726027,-2,-2,0.711538462,0.845938375,0.682758621,-2,0.821276596,0.682692308,-2,-2,-2,0.683701657,0.681318681,-2,-2,-2,0.656121045,0.65474553,0.533607682,0.551440329,0.535714286,0.840909091,0.860946746,0.850863422,0.899543379,0.864864865,0.849655172,0.866108787,0.832635983,0.871012483,0.874115983,0.8287373,0.873937677,0.868898187,0.881597718,0.867688022,0.854137447,0.879120879,0.866573034,0.866391185,0.878661088,0.87250384,0.867503487,0.830769231,0.858600583,0.844444444,0.870165746,0.83988764,0.872252747,0.879089616,0.863112392,0.897058824,0.830769231,-2,0.813636364,0.81186686,0.853625171,0.846153846,0.745839637,-2,-2,0.851190476,0.862229102,0.847272727,0.835180055,0.881136951,0.874458874,0.805164319,0.86440678,0.821879383,0.869146006,0.842939481,0.878954608,-2,0.868852459,0.668044077,0.837535014,0.883561644,0.818181818,0.842026826,0.868531469,0.275477707,0.843793584,0.851798561,0.864978903,0.857538036,0.865090403,0.85852982,0.866295265,0.756028369,-2,-2,-2,-2,-2,0.821533923,0.700141443,-2,-2,-2,0.49382716,0.780821918,0.856135402,0.851444292,0.860082305,0.85042735,0.859697387,0.866666667,0.873452545,0.878998609,0.89047619,0.758258258,0.755490483,0.869684499,0.874446086,0.899305556,0.871468927,0.855172414,-2,0.520604396,0.893175074,0.5,0.890196078,0.833827893,-2,-2,0.877947295,-2,-2,-2,-2,-2,0.882758621JAM,0.145251397,0.456944444,0.859623734,0.769662921,0.865248227,0.887943262,-2,0.887323944,0.902616279,-2,0.700223714,0.875471698,0.86984127,0.898765432,0.823529412,0.866481224,0.870786517,0.801980198,0.880804954,0.878518519,0.843930636,0.87675507,0.884180791,0.896892655,0.885754584,0.877873563,0.877729258,0.886554622,0.883916084,0.820728291,0.894273128,0.788321168,0.862329803,0.835443038,0.872492837,0.324022346,0.632823366,0.482566248,0.430167598,0.433936022,0.390756303,-2,-2,-2,0.610878661,-2,0.545201669,0.462290503,0.707692308,0.655555556,0.697902098,-2,-2,0.434357542,-2,0.894658754,0.803418803,-2,-2,-2,0.865277778,-2,-2,0.730446927,0.867332382,0.692847125,-2,0.825396825,0.694134078,-2,-2,-2,0.693277311,0.695530726,-2,-2,-2,0.676923077,0.66013986,0.559274756,0.570432357,0.560839161,0.856923077,0.874626866,0.868878357,0.896955504,0.887563884,0.874125874,0.891089109,0.85248227,0.901685393,0.879136691,0.806213018,0.88023088,0.867897727,0.863570392,0.896306818,0.881934566,0.893854749,0.88034188,0.87657784,0.879773692,0.883359253,0.871104816,0.848011364,0.849925706,0.867231638,0.896067416,0.875,0.889355742,0.897546898,0.872434018,0.901492537,0.841201717,-2,0.829984544,0.83113069,0.870653686,0.869402985,0.746543779,-2,-2,0.866666667,0.866666667,0.856617647,0.852112676,0.865284974,0.897360704,0.831325301,0.865522175,0.844285714,0.889355742,0.862170088,0.881284916,-2,0.884848485,0.68907563,0.856125356,0.888579387,0.834782609,0.84871407,0.870554765,0.284789644,0.87553041,0.85007278,0.888730385,0.880617978,0.881523272,0.885754584,0.869688385,0.770682148,-2,-2,-2,-2,-2,0.820627803,0.713055954,-2,-2,-2,0.486713287,0.782729805,0.872492837,0.864335664,0.884078212,0.853835022,0.875698324,0.881355932,0.898044693,0.898161245,0.881516588,0.773700306,0.76980568,0.864714086,0.888226528,0.888489209,0.867142857,0.85252809,-2,0.539748954,0.894736842,0.522346369,0.927165354,0.82111437,-2,-2,0.885915493,-2,-2,-2,-2,-2,0.896672504TTO,0.140326975,0.409214092,0.86562942,0.823287671,0.853195164,0.879834254,0.887323944,-2,0.909219858,-2,0.728476821,0.872928177,0.86809816,0.901678657,0.742857143,0.919836957,0.904494382,0.753225806,0.87518797,0.907514451,0.903546099,0.872894334,0.94214876,0.906336088,0.914718019,0.934081346,0.953191489,0.946721311,0.939972715,0.861833105,0.932857143,0.746428571,0.850439883,0.866758242,0.86993007,0.288828338,0.588873813,0.429155313,0.377384196,0.376021798,0.343365253,-2,-2,-2,0.59047619,-2,0.519674355,0.448228883,0.761255116,0.613297151,0.746594005,-2,-2,0.382833787,-2,0.950292398,0.892957746,-2,-2,-2,0.908967391,-2,-2,0.754768392,0.926490985,0.746922025,-2,0.898734177,0.750681199,-2,-2,-2,0.752054795,0.749318801,-2,-2,-2,0.654843111,0.613915416,0.509536785,0.52244898,0.514324693,0.924585219,0.937961595,0.925,0.927437642,0.923986486,0.931600547,0.928077455,0.913769124,0.942228336,0.948106592,0.808080808,0.944915254,0.922437673,0.903409091,0.938888889,0.933240612,0.944141689,0.941422594,0.935616438,0.940443213,0.926717557,0.933701657,0.905555556,0.873015873,0.929752066,0.942307692,0.926183844,0.953551913,0.934936351,0.930397727,0.951754386,0.903631285,-2,0.886535552,0.893371758,0.930800543,0.93442623,0.751879699,-2,-2,0.917037037,0.916666667,0.862815884,0.925722146,0.931122449,0.946991404,0.911214953,0.913286713,0.90237099,0.937244202,0.916546763,0.945355191,-2,0.946587537,0.729508197,0.909596662,0.949659864,0.892655367,0.930473373,0.951523546,0.266141732,0.916897507,0.932952924,0.937150838,0.931318681,0.937931034,0.936639118,0.940607735,0.824858757,-2,-2,-2,-2,-2,0.875730994,0.767180926,-2,-2,-2,0.462482947,0.844897959,0.941176471,0.914051842,0.931880109,0.876944837,0.927595628,0.934993084,0.931693989,0.953168044,0.941915228,0.837313433,0.831149927,0.942857143,0.935578331,0.948096886,0.917251052,0.923392613,-2,0.48773842,0.907216495,0.474114441,0.955078125,0.832844575,-2,-2,0.892709766,-2,-2,-2,-2,-2,0.899830221BRB,0.144866385,0.440392707,0.868228404,0.797736917,0.865248227,0.874105866,0.902616279,0.909219858,-2,-2,0.743119266,0.867674858,0.880503145,0.89382716,0.774647887,0.891853933,0.873563218,0.757475083,0.870570108,0.888888889,0.872620791,0.881329114,0.897289586,0.875,0.897435897,0.898550725,0.9,0.897038082,0.892655367,0.820874471,0.893175074,0.762340037,0.862121212,0.844192635,0.87012987,0.309423347,0.616573034,0.463483146,0.4092827,0.409859155,0.366713681,-2,-2,-2,0.603932584,-2,0.529494382,0.459915612,0.73943662,0.640953717,0.725352113,-2,-2,0.414908579,-2,0.914893617,0.847058824,-2,-2,-2,0.887482419,-2,-2,0.745428973,0.892086331,0.723163842,-2,0.844250364,0.727144866,-2,-2,-2,0.728429986,0.728551336,-2,-2,-2,0.664788732,0.63943662,0.537921348,0.546348315,0.543661972,0.8890625,0.905198777,0.902755267,0.896882494,0.897569444,0.895184136,0.909871245,0.877873563,0.917378917,0.896802326,0.8125,0.903508772,0.886657102,0.870072993,0.91130186,0.903271693,0.91819464,0.9004329,0.898016997,0.899713467,0.88170347,0.89,0.876436782,0.861607143,0.894736842,0.913597734,0.896103896,0.910891089,0.910818713,0.886930984,0.91969697,0.87716763,-2,0.870170015,0.862686567,0.89747191,0.898496241,0.731782946,-2,-2,0.886328725,0.8928,0.885553471,0.886201991,0.905263158,0.930267062,0.868932039,0.88115942,0.864357864,0.902542373,0.888226528,0.895480226,-2,0.906441718,0.687853107,0.873381295,0.898734177,0.852554745,0.866359447,0.888252149,0.271986971,0.873925501,0.86892489,0.906069364,0.893465909,0.895714286,0.898860399,0.885386819,0.798833819,-2,-2,-2,-2,-2,0.838660578,0.741702742,-2,-2,-2,0.471830986,0.813464236,0.887120116,0.879943503,0.891396333,0.849415205,0.882768362,0.889842632,0.889830508,0.904148784,0.898527005,0.804012346,0.801204819,0.887323944,0.881638847,0.876363636,0.872093023,0.880851064,-2,0.523206751,0.891729323,0.503516174,0.927419355,0.842261905,-2,-2,0.875,-2,-2,-2,-2,-2,0.904181185DMA,-2,-2,-2,-2,-2,-2,-2,-2,-2,-2,-2,-2,-2,-2,-2,-2,-2,-2,-2,-2,-2,-2,-2,-2,-2,-2,-2,-2,-2,-2,-2,-2,-2,-2,-2,-2,-2,-2,-2,-2,-2,-2,-2,-2,-2,-2,-2,-2,-2,-2,-2,-2,-2,-2,-2,-2,-2,-2,-2,-2,-2,-2,-2,-2,-2,-2,-2,-2,-2,-2,-2,-2,-2,-2,-2,-2,-2,-2,-2,-2,-2,-2,-2,-2,-2,-2,-2,-2,-2,-2,-2,-2,-2,-2,-2,-2,-2,-2,-2,-2,-2,-2,-2,-2,-2,-2,-2,-2,-2,-2,-2,-2,-2,-2,-2,-2,-2,-2,-2,-2,-2,-2,-2,-2,-2,-2,-2,-2,-2,-2,-2,-2,-2,-2,-2,-2,-2,-2,-2,-2,-2,-2,-2,-2,-2,-2,-2,-2,-2,-2,-2,-2,-2,-2,-2,-2,-2,-2,-2,-2,-2,-2,-2,-2,-2,-2,-2,-2,-2,-2,-2,-2,-2,-2,-2,-2,-2,-2,-2,-2,-2,-2,-2,-2,-2,-2,-2,-2,-2,-2,-2,-2,-2,-2GRD,0.18380744,0.424836601,0.702222222,0.735682819,0.664670659,0.665929204,0.700223714,0.728476821,0.743119266,-2,-2,0.725490196,0.572222222,0.655052265,0.703703704,0.733624454,0.769230769,0.502564103,0.687041565,0.714285714,0.746575342,0.744303797,0.745054945,0.695364238,0.717777778,0.727688787,0.733333333,0.721491228,0.705240175,0.67833698,0.725995316,0.624633431,0.666666667,0.672566372,0.667420814,0.336980306,0.541484716,0.475982533,0.43107221,0.430131004,0.388157895,-2,-2,-2,0.563318777,-2,0.519650655,0.408296943,0.665207877,0.572984749,0.665207877,-2,-2,0.428884026,-2,0.762790698,0.736842105,-2,-2,-2,0.729847495,-2,-2,0.619256018,0.741071429,0.667400881,-2,0.71719457,0.673960613,-2,-2,-2,0.673245614,0.669584245,-2,-2,-2,0.581140351,0.561403509,0.513100437,0.504366812,0.510917031,0.742718447,0.782201405,0.735576923,0.60546875,0.772117962,0.738461538,0.732739421,0.749440716,0.742222222,0.710344828,0.671296296,0.744394619,0.707589286,0.717488789,0.752759382,0.739910314,0.743421053,0.737306843,0.732891832,0.709534368,0.697247706,0.730512249,0.747203579,0.690744921,0.749445676,0.751662971,0.726057906,0.748358862,0.749440716,0.711316397,0.736470588,0.767857143,-2,0.778313253,0.769585253,0.742358079,0.736196319,0.600997506,-2,-2,0.713615023,0.701799486,0.708955224,0.76,0.671052632,0.754060325,0.751724138,0.709459459,0.734831461,0.714285714,0.75862069,0.717724289,-2,0.784172662,0.601321586,0.738255034,0.713347921,0.75,0.674757282,0.74049217,0.310606061,0.695555556,0.764705882,0.739910314,0.738938053,0.739420935,0.737777778,0.720620843,0.714932127,-2,-2,-2,-2,-2,0.696172249,0.674832962,-2,-2,-2,0.456331878,0.689956332,0.73015873,0.704595186,0.711159737,0.656036446,0.712087912,0.728285078,0.702407002,0.726057906,0.718274112,0.72,0.718894009,0.713973799,0.688836105,0.452702703,0.71011236,0.719298246,-2,0.4595186,0.730952381,0.465065502,0.761363636,0.730627306,-2,-2,0.682222222,-2,-2,-2,-2,-2,0.697201018LCA,0.18464351,0.44646098,0.876155268,0.720588235,0.864332604,0.883116883,0.875471698,0.872928177,0.867674858,-2,0.725490196,-2,0.910652921,0.840540541,0.852941176,0.810909091,0.832061069,0.762295082,0.884393064,0.86440678,0.79472693,0.875763747,0.861623616,0.864814815,0.835489834,0.838041431,0.868421053,0.871794872,0.852189781,0.789377289,0.853333333,0.782608696,0.848722986,0.789279113,0.859813084,0.288848263,0.636363636,0.47080292,0.409506399,0.413162706,0.350458716,-2,-2,-2,0.571167883,-2,0.528130672,0.410583942,0.650822669,0.629764065,0.639853748,-2,-2,0.404021938,-2,0.876984127,0.791489362,-2,-2,-2,0.816029144,-2,-2,0.678244973,0.824953445,0.644036697,-2,0.793950851,0.645338208,-2,-2,-2,0.647058824,0.642335766,-2,-2,-2,0.644688645,0.638025594,0.562043796,0.563868613,0.571167883,0.809055118,0.841269841,0.8336714,0.853293413,0.849884527,0.829357798,0.858208955,0.800369686,0.862132353,0.864468864,0.848948375,0.843283582,0.82527881,0.894934334,0.856088561,0.838951311,0.861313869,0.87150838,0.837887067,0.864564007,0.852760736,0.88213628,0.795918367,0.883945841,0.820840951,0.857664234,0.816666667,0.853211009,0.865784499,0.869481766,0.882352941,0.798130841,-2,0.796370968,0.781007752,0.830909091,0.805825243,0.735887097,-2,-2,0.840776699,0.818930041,0.86825054,0.810313076,0.866894198,0.857965451,0.782608696,0.861423221,0.788389513,0.84587156,0.812260536,0.870201097,-2,0.853754941,0.68440367,0.808550186,0.874545455,0.792380952,0.840466926,0.86270872,0.332627119,0.839186691,0.828516378,0.853658537,0.84375,0.850277264,0.843173432,0.866171004,0.717514124,-2,-2,-2,-2,-2,0.846,0.653631285,-2,-2,-2,0.496336996,0.746812386,0.858490566,0.846435101,0.868131868,0.835538752,0.846153846,0.865313653,0.874087591,0.885819521,0.897654584,0.720792079,0.719298246,0.865454545,0.885601578,0.861751152,0.879245283,0.836397059,-2,0.541133455,0.868787276,0.515539305,0.849282297,0.869888476,-2,-2,0.879562044,-2,-2,-2,-2,-2,0.898419865VCT,0.149847095,0.427272727,0.887195122,0.718654434,0.844067797,0.865443425,0.86984127,0.86809816,0.880503145,-2,0.572222222,0.910652921,-2,0.864541833,0.8125,0.796352584,0.862275449,0.78,0.881410256,0.866666667,0.764705882,0.816546763,0.867692308,0.873065015,0.836923077,0.815384615,0.863492063,0.874233129,0.854103343,0.788343558,0.864516129,0.758064516,0.863787375,0.812883436,0.868338558,0.27607362,0.632218845,0.44648318,0.401840491,0.418181818,0.346625767,-2,-2,-2,0.577981651,-2,0.512121212,0.426380368,0.654434251,0.645454545,0.64,-2,-2,0.401840491,-2,0.85,0.75625,-2,-2,-2,0.793939394,-2,-2,0.736196319,0.785714286,0.647058824,-2,0.766025641,0.650306748,-2,-2,-2,0.650306748,0.644171779,-2,-2,-2,0.627692308,0.648318043,0.532110092,0.547400612,0.535168196,0.780254777,0.817567568,0.783783784,0.860082305,0.833935018,0.803680982,0.839506173,0.771341463,0.84,0.854103343,0.827692308,0.822981366,0.798136646,0.848580442,0.853582555,0.811912226,0.840978593,0.863492063,0.817629179,0.851393189,0.820689655,0.853211009,0.774390244,0.857142857,0.787234043,0.84,0.790273556,0.846625767,0.842948718,0.834951456,0.875,0.771604938,-2,0.761245675,0.779605263,0.806060606,0.792114695,0.735973597,-2,-2,0.809968847,0.80495356,0.842105263,0.787692308,0.83030303,0.862619808,0.797029703,0.838607595,0.763975155,0.830769231,0.776357827,0.853211009,-2,0.819078947,0.676829268,0.777429467,0.869300912,0.767515924,0.835443038,0.845201238,0.312727273,0.835913313,0.797385621,0.830188679,0.824615385,0.832298137,0.820433437,0.8375,0.72755418,-2,-2,-2,-2,-2,0.820512821,0.665605096,-2,-2,-2,0.489296636,0.737804878,0.854037267,0.809815951,0.849693252,0.856697819,0.825688073,0.83030303,0.881097561,0.870769231,0.879310345,0.721854305,0.707395498,0.854103343,0.889632107,0.861538462,0.862619808,0.815384615,-2,0.533742331,0.851590106,0.509202454,0.83127572,0.795620438,-2,-2,0.893617021,-2,-2,-2,-2,-2,0.883895131ATG,0.14047619,0.380614657,0.801909308,0.788095238,0.874015748,0.869249395,0.898765432,0.901678657,0.89382716,-2,0.655052265,0.840540541,0.864541833,-2,0.75,0.883610451,0.886699507,0.759459459,0.861538462,0.885856079,0.850855746,0.876675603,0.907582938,0.892086331,0.883054893,0.892601432,0.898263027,0.916666667,0.895981087,0.823389021,0.897755611,0.738255034,0.844559585,0.85202864,0.868811881,0.233890215,0.613744076,0.398568019,0.348448687,0.352245863,0.287769784,-2,-2,-2,0.54047619,-2,0.444444444,0.376190476,0.761904762,0.599526066,0.749403341,-2,-2,0.362768496,-2,0.907651715,0.879581152,-2,-2,-2,0.888888889,-2,-2,0.723150358,0.879901961,0.754807692,-2,0.867321867,0.754176611,-2,-2,-2,0.754176611,0.751789976,-2,-2,-2,0.645933014,0.625298329,0.489260143,0.516666667,0.492857143,0.876213592,0.892388451,0.873655914,0.895306859,0.905775076,0.897374702,0.898550725,0.869879518,0.916067146,0.899761337,0.772397094,0.907090465,0.88647343,0.870098039,0.918072289,0.899755501,0.926190476,0.892086331,0.90023753,0.896882494,0.895140665,0.877697842,0.858851675,0.865384615,0.880668258,0.920673077,0.878571429,0.913669065,0.903465347,0.890862944,0.917948718,0.86097561,-2,0.847150259,0.851758794,0.893364929,0.917142857,0.696,-2,-2,0.884130982,0.892388451,0.842406877,0.870192308,0.888888889,0.915841584,0.877697842,0.891358025,0.866180049,0.911483254,0.884711779,0.9,-2,0.906493506,0.642004773,0.875609756,0.902612827,0.8675,0.870886076,0.908653846,0.282913165,0.887019231,0.895140665,0.911111111,0.908653846,0.913043478,0.90821256,0.900243309,0.799019608,-2,-2,-2,-2,-2,0.81865285,0.767726161,-2,-2,-2,0.433014354,0.773809524,0.883663366,0.895486936,0.90736342,0.841584158,0.892857143,0.884892086,0.893111639,0.905797101,0.904494382,0.795454545,0.791044776,0.89047619,0.888020833,0.876847291,0.868159204,0.892344498,-2,0.489260143,0.927807487,0.452380952,0.920972644,0.820754717,-2,-2,0.894484412,-2,-2,-2,-2,-2,0.903409091KNA,0.273972603,0.534246575,0.780821918,0.520547945,0.724637681,0.736111111,0.823529412,0.742857143,0.774647887,-2,0.703703704,0.852941176,0.8125,0.75,-2,0.643835616,0.838709677,0.728571429,0.788732394,0.708333333,0.547945205,0.75,0.767123288,0.763888889,0.680555556,0.647887324,0.708333333,0.726027397,0.739726027,0.638888889,0.710144928,0.716666667,0.720588235,0.671232877,0.718309859,0.369863014,0.575342466,0.493150685,0.493150685,0.520547945,0.438356164,-2,-2,-2,0.520547945,-2,0.575342466,0.506849315,0.479452055,0.616438356,0.486111111,-2,-2,0.479452055,-2,0.720588235,0.64516129,-2,-2,-2,0.630136986,-2,-2,0.643835616,0.591549296,0.492957746,-2,0.642857143,0.5,-2,-2,-2,0.5,0.486111111,-2,-2,-2,0.577464789,0.616438356,0.575342466,0.561643836,0.561643836,0.616438356,0.682539683,0.647887324,0.722222222,0.725,0.616438356,0.712328767,0.575342466,0.7,0.726027397,0.712328767,0.685714286,0.602739726,0.726027397,0.753424658,0.630136986,0.694444444,0.707692308,0.657534247,0.726027397,0.710144928,0.736111111,0.575342466,0.75,0.616438356,0.732394366,0.602739726,0.680555556,0.698630137,0.732394366,0.734375,0.527777778,-2,0.542857143,0.634920635,0.602739726,0.666666667,0.614285714,-2,-2,0.657534247,0.671232877,0.723076923,0.579710145,0.7,0.694444444,0.566666667,0.723076923,0.549295775,0.661971831,0.6,0.742857143,-2,0.671641791,0.671232877,0.608695652,0.722222222,0.606060606,0.671428571,0.710144928,0.424242424,0.676056338,0.637681159,0.647058824,0.666666667,0.666666667,0.68115942,0.7,0.529411765,-2,-2,-2,-2,-2,0.685714286,0.486111111,-2,-2,-2,0.506849315,0.589041096,0.75,0.694444444,0.722222222,0.712328767,0.698630137,0.726027397,0.739726027,0.739726027,0.776119403,0.536231884,0.529411765,0.75,0.784615385,0.769230769,0.779411765,0.652777778,-2,0.534246575,0.736111111,0.547945205,0.74137931,0.736842105,-2,-2,0.777777778,-2,-2,-2,-2,-2,0.742857143MEX,0.129205922,0.388219545,0.805594406,0.870094723,0.825938567,0.844049248,0.866481224,0.919836957,0.891853933,-2,0.733624454,0.810909091,0.796352584,0.883610451,0.643835616,-2,0.844875346,0.717011129,0.8390462,0.881258941,0.958041958,0.85347432,0.931972789,0.869209809,0.940217391,0.939058172,0.910238429,0.909581646,0.917678812,0.86099865,0.915254237,0.700176367,0.834061135,0.89687924,0.858921162,0.278600269,0.568364611,0.415322581,0.363391655,0.363391655,0.349527665,-2,-2,-2,0.581989247,-2,0.504021448,0.442799462,0.80458221,0.605087015,0.791105121,-2,-2,0.372812921,-2,0.94934877,0.927777778,-2,-2,-2,0.944966443,-2,-2,0.746971736,0.956043956,0.793243243,-2,0.894444444,0.795423957,-2,-2,-2,0.797023004,0.794078062,-2,-2,-2,0.648247978,0.591644205,0.490591398,0.504032258,0.495956873,0.952380952,0.957787482,0.94761171,0.896860987,0.940099834,0.944594595,0.915184679,0.9478738,0.938858696,0.897364771,0.756756757,0.947001395,0.924657534,0.842917251,0.932876712,0.93543956,0.940780619,0.900962861,0.928378378,0.898907104,0.890060241,0.890710383,0.936899863,0.822857143,0.961904762,0.93902439,0.953232462,0.946018893,0.933054393,0.894067797,0.924855491,0.931129477,-2,0.931343284,0.934566145,0.938337802,0.958707361,0.697777778,-2,-2,0.907894737,0.922137405,0.835420394,0.95923913,0.904040404,0.934936351,0.939953811,0.891966759,0.939393939,0.929824561,0.944602273,0.901617251,-2,0.958883994,0.688259109,0.932692308,0.90738255,0.907949791,0.899270073,0.926027397,0.239875389,0.903005464,0.922535211,0.947658402,0.936314363,0.940054496,0.942934783,0.904371585,0.87150838,-2,-2,-2,-2,-2,0.856729378,0.813019391,-2,-2,-2,0.42722372,0.880536913,0.903314917,0.898921833,0.901617251,0.830769231,0.905533063,0.900409277,0.874663073,0.901639344,0.898753894,0.883480826,0.874820144,0.896366083,0.871014493,0.880546075,0.872399445,0.917456022,-2,0.464333782,0.880640466,0.458950202,0.961612284,0.771676301,-2,-2,0.835597826,-2,-2,-2,-2,-2,0.856902357BLZ,0.149584488,0.406077348,0.858356941,0.767313019,0.83161512,0.868715084,0.870786517,0.904494382,0.873563218,-2,0.769230769,0.832061069,0.862275449,0.886699507,0.838709677,0.844875346,-2,0.753333333,0.850152905,0.875362319,0.827683616,0.853731343,0.898305085,0.891061453,0.869688385,0.856741573,0.894886364,0.897506925,0.892265193,0.856353591,0.900874636,0.743772242,0.842424242,0.854341737,0.838440111,0.299168975,0.570637119,0.419889503,0.382271468,0.387811634,0.35734072,-2,-2,-2,0.566298343,-2,0.516574586,0.459833795,0.709141274,0.624309392,0.695290859,-2,-2,0.386740331,-2,0.866071429,0.805263158,-2,-2,-2,0.859116022,-2,-2,0.718232044,0.854285714,0.7,-2,0.828488372,0.703601108,-2,-2,-2,0.703601108,0.698060942,-2,-2,-2,0.599447514,0.614958449,0.491712707,0.508287293,0.501385042,0.822485207,0.851632047,0.823529412,0.888392857,0.865443425,0.851955307,0.850282486,0.836619718,0.861111111,0.889534884,0.810734463,0.871428571,0.857541899,0.873900293,0.869688385,0.861495845,0.877777778,0.893557423,0.861111111,0.898016997,0.890282132,0.882022472,0.826815642,0.850609756,0.83933518,0.877094972,0.836111111,0.877094972,0.872881356,0.864705882,0.90797546,0.840909091,-2,0.806547619,0.822485207,0.850828729,0.833898305,0.767908309,-2,-2,0.834375,0.849557522,0.84063745,0.851123596,0.890243902,0.882857143,0.804651163,0.867435159,0.83286119,0.871866295,0.825581395,0.883977901,-2,0.862275449,0.713091922,0.821022727,0.897790055,0.809116809,0.837681159,0.892655367,0.275,0.846796657,0.868421053,0.855524079,0.849582173,0.861971831,0.851955307,0.907042254,0.777464789,-2,-2,-2,-2,-2,0.832352941,0.713467049,-2,-2,-2,0.477777778,0.776243094,0.891117479,0.858333333,0.866295265,0.869318182,0.883977901,0.863509749,0.891966759,0.899441341,0.893081761,0.75975976,0.767647059,0.885793872,0.894117647,0.843283582,0.858356941,0.8767507,-2,0.508287293,0.880222841,0.487534626,0.88172043,0.832298137,-2,-2,0.910364146,-2,-2,-2,-2,-2,0.864541833GTM,0.223642173,0.473015873,0.740680713,0.615755627,0.823874755,0.830618893,0.801980198,0.753225806,0.757475083,-2,0.502564103,0.762295082,0.78,0.759459459,0.728571429,0.717011129,0.753333333,-2,0.857142857,0.82996633,0.695364238,0.817531306,0.765273312,0.802907916,0.762903226,0.73476112,0.784768212,0.765175719,0.764423077,0.709935897,0.807370184,0.853465347,0.841567291,0.724193548,0.837438424,0.332268371,0.643879173,0.475279107,0.42971246,0.426751592,0.381410256,-2,-2,-2,0.558213716,-2,0.505564388,0.463258786,0.5472,0.671428571,0.53514377,-2,-2,0.432216906,-2,0.774526678,0.570895522,-2,-2,-2,0.726984127,-2,-2,0.68370607,0.723856209,0.53525641,-2,0.685950413,0.538338658,-2,-2,-2,0.536858974,0.535885167,-2,-2,-2,0.6656,0.664,0.562998405,0.583732057,0.571884984,0.714535902,0.724137931,0.723826715,0.844327177,0.754065041,0.7296,0.767100977,0.706840391,0.757673667,0.767213115,0.78202995,0.75,0.748376623,0.791118421,0.752845528,0.74554295,0.769968051,0.747557003,0.749598716,0.778317152,0.786738351,0.765273312,0.702922078,0.784148398,0.722311396,0.759229535,0.725490196,0.754807692,0.771381579,0.784511785,0.804123711,0.701639344,-2,0.680776014,0.677364865,0.73608903,0.729787234,0.765541741,-2,-2,0.755932203,0.755027422,0.77892562,0.715434084,0.782874618,0.757166948,0.636363636,0.806239737,0.698360656,0.767628205,0.712121212,0.7776,-2,0.739054291,0.591346154,0.714052288,0.767515924,0.694859038,0.773584906,0.746753247,0.351449275,0.75566343,0.727731092,0.748366013,0.736334405,0.741518578,0.734726688,0.756888169,0.611295681,-2,-2,-2,-2,-2,0.72270364,0.547540984,-2,-2,-2,0.5088,0.657643312,0.735197368,0.7728,0.7712,0.771144279,0.756410256,0.750402576,0.7744,0.777957861,0.803738318,0.602473498,0.603092784,0.75399361,0.789655172,0.874538745,0.802631579,0.762439807,-2,0.562300319,0.779690189,0.536741214,0.742528736,0.761245675,-2,-2,0.777777778,-2,-2,-2,-2,-2,0.768199234HND,0.189552239,0.450892857,0.857805255,0.74024024,0.917127072,0.895454545,0.880804954,0.87518797,0.870570108,-2,0.687041565,0.884393064,0.881410256,0.861538462,0.788732394,0.8390462,0.850152905,0.857142857,-2,0.91588785,0.817054264,0.893155259,0.877458396,0.907715582,0.86858006,0.850539291,0.900928793,0.893553223,0.877428999,0.829341317,0.897798742,0.865900383,0.904610493,0.842105263,0.922018349,0.314925373,0.643815201,0.470938897,0.41641791,0.416167665,0.369760479,-2,-2,-2,0.611028316,-2,0.535022355,0.458208955,0.67264574,0.680059524,0.659192825,-2,-2,0.414925373,-2,0.897893031,0.8,-2,-2,-2,0.843283582,-2,-2,0.731343284,0.842987805,0.661169415,-2,0.815789474,0.662686567,-2,-2,-2,0.663663664,0.659701493,-2,-2,-2,0.669656203,0.666666667,0.555886736,0.569299553,0.559701493,0.832781457,0.857835218,0.850515464,0.915384615,0.886405959,0.852631579,0.884322679,0.823170732,0.879518072,0.88,0.860759494,0.871118012,0.849315068,0.875968992,0.866057839,0.857791225,0.881736527,0.876335878,0.868065967,0.892261002,0.890756303,0.887708649,0.81969697,0.880690738,0.839879154,0.869172932,0.839449541,0.873873874,0.888717156,0.890965732,0.919614148,0.819295559,-2,0.8125,0.80221519,0.850968703,0.8336714,0.75862069,-2,-2,0.836867863,0.853492334,0.857142857,0.835098336,0.907563025,0.883830455,0.795865633,0.897081413,0.814132104,0.875375375,0.840189873,0.895366218,-2,0.86504065,0.6996997,0.833587786,0.888226528,0.815217391,0.871175523,0.870624049,0.32761578,0.848254932,0.852895149,0.866564417,0.854135338,0.860816944,0.857791225,0.876899696,0.741140216,-2,-2,-2,-2,-2,0.85,0.678955453,-2,-2,-2,0.512705531,0.786885246,0.869431644,0.886056972,0.88005997,0.865740741,0.870870871,0.870820669,0.886056972,0.890060241,0.918544194,0.745484401,0.738782051,0.882089552,0.897106109,0.911111111,0.911042945,0.881381381,-2,0.534328358,0.884430177,0.52238806,0.864978903,0.841423948,-2,-2,0.878012048,-2,-2,-2,-2,-2,0.888268156SLV,0.183644189,0.440798859,0.841246291,0.790764791,0.900900901,0.887591241,0.878518519,0.907514451,0.888888889,-2,0.714285714,0.86440678,0.866666667,0.885856079,0.708333333,0.881258941,0.875362319,0.82996633,0.91588785,-2,0.862017804,0.9024,0.903179191,0.914244186,0.913043478,0.899556869,0.920118343,0.91942446,0.910791367,0.864553314,0.935532234,0.833955224,0.918461538,0.87698987,0.917647059,0.31133429,0.625714286,0.459110473,0.398852224,0.401721664,0.366906475,-2,-2,-2,0.607449857,-2,0.534285714,0.456241033,0.721264368,0.644285714,0.709770115,-2,-2,0.403156385,-2,0.922600619,0.859813084,-2,-2,-2,0.881258941,-2,-2,0.756097561,0.88579795,0.71037464,-2,0.856296296,0.713055954,-2,-2,-2,0.714285714,0.710186514,-2,-2,-2,0.650862069,0.639367816,0.539454806,0.551575931,0.542324247,0.883280757,0.893188854,0.88852459,0.913043478,0.907142857,0.89481268,0.909489051,0.868804665,0.910274964,0.911242604,0.832317073,0.912332838,0.89244186,0.897321429,0.896802326,0.898678414,0.928263989,0.901470588,0.906340058,0.918367347,0.889967638,0.905523256,0.863173217,0.87987988,0.88422576,0.911849711,0.88483965,0.912230216,0.921013413,0.918429003,0.952526799,0.866372981,-2,0.858280255,0.84939759,0.894285714,0.891682785,0.745627981,-2,-2,0.8796875,0.892682927,0.856603774,0.877344877,0.933518006,0.912912913,0.856079404,0.940828402,0.860499266,0.916546763,0.883685801,0.931034483,-2,0.912636505,0.70647482,0.884164223,0.921203438,0.861400894,0.898461538,0.910948905,0.296721311,0.898403483,0.896240602,0.914580265,0.897398844,0.904347826,0.898550725,0.916909621,0.790178571,-2,-2,-2,-2,-2,0.855606759,0.730769231,-2,-2,-2,0.488505747,0.810888252,0.895280236,0.929698709,0.925394548,0.867756315,0.909352518,0.908430233,0.907913669,0.934687954,0.932119205,0.794348509,0.79109063,0.909482759,0.913312693,0.902173913,0.921364985,0.926512968,-2,0.509325681,0.895962733,0.507890961,0.887525562,0.84375,-2,-2,0.869375907,-2,-2,-2,-2,-2,0.89009009NIC,0.093837535,0.358938547,0.800582242,0.925561798,0.805263158,0.824786325,0.843930636,0.903546099,0.872620791,-2,0.746575342,0.79472693,0.764705882,0.850855746,0.547945205,0.958041958,0.827683616,0.695364238,0.817054264,0.862017804,-2,0.840944882,0.906647808,0.843971631,0.910638298,0.938040346,0.906705539,0.887640449,0.898591549,0.865168539,0.908823529,0.669724771,0.807575758,0.888418079,0.831896552,0.254901961,0.538461538,0.383216783,0.331932773,0.334733894,0.324438202,-2,-2,-2,0.54965035,-2,0.476923077,0.421568627,0.848527349,0.583798883,0.840112202,-2,-2,0.351048951,-2,0.947129909,0.951289398,-2,-2,-2,0.951117318,-2,-2,0.728291317,0.979942693,0.842475387,-2,0.910014514,0.843137255,-2,-2,-2,0.842696629,0.843137255,-2,-2,-2,0.626928471,0.572230014,0.468531469,0.483916084,0.471248247,0.959028832,0.967261905,0.950479233,0.880733945,0.929432014,0.952180028,0.908571429,0.973049645,0.933427762,0.892908828,0.735988201,0.945086705,0.93883357,0.828238719,0.924285714,0.931428571,0.93258427,0.889367816,0.928270042,0.890780142,0.878930818,0.883522727,0.974358974,0.802083333,0.966101695,0.93220339,0.947142857,0.94233474,0.927325581,0.886262925,0.917664671,0.961538462,-2,0.967741935,0.960468521,0.946853147,0.950276243,0.669242658,-2,-2,0.902439024,0.914826498,0.818691589,0.971751412,0.886243386,0.936578171,0.958139535,0.887445887,0.969957082,0.925352113,0.966618287,0.896067416,-2,0.962292609,0.677464789,0.941595442,0.899159664,0.945007236,0.883333333,0.921316166,0.204878049,0.899433428,0.93979442,0.948497854,0.935211268,0.939093484,0.941843972,0.898860399,0.920289855,-2,-2,-2,-2,-2,0.857571214,0.861870504,-2,-2,-2,0.399159664,0.910614525,0.914862915,0.895921238,0.900140647,0.83090379,0.902816901,0.894067797,0.862165963,0.891891892,0.885668277,0.924471299,0.925705795,0.893258427,0.850226929,0.865517241,0.858381503,0.926760563,-2,0.43977591,0.865151515,0.429971989,0.954545455,0.750769231,-2,-2,0.831205674,-2,-2,-2,-2,-2,0.841827768CRI,0.171471927,0.467571644,0.828346457,0.764885496,0.907692308,0.