1982,USA,CAN,BHS,CUB,HTI,DOM,JAM,TTO,BRB,DMA,GRD,LCA,VCT,ATG,KNA,MEX,BLZ,GTM,HND,SLV,NIC,CRI,PAN,COL,VEN,GUY,SUR,ECU,PER,BRA,BOL,PRY,CHL,ARG,URY,GBR,IRL,NLD,BEL,LUX,FRA,MCO,LIE,CHE,ESP,AND,PRT,DEU,POL,AUT,HUN,CZE,SVK,ITA,SMR,MLT,ALB,MNE,MKD,HRV,SRB,BIH,SVN,GRC,CYP,BGR,MDA,ROU,RUS,EST,LVA,LTU,UKR,BLR,ARM,GEO,AZE,FIN,SWE,NOR,DNK,ISL,CPV,STP,GNB,GNQ,GMB,MLI,SEN,BEN,MRT,NER,CIV,GIN,BFA,LBR,SLE,GHA,TGO,CMR,NGA,GAB,CAF,TCD,COG,COD,UGA,KEN,TZA,BDI,RWA,SOM,DJI,ETH,ERI,AGO,MOZ,ZMB,ZWE,MWI,ZAF,NAM,LSO,BWA,SWZ,MDG,COM,MUS,SYC,MAR,DZA,TUN,LBY,SDN,SSD,IRN,TUR,IRQ,EGY,SYR,LBN,JOR,ISR,SAU,YEM,KWT,BHR,QAT,ARE,OMN,AFG,TKM,TJK,KGZ,UZB,KAZ,CHN,MNG,TWN,PRK,KOR,JPN,IND,BTN,PAK,BGD,MMR,LKA,MDV,NPL,THA,KHM,LAO,VNM,MYS,SGP,BRN,PHL,IDN,TLS,AUS,PNG,NZL,VUT,SLB,KIR,TUV,FJI,TON,NRU,MHL,PLW,FSM,WSMUSA,-2,0.445651007,0.125217391,0.064094595,0.14516295,0.146909341,0.135083799,0.130504087,0.134725738,0.1569375,0.170940919,0.171718464,0.139357798,0.130642857,0.254794521,0.120161507,0.139113574,0.207987221,0.176283582,0.170789096,0.087268908,0.159468892,0.124168937,0.145708447,0.136839237,0.117541667,0.129676057,0.134291498,0.132138024,0.143076923,0.131728045,0.21978836,0.185188954,0.133577235,0.160566299,0.5775,0.2675,0.41875,0.4575,0.44680162,0.473157895,-2,-2,-2,0.292107383,-2,0.3725,0.4025,0.110148049,0.225,0.102637955,-2,-2,0.42375,-2,0.133434783,0.041448468,-2,-2,-2,0.110148049,-2,-2,0.1975,0.107603305,0.10417004,-2,0.10103064,0.105,-2,-2,-2,0.105567568,0.1025,-2,-2,-2,0.209030955,0.240323015,0.34,0.333302014,0.339205922,0.080507463,0.078859649,0.102213623,0.125959368,0.119949748,0.110894309,0.137777778,0.079421488,0.134305177,0.131933241,0.151241084,0.118529411,0.118804945,0.151943662,0.122806053,0.128275862,0.139311741,0.137444751,0.131234736,0.141604938,0.139288956,0.133767123,0.092104539,0.143896848,0.112919509,0.132857143,0.103903448,0.130879567,0.138067227,0.142266289,0.118608696,0.082323651,-2,0.072503748,0.065007133,0.1225,0.109115524,0.163303571,-2,-2,0.1338326,0.129601838,0.142176259,0.092493188,0.132519084,0.124,0.068571429,0.154785021,0.06551105,0.137171854,0.07551282,0.137171854,-2,0.101354934,0.283152909,0.089793103,0.134110512,0.075230125,0.129355783,0.122637363,0.562628305,0.123744856,0.094710042,0.113195021,0.113877551,0.114344263,0.116725784,0.124849315,0.067541899,-2,-2,-2,-2,-2,0.137677794,0.092614108,-2,-2,-2,0.365491252,0.10625,0.11221914,0.148297297,0.136986486,0.12147472,0.12458728,0.117205479,0.133396482,0.140136987,0.149671875,0.061634757,0.065568345,0.140756756,0.148908297,0.124639176,0.156509041,0.142591588,-2,0.33375,0.140786026,0.34875,0.109306359,0.189244186,-2,-2,0.133219645,-2,-2,-2,-2,-2,0.156302521CAN,0.445651007,-2,0.387824268,0.289919029,0.372316866,0.396393442,0.424958333,0.380569106,0.409565218,0.4243125,0.395098039,0.415208711,0.397363636,0.353971631,0.496849315,0.361044177,0.377651934,0.439904762,0.419330357,0.409942939,0.333812849,0.434841629,0.372252374,0.403084239,0.370487805,0.372513812,0.375126051,0.374253028,0.366742934,0.355956873,0.379859155,0.492063492,0.44137881,0.354884979,0.413048276,0.686577182,0.645280748,0.760228188,0.79018792,0.788939598,0.728207547,-2,-2,-2,0.612104558,-2,0.712419786,0.655369128,0.2775,0.571925134,0.2675,-2,-2,0.777704698,-2,0.406623376,0.319445984,-2,-2,-2,0.363534137,-2,-2,0.496832215,0.364356164,0.266967655,-2,0.336191136,0.269637584,-2,-2,-2,0.268582996,0.268389262,-2,-2,-2,0.5825,0.60875,0.747744967,0.721809651,0.73375,0.335296736,0.352805232,0.364846154,0.366174497,0.386855242,0.370997305,0.406002729,0.33760274,0.396951219,0.38846473,0.431974431,0.370445683,0.37352459,0.408991596,0.389302325,0.38399177,0.400711409,0.387074176,0.381538461,0.384433834,0.391578948,0.383910082,0.343502052,0.402735043,0.365943012,0.400189445,0.362304527,0.386769852,0.398941504,0.400816901,0.39129683,0.340275103,-2,0.310461997,0.319234042,0.380454545,0.358333333,0.451242604,-2,-2,0.408656934,0.402009132,0.446732143,0.347804878,0.367783375,0.395381356,0.327857143,0.391781768,0.325755494,0.395531628,0.335906516,0.399286675,-2,0.364919473,0.526958277,0.346995885,0.385214477,0.325952712,0.376331878,0.374795082,0.528540372,0.389508867,0.337468354,0.379931224,0.382571042,0.380339674,0.378561737,0.375040872,0.285355649,-2,-2,-2,-2,-2,0.389177489,0.273604972,-2,-2,-2,0.6975,0.326621984,0.357889655,0.375,0.38,0.397458101,0.376756393,0.375040872,0.394279946,0.392779291,0.428897515,0.291308823,0.28420373,0.38375,0.410492041,0.385918367,0.394155125,0.367732794,-2,0.747744967,0.409578489,0.753986577,0.377701149,0.498501441,-2,-2,0.410108549,-2,-2,-2,-2,-2,0.463439598BHS,0.125217391,0.387824268,-2,0.682087447,0.789840425,0.792222222,0.799450073,0.805035361,0.807452416,0.7730625,0.653066666,0.814824399,0.825091463,0.745775656,0.726164384,0.749202798,0.798271955,0.688833063,0.797758887,0.782359051,0.744541485,0.770362205,0.778727016,0.802042554,0.777195467,0.758472623,0.823056769,0.801814346,0.796956521,0.778056338,0.798512518,0.726509946,0.775234494,0.760550847,0.797142857,0.286956522,0.555921788,0.422608695,0.362608695,0.364986034,0.34056338,-2,-2,-2,0.557478992,-2,0.483184358,0.393913043,0.624353933,0.609175978,0.613043478,-2,-2,0.376956521,-2,0.799743976,0.761160714,-2,-2,-2,0.778242678,-2,-2,0.66,0.770343347,0.613014085,-2,0.736193922,0.61173913,-2,-2,-2,0.610843882,0.610434783,-2,-2,-2,0.589087078,0.601304348,0.508695652,0.513193277,0.506797753,0.755890411,0.773827534,0.766661393,0.787587007,0.782482758,0.749747191,0.78957265,0.749314286,0.78378187,0.79982684,0.763636364,0.770571429,0.774560907,0.787653062,0.779189189,0.766351932,0.776086957,0.793706897,0.772816901,0.797897727,0.789179811,0.802820513,0.747985714,0.808214286,0.745580737,0.769745763,0.751716738,0.776962025,0.78287373,0.797338235,0.811484258,0.745868005,-2,0.736900763,0.737964601,0.757248603,0.758413284,0.664490741,-2,-2,0.758757485,0.749003165,0.772171533,0.761864407,0.789761905,0.790294551,0.720639811,0.790834532,0.747464183,0.780886076,0.749204712,0.800506329,-2,0.765548781,0.646160338,0.733090129,0.804957983,0.733997093,0.771942337,0.777866288,0.280356564,0.764165478,0.759044118,0.771219512,0.761864407,0.76906383,0.765339944,0.799032717,0.68127907,-2,-2,-2,-2,-2,0.789728506,0.626244604,-2,-2,-2,0.455856741,0.717689075,0.806892086,0.775870787,0.794537815,0.824716981,0.795463483,0.788650569,0.813586498,0.810938833,0.838203883,0.680383436,0.678008982,0.800688202,0.832919818,0.776091549,0.804652174,0.771507042,-2,0.474782609,0.796136364,0.460434783,0.775612648,0.774528876,-2,-2,0.807838983,-2,-2,-2,-2,-2,0.810313044CUB,0.064094595,0.289919029,0.682087447,-2,0.701886792,0.703922652,0.715786517,0.765657534,0.741895333,0.596603774,0.684185022,0.670147059,0.668348624,0.732928571,0.484109589,0.809188092,0.713601108,0.572652733,0.688423423,0.735411256,0.860772472,0.711343511,0.7718107,0.715972603,0.77330137,0.813263598,0.777195467,0.758385346,0.762979592,0.734409769,0.776324787,0.556014235,0.67340146,0.775422343,0.709125,0.208621621,0.442378379,0.310418919,0.268945946,0.273826323,0.285183175,-2,-2,-2,0.458097166,-2,0.398391892,0.366972973,0.821772665,0.488878379,0.826806495,-2,-2,0.287797297,-2,0.809167883,0.893732591,-2,-2,-2,0.809188092,-2,-2,0.609527027,0.819224377,0.827788331,-2,0.793426573,0.82945946,-2,-2,-2,0.828913044,0.82945946,-2,-2,-2,0.509675237,0.475696888,0.384567568,0.39659919,0.3838295,0.833937126,0.862985294,0.820077761,0.777094595,0.81237774,0.819768393,0.776068966,0.84498615,0.796232877,0.764811188,0.636456241,0.813422535,0.79640884,0.707379603,0.788506224,0.790693481,0.79624152,0.755625,0.796780355,0.763241379,0.755890411,0.755785124,0.839958506,0.68074928,0.815185185,0.795143639,0.81520111,0.803469388,0.791154929,0.74982906,0.797142857,0.849805285,-2,0.871085973,0.891305595,0.814378379,0.832105263,0.569416168,-2,-2,0.772023633,0.792646154,0.6975,0.837,0.76826087,0.801678521,0.878571429,0.756192468,0.843458333,0.789551021,0.87004298,0.762979592,-2,0.847333333,0.583306122,0.816490984,0.766178861,0.862173913,0.75767647,0.782279006,0.149906103,0.767089655,0.812261736,0.809707928,0.796415869,0.799697802,0.798600823,0.763471074,0.898695652,-2,-2,-2,-2,-2,0.738569343,0.847218359,-2,-2,-2,0.327198917,0.78672973,0.776945607,0.769524456,0.766997283,0.705381356,0.76677551,0.780123967,0.733877551,0.760909091,0.760377359,0.905382353,0.899223022,0.761942935,0.717584187,0.767010309,0.729692308,0.795511596,-2,0.355662162,0.731200586,0.353148649,0.827267442,0.609122807,-2,-2,0.704197531,-2,-2,-2,-2,-2,0.706548223HTI,0.14516295,0.372316866,0.789840425,0.701886792,-2,0.83168111,0.804680851,0.793471503,0.804680851,0.715952381,0.618143713,0.803829322,0.784983051,0.812834646,0.673913043,0.768122867,0.773402062,0.766203522,0.852928177,0.837837838,0.748894737,0.844153846,0.803327586,0.829156626,0.793235294,0.781391753,0.826851521,0.813350516,0.797825342,0.762216495,0.817272727,0.76377828,0.810502793,0.761347151,0.826848592,0.259571918,0.561808874,0.404486302,0.355728988,0.361843003,0.308932874,-2,-2,-2,0.514366439,-2,0.457870528,0.39560892,0.659280822,0.578279387,0.654503424,-2,-2,0.358919383,-2,0.819777777,0.796162362,-2,-2,-2,0.779488926,-2,-2,0.642864494,0.771458699,0.656282272,-2,0.767619047,0.65609589,-2,-2,-2,0.655626072,0.654503424,-2,-2,-2,0.588041237,0.585437393,0.47614726,0.49525685,0.477783505,0.769005525,0.790073394,0.790680934,0.808590078,0.799438445,0.78374359,0.801780105,0.759020619,0.807927462,0.791865285,0.764591652,0.792041885,0.768541667,0.797142857,0.790259068,0.787293103,0.804195205,0.795502646,0.785333333,0.806107267,0.808774319,0.794610052,0.753704348,0.796174864,0.767010309,0.787783505,0.772839721,0.800789022,0.809413855,0.793577817,0.831748634,0.749527972,-2,0.742611941,0.734733096,0.77447099,0.769363636,0.65793499,-2,-2,0.751951673,0.778522727,0.777123287,0.759313893,0.821261538,0.803559929,0.730714286,0.816223404,0.759581152,0.795542169,0.768910714,0.80238422,-2,0.793284936,0.606174957,0.771495652,0.793515359,0.756976744,0.783157895,0.772290209,0.268666667,0.758431034,0.784739677,0.784789474,0.771258621,0.778492201,0.775803109,0.789041812,0.704842105,-2,-2,-2,-2,-2,0.758866171,0.665445026,-2,-2,-2,0.447482877,0.70425641,0.78704947,0.810565068,0.804410256,0.781067615,0.789381443,0.79600343,0.805787671,0.79484429,0.817440476,0.6975,0.699982206,0.781900685,0.789038817,0.805287356,0.808194691,0.803545611,-2,0.475368782,0.810110497,0.457821613,0.801876484,0.765882353,-2,-2,0.797598628,-2,-2,-2,-2,-2,0.802274678DOM,0.146909341,0.396393442,0.792222222,0.703922652,0.83168111,-2,0.825787234,0.818245856,0.812918455,0.801320755,0.61931416,0.821298701,0.804862385,0.808401937,0.684583333,0.784965801,0.807905028,0.77247557,0.832772727,0.825459854,0.767051282,0.829691834,0.82925,0.843458333,0.81520111,0.797330509,0.831825963,0.831363636,0.817582417,0.75322314,0.840345323,0.743333333,0.808575668,0.774356846,0.821281691,0.296373627,0.57123119,0.424814814,0.380686813,0.38016461,0.349710744,-2,-2,-2,0.537078189,-2,0.483447332,0.425398351,0.646011004,0.598401639,0.634903846,-2,-2,0.38451923,-2,0.818565089,0.736028571,-2,-2,-2,0.780945205,-2,-2,0.66173077,0.786722689,0.634965518,-2,0.763787234,0.634903846,-2,-2,-2,0.635842541,0.633626373,-2,-2,-2,0.610192572,0.608913343,0.496255144,0.512839506,0.498214286,0.782045455,0.800680474,0.791302982,0.836575342,0.804324324,0.79017931,0.805481172,0.774351464,0.810041609,0.812927864,0.770725689,0.81276204,0.808075314,0.819885878,0.80694986,0.794347826,0.817582417,0.805912922,0.805743802,0.817154812,0.811428571,0.806778243,0.772615385,0.798498542,0.785333333,0.809254144,0.781095505,0.811195055,0.817553343,0.802694525,0.834264706,0.772615385,-2,0.756681819,0.75503618,0.793871409,0.786923077,0.693630862,-2,-2,0.791607143,0.801873065,0.787963636,0.776717451,0.819457364,0.813246753,0.748802817,0.803898305,0.764347826,0.808305786,0.783933717,0.817427785,-2,0.808032787,0.621280992,0.778907563,0.821712329,0.760909091,0.783084948,0.807734266,0.256194268,0.784728033,0.792172662,0.80443038,0.797510373,0.804534075,0.798432733,0.805654596,0.703106383,-2,-2,-2,-2,-2,0.764026548,0.651131542,-2,-2,-2,0.459259259,0.726164384,0.796205924,0.791843192,0.799876544,0.790897436,0.79951857,0.806,0.812310867,0.817468706,0.828142857,0.70518018,0.702606149,0.808806584,0.81323486,0.836354167,0.810466102,0.795310345,-2,0.484162088,0.830652819,0.465,0.827882353,0.77545994,-2,-2,0.816490984,-2,-2,-2,-2,-2,0.820965518JAM,0.135083799,0.424958333,0.799450073,0.715786517,0.804680851,0.825787234,-2,0.825211268,0.839433139,0.799681528,0.651208054,0.814188679,0.808952381,0.835851852,0.765882353,0.805827538,0.809831461,0.745841584,0.819148607,0.817022223,0.784855491,0.815382215,0.822288136,0.834110169,0.823751763,0.816422414,0.81628821,0.824495798,0.822041958,0.763277311,0.831674009,0.733138686,0.801966717,0.776962025,0.811418338,0.301340782,0.58852573,0.448786611,0.400055866,0.4035605,0.363403362,-2,-2,-2,0.568117155,-2,0.507037552,0.429930168,0.658153846,0.609666667,0.649048951,-2,-2,0.403952514,-2,0.832032641,0.747179487,-2,-2,-2,0.804708334,-2,-2,0.679315642,0.806619115,0.644347826,-2,0.767619047,0.645544693,-2,-2,-2,0.644747899,0.646843575,-2,-2,-2,0.629538462,0.61393007,0.520125523,0.530502092,0.52158042,0.796938462,0.813402985,0.808056872,0.834168619,0.825434412,0.812937063,0.828712871,0.792808511,0.838567415,0.817597123,0.749778107,0.818614718,0.807144886,0.803120465,0.833565341,0.820199146,0.831284917,0.818717948,0.815217391,0.818189534,0.821524105,0.810127479,0.788650569,0.790430907,0.806525423,0.833342697,0.81375,0.82710084,0.834718615,0.811363637,0.838388059,0.782317597,-2,0.771885626,0.772951542,0.809707928,0.808544776,0.694285714,-2,-2,0.806,0.806,0.796654412,0.792464789,0.804715026,0.834545455,0.77313253,0.804935623,0.785185714,0.82710084,0.801818182,0.819594972,-2,0.822909091,0.640840336,0.796196581,0.82637883,0.776347826,0.789304085,0.809615931,0.264854369,0.814243281,0.790567685,0.826519258,0.81897472,0.819816643,0.823751763,0.808810198,0.716734398,-2,-2,-2,-2,-2,0.763183857,0.663142037,-2,-2,-2,0.452643357,0.727938719,0.811418338,0.803832168,0.822192737,0.79406657,0.814399441,0.819661017,0.835181564,0.835289958,0.819810427,0.719541285,0.715919282,0.8041841,0.826050671,0.826294964,0.806442857,0.792851124,-2,0.501966527,0.832105263,0.485782123,0.862263779,0.763636364,-2,-2,0.823901408,-2,-2,-2,-2,-2,0.833905429TTO,0.130504087,0.380569106,0.805035361,0.765657534,0.793471503,0.818245856,0.825211268,-2,0.845574468,0.752292993,0.677483444,0.811823205,0.807331289,0.838561151,0.690857143,0.85544837,0.841179775,0.7005,0.813924812,0.843988439,0.840297872,0.811791731,0.876198347,0.842892562,0.850687758,0.868695652,0.886468085,0.880450819,0.874174625,0.801504788,0.867557143,0.694178571,0.790909091,0.806085165,0.809034965,0.268610354,0.547652646,0.399114441,0.350967302,0.349700272,0.319329685,-2,-2,-2,0.549142857,-2,0.48329715,0.416852861,0.707967258,0.57036635,0.694332425,-2,-2,0.356035422,-2,0.88377193,0.830450704,-2,-2,-2,0.845339674,-2,-2,0.701934605,0.861636616,0.694637483,-2,0.835822785,0.698133515,-2,-2,-2,0.699410959,0.696866485,-2,-2,-2,0.609004093,0.570941337,0.47386921,0.485877551,0.478321964,0.859864254,0.872304283,0.86025,0.862517007,0.859307432,0.866388509,0.863112033,0.849805285,0.876272352,0.881739131,0.751515151,0.878771186,0.857867036,0.840170455,0.873166667,0.867913769,0.878051771,0.875523012,0.870123287,0.874612188,0.861847328,0.868342541,0.842166667,0.811904762,0.864669421,0.876346154,0.861350975,0.886803279,0.869490806,0.865269886,0.885131579,0.840377095,-2,0.824478063,0.830835735,0.865644505,0.869016394,0.69924812,-2,-2,0.852844444,0.8525,0.802418772,0.860921596,0.865943878,0.880702006,0.847429906,0.849356643,0.839205021,0.871637108,0.85238849,0.879180328,-2,0.880326409,0.678442623,0.845924896,0.883183674,0.830169491,0.865340237,0.884916898,0.247511811,0.852714682,0.867646219,0.871550279,0.866126373,0.872275862,0.87107438,0.874765194,0.767118644,-2,-2,-2,-2,-2,0.814429824,0.713478261,-2,-2,-2,0.430109141,0.785755102,0.875294118,0.850068213,0.866648501,0.815558698,0.862663934,0.869543568,0.86647541,0.886446281,0.875981162,0.778701493,0.772969432,0.876857143,0.870087848,0.881730104,0.853043478,0.85875513,-2,0.453596731,0.84371134,0.44092643,0.888222656,0.774545455,-2,-2,0.830220082,-2,-2,-2,-2,-2,0.836842106BRB,0.134725738,0.409565218,0.807452416,0.741895333,0.804680851,0.812918455,0.839433139,0.845574468,-2,0.752857143,0.691100917,0.806937618,0.818867925,0.831259259,0.720422535,0.829424158,0.812413793,0.704451827,0.8096302,0.826666667,0.811537336,0.819636076,0.834479315,0.81375,0.834615384,0.835652174,0.837,0.834245416,0.830169491,0.763413258,0.830652819,0.708976234,0.801772727,0.785099151,0.809220779,0.287763713,0.573412922,0.431039326,0.380632911,0.381169014,0.341043723,-2,-2,-2,0.561657303,-2,0.492429775,0.427721519,0.687676057,0.596086957,0.674577465,-2,-2,0.385864978,-2,0.850851064,0.787764706,-2,-2,-2,0.82535865,-2,-2,0.693248945,0.829640288,0.672542373,-2,0.785152839,0.676244725,-2,-2,-2,0.677439887,0.677552742,-2,-2,-2,0.618253521,0.594676057,0.500266854,0.508103933,0.505605634,0.826828125,0.841834863,0.839562398,0.834100719,0.834739583,0.832521246,0.846180258,0.816422414,0.853162393,0.834026163,0.755625,0.840263158,0.824591105,0.809167883,0.84751073,0.840042674,0.853921015,0.837402597,0.835155807,0.836733524,0.819984227,0.8277,0.815086207,0.801294643,0.832105263,0.849645893,0.833376623,0.847128713,0.847061403,0.824845815,0.855318182,0.815765896,-2,0.809258114,0.802298507,0.834648876,0.835601504,0.68055814,-2,-2,0.824285714,0.830304,0.823564728,0.824167852,0.841894737,0.865148368,0.808106796,0.819478261,0.803852814,0.839364407,0.826050671,0.83279661,-2,0.842990798,0.63970339,0.812244604,0.835822785,0.792875913,0.805714286,0.826074499,0.252947883,0.812750716,0.808100148,0.842644509,0.830923295,0.833014286,0.835940171,0.823409742,0.742915452,-2,-2,-2,-2,-2,0.779954338,0.68978355,-2,-2,-2,0.438802817,0.756521739,0.825021708,0.818347458,0.82899859,0.789956141,0.820974577,0.827553648,0.827542372,0.840858369,0.835630115,0.747731482,0.745120482,0.825211268,0.819924128,0.815018181,0.811046511,0.81919149,-2,0.486582278,0.82930827,0.468270042,0.8625,0.783303572,-2,-2,0.81375,-2,-2,-2,-2,-2,0.840888502DMA,0.1569375,0.4243125,0.7730625,0.596603774,0.715952381,0.801320755,0.799681528,0.752292993,0.752857143,-2,0.5521875,0.828175183,0.804807692,0.793486238,0.763928571,0.67425,0.833793103,0.752857143,0.764383561,0.76147651,0.638235294,0.764802632,0.7730625,0.801320755,0.75372549,0.693057325,0.768,0.76725,0.7730625,0.696037736,0.760909091,0.692255639,0.765510204,0.715384615,0.741645569,0.3778125,0.573207547,0.453375,0.421132076,0.4243125,0.39525,-2,-2,-2,0.5405625,-2,0.499875,0.4708125,0.569625,0.5870625,0.569625,-2,-2,0.4243125,-2,0.735202703,0.665925926,-2,-2,-2,0.7033125,-2,-2,0.625849057,0.672,0.56735849,-2,0.717785235,0.569625,-2,-2,-2,0.569625,0.5638125,-2,-2,-2,0.5115,0.58125,0.48825,0.5115,0.491320755,0.651592357,0.678648649,0.681210191,0.745754717,0.737111111,0.696037736,0.744,0.651592357,0.736981132,0.7730625,0.754528302,0.728598726,0.700443038,0.800506329,0.742792208,0.7192,0.736981132,0.7614375,0.703461538,0.788734177,0.788896552,0.7905,0.649245283,0.806821192,0.6684375,0.726,0.6684375,0.735759494,0.741568628,0.756043165,0.794375,0.646168831,-2,0.642794118,0.636315789,0.7033125,0.69448052,0.7033125,-2,-2,0.698980892,0.72,0.783966943,0.65509434,0.71117647,0.732913907,0.665925926,0.75,0.649807693,0.734522293,0.634370861,0.760377359,-2,0.710416667,0.62,0.647468355,0.7730625,0.624,0.724675324,0.735759494,0.24887324,0.735759494,0.692818792,0.702,0.700443038,0.709423077,0.694556962,0.781910828,0.590754717,-2,-2,-2,-2,-2,0.7254,0.574585987,-2,-2,-2,0.5289375,0.62775,0.771960784,0.732375,0.754528302,0.75487013,0.76725,0.742830188,0.778875,0.781910828,0.778444444,0.601764706,0.582721519,0.7730625,0.806821192,0.758684211,0.762,0.7149375,-2,0.53475,0.748043478,0.5405625,0.71387324,0.842264151,-2,-2,0.806392405,-2,-2,-2,-2,-2,0.816782609GRD,0.170940919,0.395098039,0.653066666,0.684185022,0.618143713,0.61931416,0.651208054,0.677483444,0.691100917,0.5521875,-2,0.674705882,0.532166666,0.609198606,0.654444445,0.682270742,0.715384615,0.467384616,0.638948655,0.664285714,0.694315068,0.692202531,0.692901099,0.646688741,0.667533334,0.676750572,0.682,0.670986842,0.655873363,0.630853391,0.675175644,0.580909091,0.62,0.625486726,0.620701357,0.313391685,0.503580786,0.442663756,0.400897155,0.400021834,0.360986842,-2,-2,-2,0.523886463,-2,0.483275109,0.379716157,0.618643326,0.532875817,0.618643326,-2,-2,0.398862144,-2,0.709395349,0.685263158,-2,-2,-2,0.67875817,-2,-2,0.575908097,0.689196429,0.620682819,-2,0.66699095,0.62678337,-2,-2,-2,0.626118421,0.622713348,-2,-2,-2,0.540460526,0.522105263,0.477183406,0.469061135,0.475152839,0.690728156,0.727447307,0.684086538,0.563085938,0.718069705,0.68676923,0.681447662,0.696979866,0.690266666,0.66062069,0.624305555,0.692286996,0.658058036,0.667264574,0.700066225,0.688116592,0.691381579,0.685695364,0.681589404,0.659866962,0.648440367,0.679376392,0.694899328,0.642392777,0.696984479,0.699046563,0.675233853,0.695973742,0.696979866,0.661524249,0.684917647,0.714107143,-2,0.723831325,0.715714285,0.690393013,0.684662577,0.558927681,-2,-2,0.663661971,0.652673522,0.659328358,0.7068,0.624078948,0.701276102,0.699103448,0.659797297,0.683393259,0.664285714,0.705517242,0.667483589,-2,0.729280576,0.559229075,0.686577182,0.663413567,0.6975,0.627524272,0.688657718,0.288863637,0.646866667,0.71117647,0.688116592,0.687212389,0.68766147,0.686133334,0.670177384,0.664886878,-2,-2,-2,-2,-2,0.647440192,0.627594655,-2,-2,-2,0.424388647,0.641659389,0.679047619,0.655273523,0.661378555,0.610113895,0.662241758,0.677305123,0.653238512,0.675233853,0.667994924,0.6696,0.668571428,0.663995633,0.640617578,0.421013514,0.660404495,0.668947369,-2,0.427352298,0.679785714,0.432510917,0.708068181,0.679483395,-2,-2,0.634466666,-2,-2,-2,-2,-2,0.648396947LCA,0.171718464,0.415208711,0.814824399,0.670147059,0.803829322,0.821298701,0.814188679,0.811823205,0.806937618,0.828175183,0.674705882,-2,0.846907217,0.781702703,0.793235294,0.754145455,0.773816794,0.708934426,0.82248555,0.803898305,0.739096045,0.814460285,0.801309963,0.804277778,0.777005546,0.779378531,0.807631579,0.810769231,0.792536496,0.734120879,0.7936,0.727826087,0.789312377,0.734029575,0.799626168,0.268628885,0.591818181,0.437846716,0.380840951,0.384241317,0.325926606,-2,-2,-2,0.531186131,-2,0.491161525,0.381843066,0.605265082,0.58568058,0.595063986,-2,-2,0.375740402,-2,0.815595238,0.736085107,-2,-2,-2,0.758907104,-2,-2,0.630767825,0.767206704,0.598954128,-2,0.738374291,0.600164533,-2,-2,-2,0.601764706,0.597372262,-2,-2,-2,0.59956044,0.593363802,0.52270073,0.52439781,0.531186131,0.75242126,0.782380952,0.775314402,0.793562874,0.79039261,0.771302752,0.798134328,0.744343808,0.801783088,0.803956044,0.789521989,0.784253731,0.767509293,0.832288931,0.796162362,0.780224719,0.801021898,0.810502793,0.779234972,0.804044527,0.793067484,0.82038674,0.740204081,0.822069632,0.763382084,0.797627738,0.7595,0.793486238,0.805179584,0.808618042,0.820588235,0.742261682,-2,0.740625,0.726337209,0.772745455,0.749417476,0.684375,-2,-2,0.78192233,0.761604938,0.807473002,0.753591161,0.806211604,0.797907869,0.727826087,0.801123596,0.733202247,0.786660551,0.755402298,0.80928702,-2,0.793992095,0.636495413,0.751951673,0.813327273,0.736914285,0.781634241,0.80231911,0.309343221,0.780443623,0.770520232,0.793902439,0.7846875,0.790757856,0.784151292,0.805539034,0.667288135,-2,-2,-2,-2,-2,0.78678,0.607877095,-2,-2,-2,0.461593406,0.694535519,0.798396226,0.787184644,0.807362637,0.777051039,0.786923077,0.804741697,0.81290146,0.823812155,0.834818763,0.670336633,0.668947369,0.804872727,0.823609468,0.801428571,0.817698113,0.777849265,-2,0.503254113,0.807972167,0.479451554,0.789832536,0.808996283,-2,-2,0.817992701,-2,-2,-2,-2,-2,0.835530474VCT,0.139357798,0.397363636,0.825091463,0.668348624,0.784983051,0.804862385,0.808952381,0.807331289,0.818867925,0.804807692,0.532166666,0.846907217,-2,0.804023905,0.755625,0.740607903,0.801916168,0.7254,0.819711538,0.806,0.71117647,0.75938849,0.806953846,0.811950464,0.778338462,0.758307692,0.803047619,0.81303681,0.794316109,0.733159509,0.804,0.705,0.803322259,0.755981595,0.807554859,0.256748467,0.587963526,0.415229357,0.373711657,0.388909091,0.322361963,-2,-2,-2,0.537522935,-2,0.476272727,0.396533742,0.608623853,0.600272727,0.5952,-2,-2,0.373711657,-2,0.7905,0.7033125,-2,-2,-2,0.738363636,-2,-2,0.684662577,0.730714286,0.601764706,-2,0.712403846,0.604785276,-2,-2,-2,0.604785276,0.599079754,-2,-2,-2,0.583753846,0.60293578,0.494862386,0.509082569,0.497706422,0.725636943,0.760337838,0.728918919,0.799876544,0.775559567,0.747423313,0.780740741,0.717347561,0.7812,0.794316109,0.769753846,0.76537267,0.742267081,0.789179811,0.793831776,0.75507837,0.782110091,0.803047619,0.760395136,0.791795666,0.763241379,0.793486238,0.720182927,0.797142857,0.73212766,0.7812,0.734954407,0.787361963,0.783942308,0.776504854,0.81375,0.717592592,-2,0.707958478,0.725032895,0.749636364,0.736666666,0.684455445,-2,-2,0.753271028,0.748606811,0.783157895,0.732553846,0.772181818,0.802236421,0.741237624,0.779905063,0.710496894,0.772615385,0.722012779,0.793486238,-2,0.761743421,0.629451219,0.723009404,0.808449848,0.713789809,0.776962025,0.786037151,0.290836364,0.777399381,0.741568628,0.772075471,0.766892308,0.774037267,0.763003096,0.778875,0.676625387,-2,-2,-2,-2,-2,0.763076924,0.619012739,-2,-2,-2,0.455045871,0.686158537,0.794254658,0.753128834,0.790214724,0.796728972,0.767889908,0.772181818,0.819420732,0.809815385,0.817758621,0.671324504,0.657877813,0.794316109,0.82735786,0.80123077,0.802236421,0.758307692,-2,0.496380368,0.791978799,0.473558282,0.77308642,0.739927007,-2,-2,0.83106383,-2,-2,-2,-2,-2,0.822022472ATG,0.130642857,0.353971631,0.745775656,0.732928571,0.812834646,0.808401937,0.835851852,0.838561151,0.831259259,0.793486238,0.609198606,0.781702703,0.804023905,-2,0.6975,0.821757719,0.824630542,0.706297297,0.80123077,0.823846153,0.791295844,0.815308311,0.844052132,0.829640288,0.82124105,0.830119332,0.835384615,0.8525,0.833262411,0.76575179,0.834912718,0.686577182,0.785440414,0.792386635,0.807995049,0.2175179,0.570781991,0.370668258,0.324057279,0.327588653,0.267625899,-2,-2,-2,0.502642857,-2,0.413333333,0.349857143,0.708571429,0.557559241,0.696945107,-2,-2,0.337374701,-2,0.844116095,0.818010471,-2,-2,-2,0.826666667,-2,-2,0.672529833,0.818308824,0.701971154,-2,0.806609336,0.701384248,-2,-2,-2,0.701384248,0.699164678,-2,-2,-2,0.600717703,0.581527446,0.455011933,0.4805,0.458357143,0.814878641,0.829921259,0.8125,0.832635379,0.842370821,0.834558473,0.835652174,0.808987952,0.851942446,0.836778043,0.718329297,0.843594132,0.82442029,0.809191176,0.853807229,0.836772616,0.861357143,0.829640288,0.837220903,0.834100719,0.832480818,0.816258993,0.798732058,0.804807692,0.81902148,0.856225962,0.817071429,0.84971223,0.840222773,0.828502538,0.853692308,0.800707317,-2,0.787849741,0.792135678,0.830829384,0.852942857,0.64728,-2,-2,0.822241813,0.829921259,0.783438396,0.809278846,0.826666667,0.851732673,0.816258993,0.828962963,0.805547446,0.847679426,0.822781954,0.837,-2,0.843038961,0.597064439,0.814317073,0.839429929,0.806775,0.809924051,0.845048077,0.263109243,0.824927885,0.832480818,0.847333333,0.845048077,0.849130435,0.844637681,0.837226277,0.743088235,-2,-2,-2,-2,-2,0.761347151,0.71398533,-2,-2,-2,0.402703349,0.719642857,0.82180693,0.83280285,0.843847981,0.782673267,0.830357143,0.82294964,0.830593824,0.842391304,0.841179775,0.739772727,0.735671642,0.828142857,0.825859375,0.815467981,0.80738806,0.829880383,-2,0.455011933,0.862860963,0.420714285,0.856504559,0.763301887,-2,-2,0.831870503,-2,-2,-2,-2,-2,0.840170455KNA,0.254794521,0.496849315,0.726164384,0.484109589,0.673913043,0.684583333,0.765882353,0.690857143,0.720422535,0.763928571,0.654444445,0.793235294,0.755625,0.6975,-2,0.598767123,0.78,0.677571429,0.733521126,0.65875,0.509589041,0.6975,0.713424658,0.710416667,0.632916667,0.602535211,0.65875,0.675205479,0.687945205,0.594166667,0.660434783,0.6665,0.670147059,0.624246576,0.668028169,0.343972603,0.535068493,0.458630137,0.458630137,0.484109589,0.407671233,-2,-2,-2,0.484109589,-2,0.535068493,0.471369863,0.445890411,0.573287671,0.452083333,-2,-2,0.445890411,-2,0.670147059,0.6,-2,-2,-2,0.586027397,-2,-2,0.598767123,0.550140845,0.458450704,-2,0.597857143,0.465,-2,-2,-2,0.465,0.452083333,-2,-2,-2,0.537042254,0.573287671,0.535068493,0.522328767,0.522328767,0.573287671,0.634761905,0.602535211,0.671666666,0.67425,0.573287671,0.662465753,0.535068493,0.651,0.675205479,0.662465753,0.637714286,0.560547945,0.675205479,0.700684932,0.586027397,0.645833333,0.658153846,0.61150685,0.675205479,0.660434783,0.684583333,0.535068493,0.6975,0.573287671,0.68112676,0.560547945,0.632916667,0.649726027,0.68112676,0.68296875,0.490833334,-2,0.504857143,0.590476191,0.560547945,0.62,0.571285714,-2,-2,0.61150685,0.624246576,0.672461538,0.539130435,0.651,0.645833333,0.527,0.672461538,0.510845071,0.615633803,0.558,0.690857143,-2,0.624626866,0.624246576,0.566086956,0.671666666,0.563636364,0.624428571,0.660434783,0.394545454,0.628732394,0.593043478,0.601764706,0.62,0.62,0.633478261,0.651,0.492352941,-2,-2,-2,-2,-2,0.637714286,0.452083333,-2,-2,-2,0.471369863,0.547808219,0.6975,0.645833333,0.671666666,0.662465753,0.649726027,0.675205479,0.687945205,0.687945205,0.721791045,0.498695652,0.492352941,0.6975,0.729692308,0.715384615,0.724852941,0.607083334,-2,0.496849315,0.684583333,0.509589041,0.689482758,0.685263158,-2,-2,0.723333334,-2,-2,-2,-2,-2,0.690857143MEX,0.120161507,0.361044177,0.749202798,0.809188092,0.768122867,0.784965801,0.805827538,0.85544837,0.829424158,0.67425,0.682270742,0.754145455,0.740607903,0.821757719,0.598767123,-2,0.785734072,0.66682035,0.780312966,0.819570815,0.890979021,0.793731118,0.866734694,0.808365122,0.874402174,0.8733241,0.846521739,0.845910931,0.853441295,0.800728745,0.85118644,0.651164021,0.775676856,0.834097693,0.798796681,0.25909825,0.528579088,0.38625,0.337954239,0.337954239,0.325060728,-2,-2,-2,0.54125,-2,0.468739947,0.4118035,0.748261455,0.562730924,0.735727763,-2,-2,0.346716017,-2,0.882894356,0.862833334,-2,-2,-2,0.878818792,-2,-2,0.694683714,0.889120879,0.737716216,-2,0.831833333,0.73974428,-2,-2,-2,0.741231394,0.738492598,-2,-2,-2,0.60287062,0.550229111,0.45625,0.46875,0.461239892,0.885714285,0.890742358,0.88127889,0.834080718,0.874292846,0.878472973,0.851121751,0.881522634,0.873138587,0.834549237,0.703783784,0.880711297,0.859931507,0.783913043,0.867575342,0.869958791,0.874925976,0.837895461,0.863391892,0.835983607,0.827756024,0.828360656,0.871316873,0.765257143,0.894571429,0.873292683,0.88650619,0.87979757,0.867740585,0.831483051,0.860115607,0.865950414,-2,0.866149254,0.869146515,0.872654156,0.891597846,0.648933334,-2,-2,0.844342105,0.857587787,0.776940966,0.892092391,0.840757576,0.869490806,0.874157044,0.829529086,0.873636363,0.864736842,0.878480114,0.838504043,-2,0.891762114,0.640080971,0.867403846,0.843865772,0.844393306,0.836321168,0.861205479,0.223084112,0.839795082,0.857957746,0.881322314,0.870772358,0.874250681,0.876929348,0.841065574,0.810502793,-2,-2,-2,-2,-2,0.796758322,0.756108034,-2,-2,-2,0.39731806,0.818899329,0.840082873,0.835997305,0.838504043,0.772615385,0.842145749,0.837380628,0.813436658,0.83852459,0.835841121,0.821637168,0.813582734,0.833620457,0.810043478,0.81890785,0.811331484,0.8532341,-2,0.431830417,0.818995633,0.426823688,0.894299424,0.71765896,-2,-2,0.777105978,-2,-2,-2,-2,-2,0.796919192BLZ,0.139113574,0.377651934,0.798271955,0.713601108,0.773402062,0.807905028,0.809831461,0.841179775,0.812413793,0.833793103,0.715384615,0.773816794,0.801916168,0.824630542,0.78,0.785734072,-2,0.7006,0.790642202,0.814086957,0.769745763,0.793970149,0.835423729,0.828687151,0.808810198,0.796769663,0.832244319,0.83468144,0.829806629,0.79640884,0.837813411,0.691708185,0.783454545,0.794537815,0.779749303,0.278227147,0.530692521,0.390497238,0.355512465,0.36066482,0.33232687,-2,-2,-2,0.526657459,-2,0.480414365,0.427645429,0.659501385,0.580607735,0.646620499,-2,-2,0.359668508,-2,0.805446429,0.748894737,-2,-2,-2,0.7989779,-2,-2,0.667955801,0.794485714,0.651,-2,0.770494186,0.65434903,-2,-2,-2,0.65434903,0.649196676,-2,-2,-2,0.557486188,0.571911358,0.457292818,0.472707182,0.466288089,0.764911243,0.792017804,0.765882353,0.826205357,0.804862385,0.792318436,0.790762712,0.778056338,0.800833333,0.827267442,0.753983051,0.810428571,0.797513966,0.812727272,0.808810198,0.801191136,0.816333334,0.831008403,0.800833333,0.835155807,0.827962383,0.820280899,0.768938547,0.791067073,0.780581717,0.815698324,0.777583333,0.815698324,0.811779661,0.80417647,0.844417178,0.782045455,-2,0.750089286,0.764911243,0.791270718,0.775525424,0.714154727,-2,-2,0.77596875,0.790088495,0.781792829,0.791544944,0.827926829,0.821057143,0.748325582,0.806714698,0.774560907,0.810835654,0.767790697,0.822099448,-2,0.801916168,0.663175487,0.763551136,0.834944751,0.752478632,0.779043478,0.830169491,0.25575,0.787520891,0.807631579,0.795637393,0.790111421,0.801633803,0.792318436,0.843549296,0.723042254,-2,-2,-2,-2,-2,0.774088235,0.663524356,-2,-2,-2,0.444333334,0.721906077,0.828739255,0.79825,0.805654596,0.808465909,0.822099448,0.803064067,0.829529086,0.836480447,0.830566038,0.706576577,0.713911765,0.823788301,0.831529412,0.784253731,0.798271955,0.815378151,-2,0.472707182,0.818607242,0.453407202,0.82,0.774037267,-2,-2,0.846638656,-2,-2,-2,-2,-2,0.804023905GTM,0.207987221,0.439904762,0.688833063,0.572652733,0.766203522,0.77247557,0.745841584,0.7005,0.704451827,0.752857143,0.467384616,0.708934426,0.7254,0.706297297,0.677571429,0.66682035,0.7006,-2,0.797142857,0.771868687,0.646688741,0.760304115,0.71170418,0.746704362,0.7095,0.683327842,0.729834437,0.711613419,0.710913462,0.660240384,0.750854271,0.793722773,0.782657581,0.6735,0.778817734,0.309009585,0.598807631,0.44200957,0.399632588,0.396878981,0.354711538,-2,-2,-2,0.519138756,-2,0.470174881,0.430830671,0.508896,0.624428571,0.497683706,-2,-2,0.401961723,-2,0.720309811,0.530932835,-2,-2,-2,0.676095238,-2,-2,0.635846645,0.673186274,0.497788461,-2,0.637933884,0.500654952,-2,-2,-2,0.499278846,0.498373205,-2,-2,-2,0.619008,0.61752,0.523588517,0.542870813,0.531853035,0.664518389,0.673448276,0.673158845,0.785224275,0.701280488,0.678528,0.713403909,0.657361564,0.70463651,0.713508197,0.727287854,0.6975,0.695990259,0.735740132,0.700146341,0.693354944,0.716070287,0.695228013,0.697126806,0.723834951,0.731666666,0.71170418,0.653717533,0.72925801,0.671749598,0.706083468,0.674705882,0.701971154,0.717384868,0.72959596,0.747835051,0.65252459,-2,0.633121693,0.629949324,0.684562798,0.678702128,0.711953819,-2,-2,0.703016949,0.702175502,0.724400827,0.665353698,0.728073395,0.704165262,0.591818181,0.749802955,0.64947541,0.713894231,0.662272727,0.723168,-2,0.687320491,0.549951923,0.664068628,0.713789809,0.646218905,0.719433963,0.69448052,0.326847826,0.70276699,0.676789916,0.695980392,0.684790997,0.689612278,0.68329582,0.703905997,0.568504983,-2,-2,-2,-2,-2,0.672114385,0.509213115,-2,-2,-2,0.473184,0.61160828,0.683733552,0.718704,0.717216,0.717164179,0.703461538,0.697874396,0.720192,0.723500811,0.747476636,0.560300353,0.560876289,0.701214057,0.73437931,0.813321033,0.746447368,0.709069021,-2,0.522939297,0.725111876,0.499169329,0.690551724,0.707958478,-2,-2,0.723333334,-2,-2,-2,-2,-2,0.714425288HND,0.176283582,0.419330357,0.797758887,0.688423423,0.852928177,0.832772727,0.819148607,0.813924812,0.8096302,0.764383561,0.638948655,0.82248555,0.819711538,0.80123077,0.733521126,0.780312966,0.790642202,0.797142857,-2,0.851775701,0.759860466,0.830634391,0.816036308,0.844175491,0.807779456,0.791001541,0.837863777,0.831004497,0.816008969,0.771287425,0.83495283,0.805287356,0.841287758,0.783157895,0.857477065,0.292880597,0.598748137,0.437973174,0.387268656,0.387035928,0.343877245,-2,-2,-2,0.568256334,-2,0.49757079,0.426134328,0.625560538,0.632455357,0.613049327,-2,-2,0.385880597,-2,0.835040519,0.744,-2,-2,-2,0.784253731,-2,-2,0.680149254,0.783978659,0.614887556,-2,0.758684211,0.616298507,-2,-2,-2,0.617207208,0.613522388,-2,-2,-2,0.622780269,0.62,0.516974664,0.529448584,0.520522388,0.774486755,0.797786753,0.790979382,0.851307692,0.824357542,0.792947368,0.822420091,0.765548781,0.817951807,0.8184,0.800506329,0.810139751,0.789863013,0.814651163,0.80543379,0.797745839,0.82001497,0.814992367,0.807301349,0.829802732,0.828403362,0.825569044,0.762318182,0.819042386,0.781087613,0.808330827,0.780688073,0.812702703,0.826506955,0.828598131,0.855241158,0.76194487,-2,0.755625,0.746060127,0.791400894,0.775314402,0.705517242,-2,-2,0.778287113,0.793747871,0.797142857,0.776641452,0.844033613,0.821962323,0.740155039,0.834285714,0.757142857,0.814099099,0.781376582,0.832690583,-2,0.804487805,0.650720721,0.775236641,0.826050671,0.758152174,0.810193236,0.809680366,0.304682675,0.788877087,0.793192489,0.805904908,0.794345864,0.800559758,0.797745839,0.815516717,0.689260401,-2,-2,-2,-2,-2,0.7905,0.631428571,-2,-2,-2,0.476816144,0.731803279,0.808571429,0.824032984,0.818455772,0.805138889,0.80990991,0.809863222,0.824032984,0.827756024,0.8542461,0.693300493,0.687067307,0.820343283,0.834308681,0.847333333,0.847269939,0.819684684,-2,0.496925373,0.822520065,0.485820896,0.80443038,0.782524272,-2,-2,0.816551205,-2,-2,-2,-2,-2,0.826089385SLV,0.170789096,0.409942939,0.782359051,0.735411256,0.837837838,0.825459854,0.817022223,0.843988439,0.826666667,0.76147651,0.664285714,0.803898305,0.806,0.823846153,0.65875,0.819570815,0.814086957,0.771868687,0.851775701,-2,0.801676558,0.839232,0.839956648,0.850247093,0.849130435,0.836587888,0.855710059,0.855064748,0.847035971,0.804034582,0.870044978,0.775578358,0.85416923,0.815600579,0.853411765,0.28954089,0.581914286,0.42697274,0.370932568,0.373601148,0.341223022,-2,-2,-2,0.564928367,-2,0.496885714,0.424304161,0.670775862,0.599185714,0.660086207,-2,-2,0.374935438,-2,0.858018576,0.799626168,-2,-2,-2,0.819570815,-2,-2,0.703170732,0.823792094,0.660648415,-2,0.796355555,0.663142037,-2,-2,-2,0.664285714,0.660473458,-2,-2,-2,0.605301724,0.594612069,0.50169297,0.512965616,0.50436155,0.821451104,0.830665634,0.826327869,0.849130435,0.843642857,0.832175792,0.845824817,0.807988338,0.846555717,0.847455622,0.774054878,0.848469539,0.82997093,0.834508929,0.834026163,0.835770925,0.86328551,0.838367647,0.842896254,0.854081633,0.827669903,0.842136628,0.802751092,0.818288288,0.822329957,0.848020231,0.822900875,0.848374101,0.856542474,0.854138973,0.885849923,0.805726872,-2,0.798200637,0.789939759,0.831685714,0.82926499,0.693434022,-2,-2,0.818109375,0.830195122,0.79664151,0.815930736,0.868171746,0.849009009,0.796153846,0.874970414,0.800264317,0.85238849,0.821827795,0.865862069,-2,0.84875195,0.657021583,0.822272727,0.856719197,0.801102831,0.83556923,0.847182482,0.275950819,0.835515239,0.83350376,0.850559646,0.834580925,0.841043478,0.835652174,0.852725948,0.734866071,-2,-2,-2,-2,-2,0.795714286,0.679615385,-2,-2,-2,0.454310345,0.754126074,0.832610619,0.864619799,0.86061693,0.807013373,0.845697842,0.844840117,0.844359712,0.869259797,0.866870861,0.738744113,0.735714286,0.845818966,0.849380804,0.839021739,0.856869436,0.86165706,-2,0.473672883,0.833245342,0.472338594,0.825398773,0.7846875,-2,-2,0.808519594,-2,-2,-2,-2,-2,0.827783784NIC,0.087268908,0.333812849,0.744541485,0.860772472,0.748894737,0.767051282,0.784855491,0.840297872,0.811537336,0.638235294,0.694315068,0.739096045,0.71117647,0.791295844,0.509589041,0.890979021,0.769745763,0.646688741,0.759860466,0.801676558,-2,0.78207874,0.843182461,0.784893617,0.846893617,0.872377522,0.843236151,0.825505618,0.835690141,0.804606741,0.845205882,0.622844037,0.751045455,0.826228813,0.773663793,0.237058824,0.50076923,0.356391608,0.308697479,0.311302521,0.301727528,-2,-2,-2,0.511174826,-2,0.443538462,0.392058823,0.789130435,0.542932961,0.781304348,-2,-2,0.326475524,-2,0.880830815,0.88469914,-2,-2,-2,0.884539106,-2,-2,0.677310925,0.911346704,0.78350211,-2,0.846313498,0.784117647,-2,-2,-2,0.783707865,0.784117647,-2,-2,-2,0.583043478,0.532173913,0.435734266,0.450041958,0.43826087,0.891896814,0.899553572,0.883945687,0.819082569,0.864371773,0.885527426,0.844971