1984,USA,CAN,BHS,CUB,HTI,DOM,JAM,TTO,BRB,DMA,GRD,LCA,VCT,ATG,KNA,MEX,BLZ,GTM,HND,SLV,NIC,CRI,PAN,COL,VEN,GUY,SUR,ECU,PER,BRA,BOL,PRY,CHL,ARG,URY,GBR,IRL,NLD,BEL,LUX,FRA,MCO,LIE,CHE,ESP,AND,PRT,DEU,POL,AUT,HUN,CZE,SVK,ITA,SMR,MLT,ALB,MNE,MKD,HRV,SRB,BIH,SVN,GRC,CYP,BGR,MDA,ROU,RUS,EST,LVA,LTU,UKR,BLR,ARM,GEO,AZE,FIN,SWE,NOR,DNK,ISL,CPV,STP,GNB,GNQ,GMB,MLI,SEN,BEN,MRT,NER,CIV,GIN,BFA,LBR,SLE,GHA,TGO,CMR,NGA,GAB,CAF,TCD,COG,COD,UGA,KEN,TZA,BDI,RWA,SOM,DJI,ETH,ERI,AGO,MOZ,ZMB,ZWE,MWI,ZAF,NAM,LSO,BWA,SWZ,MDG,COM,MUS,SYC,MAR,DZA,TUN,LBY,SDN,SSD,IRN,TUR,IRQ,EGY,SYR,LBN,JOR,ISR,SAU,YEM,KWT,BHR,QAT,ARE,OMN,AFG,TKM,TJK,KGZ,UZB,KAZ,CHN,MNG,TWN,PRK,KOR,JPN,IND,BTN,PAK,BGD,MMR,LKA,MDV,NPL,THA,KHM,LAO,VNM,MYS,SGP,BRN,PHL,IDN,TLS,AUS,PNG,NZL,VUT,SLB,KIR,TUV,FJI,TON,NRU,MHL,PLW,FSM,WSMUSA,-2,0.356075154,0.100048695,0.051211581,0.115985197,0.117380563,0.107931956,0.104272765,0.107645865,0.125393063,0.136581794,0.137203053,0.111346881,0.104383643,0.203580822,0.096009044,0.111151745,0.166181789,0.140850582,0.136460488,0.069727857,0.127415645,0.099210981,0.116421049,0.109334551,0.093915792,0.103611169,0.107298907,0.105578281,0.114318462,0.105250708,0.1756109,0.147965974,0.106728211,0.128292473,0.4614225,0.2137325,0.33458125,0.3655425,0.356994494,0.378053158,-2,-2,-2,0.233393799,-2,0.2976275,0.3215975,0.088008291,0.179775,0.082007726,-2,-2,0.33857625,-2,0.106614391,0.033117326,-2,-2,-2,0.088008291,-2,-2,0.1578025,0.085975041,0.083231862,-2,0.080723482,0.083895,-2,-2,-2,0.084348487,0.0818975,-2,-2,-2,0.167015733,0.192018089,0.27166,0.266308309,0.271025531,0.064325463,0.06300886,0.081668684,0.100641535,0.095839849,0.088604553,0.110084444,0.063457769,0.107309837,0.10541466,0.120841626,0.094705,0.094925151,0.121402986,0.098122036,0.102492413,0.111310081,0.109818356,0.104856554,0.113142345,0.111291876,0.106879931,0.073591527,0.114973582,0.090222688,0.106152857,0.083018855,0.104572774,0.110315714,0.113670765,0.094768348,0.065776597,-2,0.057930494,0.051940699,0.0978775,0.087183303,0.130479554,-2,-2,0.106932247,0.103551869,0.113598831,0.073902057,0.105882748,0.099076,0.054788572,0.123673231,0.052343329,0.109600311,0.060334743,0.109600311,-2,0.080982592,0.226239175,0.07174469,0.107154299,0.06010887,0.103355271,0.097987253,0.449540016,0.09887214,0.075673324,0.090442822,0.090988164,0.091361066,0.093263902,0.099754602,0.053965977,-2,-2,-2,-2,-2,0.110004558,0.073998672,-2,-2,-2,0.29202751,0.08489375,0.089663093,0.11848954,0.109452202,0.097058301,0.099545237,0.093647178,0.106583789,0.111969452,0.119587828,0.049246171,0.052389108,0.112464648,0.118977729,0.099586701,0.125050723,0.113930679,-2,0.26666625,0.112488035,0.27865125,0.087335781,0.151206105,-2,-2,0.106442496,-2,-2,-2,-2,-2,0.124885714CAN,0.356075154,-2,0.30987159,0.231645304,0.297481176,0.316718361,0.339541708,0.304074715,0.327242609,0.339025688,0.315683333,0.33175176,0.317493545,0.282823333,0.396982602,0.288474297,0.301743895,0.351483905,0.335044955,0.327544408,0.266716466,0.347438462,0.297429647,0.322064307,0.296019756,0.297638536,0.299725715,0.29902817,0.293027604,0.284409542,0.303507465,0.39315873,0.352661669,0.283553099,0.330025572,0.548575168,0.515579318,0.607422322,0.631360148,0.630362739,0.58183783,-2,-2,-2,0.489071542,-2,0.569223409,0.523639933,0.2217225,0.456968182,0.2137325,-2,-2,0.621386054,-2,0.324892078,0.255237341,-2,-2,-2,0.290463775,-2,-2,0.39696894,0.291120575,0.213307157,-2,0.268616718,0.21544043,-2,-2,-2,0.214597813,0.21444302,-2,-2,-2,0.4654175,0.48639125,0.597448228,0.576725911,0.58626625,0.267902092,0.281891381,0.291512077,0.292573423,0.309097338,0.296426846,0.32439618,0.269744589,0.317164024,0.310383319,0.345147571,0.2959861,0.298446147,0.326784285,0.311052558,0.306809424,0.320168416,0.309272266,0.304849231,0.307162633,0.312871579,0.306744156,0.274458139,0.321785299,0.292388467,0.319751366,0.289481317,0.309029112,0.318754262,0.320252704,0.312646167,0.271879808,-2,0.248059135,0.255068,0.303983182,0.286308333,0.360542841,-2,-2,0.32651689,0.321205297,0.356938982,0.277896098,0.293858917,0.315909703,0.261957857,0.313033632,0.26027864,0.316029771,0.268389306,0.319030054,-2,0.291570659,0.421039663,0.277249712,0.307786367,0.260436217,0.30068917,0.29946127,0.422303757,0.311217585,0.269637215,0.303565048,0.305674263,0.303891399,0.302470828,0.299657657,0.227999163,-2,-2,-2,-2,-2,0.310952814,0.218610373,-2,-2,-2,0.5573025,0.260970965,0.285953834,0.299625,0.30362,0.317569023,0.301028358,0.299657657,0.315029677,0.313830654,0.342689115,0.23275575,0.227078781,0.30661625,0.32798314,0.308348775,0.314929945,0.293818502,-2,0.597448228,0.327253212,0.602435275,0.301783218,0.398302651,-2,-2,0.32767673,-2,-2,-2,-2,-2,0.370288239BHS,0.100048695,0.30987159,-2,0.54498787,0.6310825,0.632985556,0.638760608,0.643223253,0.64515448,0.617676938,0.521800267,0.651044695,0.659248079,0.595874749,0.580205343,0.598613035,0.637819292,0.550377617,0.637409351,0.625104881,0.594888647,0.615519402,0.622202885,0.640832,0.620979178,0.606019626,0.657622358,0.640649662,0.636768261,0.621667014,0.638011502,0.580481447,0.61941236,0.607680127,0.636917143,0.229278261,0.444181508,0.337664348,0.289724348,0.291623841,0.272110141,-2,-2,-2,0.445425714,-2,0.386064302,0.314736521,0.498858792,0.486731606,0.489821739,-2,-2,0.301188261,-2,0.638995437,0.608167411,-2,-2,-2,0.6218159,-2,-2,0.52734,0.615504335,0.489798254,-2,0.588218944,0.488779565,-2,-2,-2,0.488064261,0.487737392,-2,-2,-2,0.470680576,0.480442174,0.406447826,0.410041428,0.404931404,0.603956438,0.6182882,0.612562453,0.629282018,0.625203724,0.599048005,0.630868547,0.598702114,0.626241714,0.639061645,0.610145455,0.615686572,0.618874164,0.629334796,0.622572162,0.612315193,0.620093478,0.63417181,0.617480704,0.637520284,0.630554669,0.64145359,0.597640586,0.645763214,0.595719009,0.615026865,0.600621674,0.620792658,0.625516111,0.63707325,0.648375922,0.595948536,-2,0.58878371,0.589633716,0.605041634,0.605972214,0.530928102,-2,-2,0.60624723,0.598453529,0.616965055,0.608729661,0.631019762,0.631445346,0.575791209,0.631876791,0.597223882,0.623927974,0.598614565,0.639604557,-2,0.611673476,0.51628211,0.585739013,0.643161428,0.586463677,0.616781928,0.621515164,0.224004895,0.610568217,0.60647625,0.61620439,0.608729661,0.614482,0.611506615,0.63842714,0.544341977,-2,-2,-2,-2,-2,0.630993077,0.500369439,-2,-2,-2,0.364229536,0.573433571,0.644706777,0.619920758,0.634835715,0.658948868,0.635575323,0.630131804,0.650055612,0.647940128,0.669724903,0.543626365,0.541729177,0.639749873,0.665502935,0.620097148,0.642917087,0.616434127,-2,0.379351304,0.636112955,0.367887391,0.619714506,0.618848572,-2,-2,0.645463348,-2,-2,-2,-2,-2,0.647440122CUB,0.051211581,0.231645304,0.54498787,-2,0.560807547,0.562434199,0.571913427,0.61176037,0.592774371,0.476686415,0.546663832,0.5354475,0.53401055,0.585609929,0.386803561,0.646541286,0.570167285,0.457549534,0.550050315,0.587593593,0.687757205,0.568363466,0.616676749,0.57206211,0.617867794,0.649797615,0.620979178,0.605949891,0.609620694,0.586793406,0.620283504,0.444255374,0.538047766,0.619562452,0.566590875,0.166688675,0.353460325,0.248024716,0.214887811,0.218787232,0.227861357,-2,-2,-2,0.366019636,-2,0.318315121,0.293211406,0.65659636,0.390613825,0.66061839,-2,-2,0.22995004,-2,0.646525139,0.71409234,-2,-2,-2,0.646541286,-2,-2,0.487012094,0.654560277,0.661402877,-2,0.633947832,0.662738108,-2,-2,-2,0.662301522,0.662738108,-2,-2,-2,0.407230514,0.380081813,0.307269487,0.316882753,0.30667977,0.666315764,0.68952525,0.655242131,0.620898581,0.649089815,0.654994946,0.620079104,0.675143934,0.636190069,0.61108414,0.508528536,0.649924605,0.636330663,0.565196303,0.630016473,0.631764091,0.636196974,0.603744375,0.636627504,0.609829862,0.603956438,0.603872314,0.671126846,0.543918675,0.651332963,0.635319767,0.651345687,0.641972041,0.632132788,0.599113419,0.636917143,0.678994423,-2,0.695997693,0.71215317,0.650688325,0.664852105,0.454963518,-2,-2,0.616846883,0.633324277,0.5573025,0.668763,0.613840435,0.640541138,0.701978572,0.604197782,0.673923208,0.630851265,0.695164341,0.609620694,-2,0.677019333,0.466061592,0.652376296,0.61217691,0.688876957,0.6053835,0.625040925,0.119774976,0.612904634,0.648997127,0.646956634,0.636336279,0.638958544,0.638082057,0.610013388,0.718057826,-2,-2,-2,-2,-2,0.590116905,0.676927469,-2,-2,-2,0.261431935,0.628597054,0.62077954,0.614850041,0.612830829,0.563599703,0.612653633,0.623319049,0.586368163,0.607966364,0.60754151,0.7234005,0.718479194,0.608792405,0.573349765,0.612841237,0.583024154,0.635613765,-2,0.284174067,0.584229268,0.28216577,0.660986686,0.486689123,-2,-2,0.562653827,-2,-2,-2,-2,-2,0.56453203HTI,0.115985197,0.297481176,0.6310825,0.560807547,-2,0.664513207,0.64294,0.633983731,0.64294,0.572045952,0.493896827,0.642259628,0.627201458,0.649454882,0.538456522,0.613730171,0.617948247,0.612196614,0.681489613,0.669432433,0.598366895,0.674478923,0.641858741,0.662496145,0.633795,0.624332011,0.660654365,0.649867062,0.637462448,0.609010979,0.653000909,0.610258846,0.647591732,0.608316373,0.660652025,0.207397962,0.44888529,0.323184555,0.284227461,0.28911256,0.246837366,-2,-2,-2,0.410978784,-2,0.365838552,0.316091527,0.526765377,0.46204523,0.522948236,-2,-2,0.286776587,-2,0.655002444,0.636133727,-2,-2,-2,0.622811652,-2,-2,0.513648731,0.616395501,0.524369535,-2,0.613327619,0.524220616,-2,-2,-2,0.523845232,0.522948236,-2,-2,-2,0.469844948,0.467764477,0.380441661,0.395710223,0.38174902,0.614435414,0.631268642,0.631754066,0.646063472,0.638751317,0.626211128,0.640622304,0.606457474,0.645534042,0.632700362,0.61090873,0.632841466,0.614064792,0.636917143,0.631416995,0.62904719,0.642551969,0.635606614,0.627481333,0.644079706,0.646210681,0.634893432,0.602209774,0.636143716,0.612841237,0.629439021,0.617498937,0.639830429,0.64672167,0.634068676,0.664567159,0.59887285,-2,0.593346941,0.587051744,0.618802321,0.614721545,0.525690057,-2,-2,0.600809387,0.622039659,0.620921507,0.606691801,0.656187969,0.642044383,0.583840714,0.6521625,0.606905341,0.635638193,0.614359661,0.641104992,-2,0.633834664,0.484333791,0.616425026,0.634018771,0.604824418,0.625743158,0.617059877,0.214664667,0.605986396,0.627007002,0.627046789,0.616235638,0.622015268,0.619866684,0.630444408,0.563168842,-2,-2,-2,-2,-2,0.606334071,0.531690576,-2,-2,-2,0.357538819,0.562700872,0.628852527,0.647641489,0.642723795,0.624073025,0.630715773,0.636006741,0.643824349,0.635080588,0.65313494,0.5573025,0.559285783,0.624738648,0.630442014,0.643424598,0.645747558,0.642032943,-2,0.379819657,0.647278287,0.365799469,0.640699311,0.61194,-2,-2,0.637281304,-2,-2,-2,-2,-2,0.641017468DOM,0.117380563,0.316718361,0.632985556,0.562434199,0.664513207,-2,0.659804,0.653778439,0.649521846,0.640255283,0.494832014,0.656217662,0.643085046,0.645913148,0.546982083,0.627187675,0.645516117,0.617207981,0.665385409,0.659542423,0.612873975,0.662923775,0.66257075,0.673923208,0.651345687,0.637067076,0.664628944,0.664259545,0.653248352,0.601825289,0.671435913,0.593923333,0.646051959,0.61871112,0.656204071,0.236802528,0.456413721,0.339427037,0.304168763,0.303751523,0.279418884,-2,-2,-2,0.429125473,-2,0.386274418,0.339893283,0.516162792,0.47812291,0.507288173,-2,-2,0.307230865,-2,0.654033506,0.588086828,-2,-2,-2,0.623975219,-2,-2,0.528722885,0.628591428,0.507337449,-2,0.610266,0.507288173,-2,-2,-2,0.50803819,0.506267472,-2,-2,-2,0.487543865,0.486521761,0.39650786,0.409758765,0.398073214,0.624854318,0.639743699,0.632251083,0.668423699,0.642655135,0.631353269,0.643579456,0.61870682,0.647223246,0.649529363,0.615809826,0.64939687,0.645652176,0.655088816,0.644752939,0.634683913,0.653248352,0.643924424,0.643789298,0.652906695,0.648331428,0.644615816,0.617319692,0.638000335,0.627481333,0.646594061,0.624095309,0.648144849,0.653225121,0.641352925,0.6665775,0.617319692,-2,0.604588773,0.603273908,0.634303256,0.628751538,0.554211059,-2,-2,0.632494107,0.640696579,0.629582945,0.620597243,0.654746434,0.649784156,0.598293451,0.642314746,0.610713913,0.645836323,0.62636304,0.653124801,-2,0.645618197,0.496403512,0.622347143,0.656548151,0.607966364,0.625684874,0.645379679,0.20469922,0.626997698,0.632945957,0.642739873,0.637210788,0.642822726,0.637947753,0.643718023,0.561782,-2,-2,-2,-2,-2,0.610457212,0.520254102,-2,-2,-2,0.366948148,0.580205343,0.636168533,0.63268271,0.639101358,0.631927051,0.638815337,0.643994,0.649036383,0.653157496,0.661686143,0.563438964,0.561382313,0.646236461,0.649774653,0.668246979,0.647562416,0.635452966,-2,0.386845509,0.663691602,0.371535,0.661478,0.619592492,-2,-2,0.652376296,-2,-2,-2,-2,-2,0.655951449JAM,0.107931956,0.339541708,0.638760608,0.571913427,0.64294,0.659804,-2,0.659343803,0.670707078,0.638945541,0.520315235,0.650536755,0.646352952,0.66784563,0.61194,0.643856203,0.647055337,0.595927426,0.654499737,0.652800756,0.627099538,0.65149039,0.65700822,0.666454025,0.658177659,0.652321508,0.65221428,0.658772143,0.656811525,0.609858571,0.664507533,0.58577781,0.640771407,0.620792658,0.648323252,0.240771285,0.470232059,0.358580502,0.319644637,0.32244484,0.290359286,-2,-2,-2,0.453925607,-2,0.405123004,0.343514204,0.525864923,0.487123667,0.518590112,-2,-2,0.322758059,-2,0.66479408,0.59699641,-2,-2,-2,0.642961958,-2,-2,0.542773198,0.644488673,0.514833913,-2,0.613327619,0.515790209,-2,-2,-2,0.515153571,0.516828017,-2,-2,-2,0.503001231,0.490530126,0.415580293,0.423871172,0.416742755,0.636753831,0.649908985,0.645637441,0.666500726,0.659522095,0.649536713,0.662141584,0.633454,0.670015365,0.653260101,0.599072707,0.65407316,0.644908764,0.641693251,0.666018707,0.655339118,0.664196648,0.654155641,0.651358696,0.653733437,0.65639776,0.647291856,0.630131804,0.631554294,0.644413813,0.665840815,0.65018625,0.660853571,0.666940173,0.648279546,0.669872059,0.62507176,-2,0.616736615,0.617588282,0.646956634,0.646027276,0.554734286,-2,-2,0.643994,0.643994,0.636526875,0.633179366,0.642967306,0.666801818,0.617732891,0.643143563,0.627363386,0.660853571,0.640652727,0.654856383,-2,0.657504364,0.512031428,0.636161068,0.660276685,0.620301913,0.630653964,0.646883129,0.211618641,0.650580382,0.631663581,0.660388887,0.654360801,0.655033498,0.658177659,0.646239348,0.572670784,-2,-2,-2,-2,-2,0.609783902,0.529850488,-2,-2,-2,0.361662042,0.581623036,0.648323252,0.642261902,0.656931997,0.63445919,0.650705154,0.654909152,0.66731007,0.667396676,0.655028531,0.574913486,0.572019507,0.642543096,0.660014486,0.660209677,0.644347843,0.633488048,-2,0.401071255,0.664852105,0.388139916,0.68894876,0.610145455,-2,-2,0.658297225,-2,-2,-2,-2,-2,0.666290438TTO,0.104272765,0.304074715,0.643223253,0.61176037,0.633983731,0.653778439,0.659343803,-2,0.675614,0.601082102,0.541309271,0.64864674,0.6450577,0.67001036,0.551994857,0.683503248,0.67210264,0.5596995,0.650325925,0.674346763,0.671398,0.648621593,0.700082479,0.673471157,0.679699518,0.694087826,0.708288,0.703480205,0.698465525,0.640402325,0.693178157,0.554648678,0.631936364,0.644062047,0.646418937,0.214619673,0.437574464,0.318892438,0.280422875,0.279410517,0.255144419,-2,-2,-2,0.438765143,-2,0.386154423,0.333065436,0.565665839,0.455722714,0.554771607,-2,-2,0.284472302,-2,0.706133772,0.663530112,-2,-2,-2,0.675426399,-2,-2,0.560845749,0.688447656,0.555015349,-2,0.667822405,0.557808679,-2,-2,-2,0.558829357,0.556796321,-2,-2,-2,0.48659427,0.456182128,0.378621499,0.388216164,0.38217925,0.687031539,0.696971122,0.68733975,0.689151089,0.686586638,0.692244418,0.689626514,0.678994423,0.70014161,0.704509565,0.600460606,0.702138178,0.685435762,0.671296193,0.697660167,0.693463102,0.701563365,0.699542887,0.695228507,0.698815138,0.688616015,0.69380569,0.672891167,0.648711905,0.690870868,0.700200577,0.688219429,0.70855582,0.694723154,0.691350639,0.707220132,0.671461299,-2,0.658757973,0.663837752,0.691649959,0.694344099,0.558699248,-2,-2,0.681422711,0.6811475,0.641132599,0.687876355,0.691889158,0.703680903,0.677096495,0.678635958,0.670524812,0.696438049,0.681058403,0.702465082,-2,0.703380801,0.542075656,0.675893992,0.705663755,0.663305424,0.691406849,0.707048601,0.197761937,0.681319031,0.693249329,0.696368673,0.692034972,0.696948413,0.695988429,0.69893739,0.612927797,-2,-2,-2,-2,-2,0.65072943,0.570069131,-2,-2,-2,0.343657203,0.627818326,0.69936,0.679204502,0.692452153,0.6516314,0.689268483,0.694765311,0.692313852,0.708270578,0.699908948,0.622182493,0.617602576,0.700608857,0.69520019,0.704502353,0.681581739,0.686145349,-2,0.362423788,0.674125361,0.352300218,0.709689902,0.618861818,-2,-2,0.663345846,-2,-2,-2,-2,-2,0.668636842BRB,0.107645865,0.327242609,0.64515448,0.592774371,0.64294,0.649521846,0.670707078,0.675614,-2,0.601532857,0.552189633,0.644743157,0.654275472,0.664176148,0.575617605,0.662709902,0.64911862,0.56285701,0.64689453,0.660506667,0.648418331,0.654889225,0.666748973,0.65018625,0.666857692,0.667686087,0.668763,0.666562088,0.663305424,0.609967193,0.663691602,0.566472011,0.640616409,0.627294221,0.646567403,0.229923206,0.458156924,0.344400421,0.304125696,0.304554042,0.272493935,-2,-2,-2,0.448764185,-2,0.39345139,0.341749494,0.549453169,0.476273478,0.538987395,-2,-2,0.308306118,-2,0.67983,0.629424,-2,-2,-2,0.659461561,-2,-2,0.553905907,0.66288259,0.537361356,-2,0.627337118,0.540319536,-2,-2,-2,0.54127447,0.541364641,-2,-2,-2,0.493984563,0.475146169,0.399713216,0.405975042,0.403978902,0.660635672,0.672626055,0.670810356,0.666446475,0.666956927,0.665184476,0.676098026,0.652321508,0.681676752,0.666386904,0.603744375,0.671370263,0.658848293,0.646525139,0.677161073,0.671194097,0.682282891,0.669084675,0.66728949,0.668550086,0.655167397,0.6613323,0.65125388,0.64023442,0.664852105,0.678867068,0.665867922,0.676855842,0.676802061,0.659051806,0.683399227,0.651796951,-2,0.646597233,0.641036507,0.666884452,0.667645602,0.543765954,-2,-2,0.658604286,0.663412896,0.658028218,0.658510113,0.672673895,0.691253546,0.64567733,0.65476313,0.642278398,0.670652161,0.660014486,0.665404492,-2,0.673549647,0.511123008,0.648983439,0.667822405,0.633507854,0.643765714,0.660033524,0.202105359,0.649387822,0.645672018,0.673272962,0.663907713,0.665578414,0.667916197,0.657904384,0.593589446,-2,-2,-2,-2,-2,0.623183516,0.551137056,-2,-2,-2,0.350603451,0.60446087,0.659192345,0.653859619,0.662369873,0.631174956,0.655958687,0.661215365,0.661206356,0.671845837,0.667668462,0.597437454,0.595351265,0.659343803,0.655119378,0.651199527,0.648026163,0.654534,-2,0.38877924,0.662617308,0.374147763,0.6891375,0.625859554,-2,-2,0.65018625,-2,-2,-2,-2,-2,0.671869913DMA,0.125393063,0.339025688,0.617676938,0.476686415,0.572045952,0.640255283,0.638945541,0.601082102,0.601532857,-2,0.441197813,0.661711971,0.643041346,0.633995504,0.610378928,0.53872575,0.66620069,0.601532857,0.610742466,0.608419731,0.50995,0.611077303,0.617676938,0.640255283,0.602226666,0.553752803,0.613632,0.61303275,0.617676938,0.556134151,0.607966364,0.553112255,0.611642653,0.571592308,0.59257481,0.301872188,0.45799283,0.362246625,0.336484529,0.339025688,0.31580475,-2,-2,-2,0.431909438,-2,0.399400125,0.376179188,0.455130375,0.469062938,0.455130375,-2,-2,0.339025688,-2,0.58742696,0.532074815,-2,-2,-2,0.561946688,-2,-2,0.500053396,0.536928,0.453319434,-2,0.573510403,0.455130375,-2,-2,-2,0.455130375,0.450486188,-2,-2,-2,0.4086885,0.46441875,0.39011175,0.4086885,0.392565283,0.520622293,0.54224027,0.544286942,0.595858019,0.588951778,0.556134151,0.594456,0.520622293,0.588847924,0.617676938,0.602868113,0.582150382,0.559653987,0.639604557,0.593490974,0.5746408,0.588847924,0.608388563,0.562065769,0.630198608,0.630328345,0.6316095,0.518746981,0.644650133,0.534081563,0.580074,0.534081563,0.587871836,0.592513333,0.604078489,0.634705625,0.516288896,-2,0.5135925,0.508416316,0.561946688,0.554889935,0.561946688,-2,-2,0.558485733,0.57528,0.626389587,0.523420378,0.56823,0.585598212,0.532074815,0.59925,0.519196346,0.586883312,0.506862318,0.60754151,-2,0.567622917,0.49538,0.517327215,0.617676938,0.498576,0.579015584,0.587871836,0.198849718,0.587871836,0.553562215,0.560898,0.559653987,0.566829039,0.554951013,0.624746751,0.472013019,-2,-2,-2,-2,-2,0.5795946,0.459094204,-2,-2,-2,0.422621063,0.50157225,0.616796666,0.585167625,0.602868113,0.603141234,0.61303275,0.59352132,0.622321125,0.624746751,0.621977111,0.48081,0.465594493,0.617676938,0.644650133,0.606188684,0.608838,0.571235063,-2,0.42726525,0.597686739,0.431909438,0.570384718,0.672969056,-2,-2,0.644307532,-2,-2,-2,-2,-2,0.652609305GRD,0.136581794,0.315683333,0.521800267,0.546663832,0.493896827,0.494832014,0.520315235,0.541309271,0.552189633,0.441197813,-2,0.53909,0.425201167,0.486749687,0.522901111,0.545134323,0.571592308,0.373440308,0.510519976,0.530764286,0.554757739,0.553069822,0.553627978,0.516704304,0.533359133,0.540723707,0.544918,0.536118487,0.524042817,0.50405186,0.539465339,0.464146364,0.49538,0.499763894,0.495940384,0.250399956,0.402361048,0.353688341,0.320316827,0.319617445,0.288428487,-2,-2,-2,0.418585284,-2,0.386136812,0.303393209,0.494296017,0.425767777,0.494296017,-2,-2,0.318690853,-2,0.566806884,0.547525263,-2,-2,-2,0.542327778,-2,-2,0.460150569,0.550667947,0.495925573,-2,0.532925769,0.500799913,-2,-2,-2,0.500268618,0.497547965,-2,-2,-2,0.431827961,0.417162105,0.381269542,0.374779847,0.379647118,0.551891796,0.581230398,0.546585144,0.449905664,0.573737694,0.548728615,0.544476682,0.556886913,0.551523067,0.527835931,0.498820139,0.55313731,0.525788371,0.533144394,0.559352914,0.549805157,0.552413882,0.547870596,0.544589934,0.527233703,0.518103853,0.542821737,0.555224563,0.513271828,0.556890598,0.558538204,0.539511848,0.55608302,0.556886913,0.528557875,0.5472492,0.570571607,-2,0.578341229,0.571855714,0.551624018,0.547045399,0.446583217,-2,-2,0.530265915,0.521486144,0.526803358,0.5647332,0.498639079,0.560319606,0.558583655,0.52717804,0.546031214,0.530764286,0.563708276,0.533319387,-2,0.58269518,0.446824031,0.548575168,0.53006744,0.5573025,0.501391894,0.550237517,0.230802046,0.516846467,0.56823,0.549805157,0.549082699,0.549441514,0.548220533,0.53547173,0.531244616,-2,-2,-2,-2,-2,0.517304713,0.501448129,-2,-2,-2,0.339086529,0.512685852,0.542559048,0.523563545,0.528441466,0.487481002,0.529131165,0.541166793,0.521937571,0.539511848,0.533727944,0.5350104,0.534188571,0.530532511,0.511853445,0.336389798,0.527663191,0.534488948,-2,0.341454486,0.543148786,0.345576223,0.565746477,0.542907232,-2,-2,0.506938867,-2,-2,-2,-2,-2,0.51806916LCA,0.137203053,0.33175176,0.651044695,0.5354475,0.642259628,0.656217662,0.650536755,0.64864674,0.644743157,0.661711971,0.53909,-2,0.676678866,0.62458046,0.633795,0.602562218,0.618279619,0.566438607,0.657165954,0.642314746,0.59053774,0.650753767,0.64024666,0.642617945,0.620827431,0.622723446,0.645297632,0.647804616,0.633236661,0.586562582,0.6340864,0.581533044,0.630660589,0.58648963,0.638901308,0.214634479,0.472862727,0.349839526,0.30429192,0.307008812,0.260415358,-2,-2,-2,0.424417719,-2,0.392438058,0.30509261,0.483606801,0.467958784,0.475456125,-2,-2,0.300216581,-2,0.651660595,0.588132,-2,-2,-2,0.606366776,-2,-2,0.503983492,0.612998156,0.478564348,-2,0.589961059,0.479531462,-2,-2,-2,0.48081,0.477300438,-2,-2,-2,0.479048791,0.474097678,0.417637883,0.41899385,0.424417719,0.601184587,0.625122381,0.619476207,0.634056736,0.631523695,0.616270899,0.637709328,0.594730703,0.640624688,0.642360879,0.630828069,0.626618731,0.613239925,0.664998856,0.636133727,0.623399551,0.640016497,0.647591732,0.622608743,0.642431577,0.63366092,0.655489006,0.591423061,0.656833636,0.609942285,0.637304562,0.6068405,0.633995504,0.643338488,0.646085816,0.65565,0.593067084,-2,0.591759375,0.58034343,0.617423618,0.598784563,0.546815625,-2,-2,0.624755942,0.608522346,0.645170929,0.602119337,0.644163072,0.637528388,0.581533044,0.640097753,0.585828595,0.62854178,0.603566436,0.646620329,-2,0.634399684,0.508559835,0.600809387,0.649848491,0.588794514,0.624525759,0.641052969,0.247165233,0.623574454,0.615645665,0.634328049,0.626965313,0.631815527,0.626536882,0.643625688,0.53316322,-2,-2,-2,-2,-2,0.62863722,0.485693799,-2,-2,-2,0.368813132,0.55493388,0.637918585,0.628960531,0.645082747,0.62086378,0.628751538,0.642988616,0.649508266,0.658225911,0.667020192,0.53559897,0.534488948,0.643093309,0.658063965,0.640341429,0.653340792,0.621501563,-2,0.402100036,0.645569761,0.383081791,0.631076196,0.64638803,-2,-2,0.653576168,-2,-2,-2,-2,-2,0.667588849VCT,0.111346881,0.317493545,0.659248079,0.53401055,0.627201458,0.643085046,0.646352952,0.6450577,0.654275472,0.643041346,0.425201167,0.676678866,-2,0.6424151,0.603744375,0.591745715,0.640731018,0.5795946,0.654949519,0.643994,0.56823,0.606751403,0.644756123,0.648748421,0.621892431,0.605887846,0.641635047,0.649616411,0.634658571,0.585794448,0.642396,0.563295,0.641854485,0.604029295,0.645236332,0.205142025,0.469782857,0.331768257,0.298595614,0.310738364,0.257567209,-2,-2,-2,0.429480825,-2,0.380541909,0.31683046,0.486290459,0.479617909,0.4755648,-2,-2,0.298595614,-2,0.6316095,0.561946688,-2,-2,-2,0.589952545,-2,-2,0.547045399,0.583840714,0.48081,-2,0.569210673,0.483223435,-2,-2,-2,0.483223435,0.478664724,-2,-2,-2,0.466419323,0.481745688,0.395395046,0.406756973,0.397667431,0.579783917,0.607509933,0.582406216,0.639101358,0.619672094,0.597191227,0.623811852,0.573160701,0.6241788,0.634658571,0.615033323,0.611532764,0.593071398,0.630554669,0.634271589,0.603307618,0.624905963,0.641635047,0.607555714,0.632644737,0.609829862,0.633995504,0.575426159,0.636917143,0.58497,0.6241788,0.587228571,0.629102209,0.626369904,0.620427378,0.65018625,0.573356481,-2,0.565658824,0.579301283,0.598959455,0.588596666,0.546879901,-2,-2,0.601863551,0.598136842,0.625743158,0.585310523,0.616973273,0.640986901,0.592248861,0.623144146,0.567687018,0.617319692,0.576888211,0.633995504,-2,0.608632993,0.502931524,0.577684514,0.645951429,0.570318058,0.620792658,0.628043684,0.232378255,0.621142105,0.592513333,0.616888302,0.612746954,0.618455777,0.609639474,0.622321125,0.540623685,-2,-2,-2,-2,-2,0.609698462,0.494591179,-2,-2,-2,0.363581651,0.548240671,0.634609472,0.601749939,0.631381565,0.636586448,0.613544036,0.616973273,0.654717165,0.647042492,0.653389138,0.536388278,0.525644373,0.634658571,0.66105893,0.640183385,0.640986901,0.605887846,-2,0.396607914,0.63279106,0.378373067,0.617696049,0.591201679,-2,-2,0.66402,-2,-2,-2,-2,-2,0.656795955ATG,0.104383643,0.282823333,0.595874749,0.585609929,0.649454882,0.645913148,0.66784563,0.67001036,0.664176148,0.633995504,0.486749687,0.62458046,0.6424151,-2,0.5573025,0.656584418,0.658879803,0.56433154,0.640183385,0.658253077,0.632245379,0.65143134,0.674397654,0.66288259,0.656171599,0.663265346,0.667472307,0.6811475,0.665776666,0.61183568,0.667095262,0.548575168,0.627566891,0.633116922,0.645588044,0.173796802,0.456054811,0.296163938,0.258921766,0.261743333,0.213833093,-2,-2,-2,0.401611643,-2,0.330253333,0.279535857,0.566148571,0.445489834,0.556859141,-2,-2,0.269562386,-2,0.67444876,0.653590367,-2,-2,-2,0.660506667,-2,-2,0.537351337,0.65382875,0.560874952,-2,0.64448086,0.560406014,-2,-2,-2,0.560406014,0.558632577,-2,-2,-2,0.479973445,0.464640429,0.363554534,0.3839195,0.366227357,0.651088034,0.663107086,0.6491875,0.665275668,0.673054286,0.66681222,0.667686087,0.646381373,0.680702014,0.668585657,0.573945109,0.674031712,0.658711812,0.64654375,0.682191976,0.66858132,0.688224357,0.66288259,0.668939501,0.666446475,0.665152174,0.652190935,0.638186914,0.643041346,0.654398162,0.684124543,0.652840072,0.678920072,0.671337995,0.661973528,0.682100154,0.639765147,-2,0.629491943,0.632916407,0.663832678,0.681501343,0.51717672,-2,-2,0.656971209,0.663107086,0.625967278,0.646613798,0.660506667,0.680534406,0.652190935,0.662341408,0.643632409,0.677295862,0.657402782,0.668763,-2,0.67358813,0.477054487,0.650639341,0.670704513,0.644613225,0.647129316,0.675193413,0.210224286,0.65911738,0.665152174,0.677019333,0.675193413,0.678455217,0.674865507,0.668943796,0.5937275,-2,-2,-2,-2,-2,0.608316373,0.570474278,-2,-2,-2,0.321759976,0.574994643,0.656623737,0.665409478,0.674234536,0.62535594,0.663455357,0.657536762,0.663644466,0.673070652,0.67210264,0.591078409,0.587801642,0.661686143,0.65986164,0.651558917,0.64510306,0.663074426,-2,0.363554534,0.689425909,0.336150714,0.684347143,0.609878208,-2,-2,0.664664532,-2,-2,-2,-2,-2,0.671296193KNA,0.203580822,0.396982602,0.580205343,0.386803561,0.538456522,0.546982083,0.61194,0.551994857,0.575617605,0.610378928,0.522901111,0.633795,0.603744375,0.5573025,-2,0.478414931,0.62322,0.541379572,0.58608338,0.52634125,0.407161643,0.5573025,0.570026302,0.567622917,0.505700417,0.481425634,0.52634125,0.539489178,0.549668219,0.474739167,0.527687392,0.5325335,0.5354475,0.498773014,0.533754507,0.27483411,0.427519726,0.36644548,0.36644548,0.386803561,0.325729315,-2,-2,-2,0.386803561,-2,0.427519726,0.37662452,0.356266439,0.458056849,0.361214583,-2,-2,0.356266439,-2,0.5354475,0.4794,-2,-2,-2,0.46823589,-2,-2,0.478414931,0.439562535,0.366302112,-2,0.477687857,0.371535,-2,-2,-2,0.371535,0.361214583,-2,-2,-2,0.429096761,0.458056849,0.427519726,0.417340685,0.417340685,0.458056849,0.507174762,0.481425634,0.536661667,0.53872575,0.458056849,0.529310137,0.427519726,0.520149,0.539489178,0.529310137,0.509533714,0.447877808,0.539489178,0.559847261,0.46823589,0.516020833,0.525864923,0.488593973,0.539489178,0.527687392,0.546982083,0.427519726,0.5573025,0.458056849,0.544220282,0.447877808,0.505700417,0.519131096,0.544220282,0.545692031,0.392175833,-2,0.403380857,0.471790476,0.447877808,0.49538,0.456457286,-2,-2,0.488593973,0.498773014,0.537296769,0.430765217,0.520149,0.516020833,0.421073,0.537296769,0.408165212,0.491891408,0.445842,0.551994857,-2,0.499076866,0.498773014,0.452303478,0.536661667,0.450345455,0.498918428,0.527687392,0.315241818,0.502357183,0.473841739,0.48081,0.49538,0.49538,0.50614913,0.520149,0.39339,-2,-2,-2,-2,-2,0.509533714,0.361214583,-2,-2,-2,0.37662452,0.437698767,0.5573025,0.516020833,0.536661667,0.529310137,0.519131096,0.539489178,0.549668219,0.549668219,0.576711045,0.398457826,0.39339,0.5573025,0.583024154,0.571592308,0.5791575,0.485059583,-2,0.396982602,0.546982083,0.407161643,0.550896724,0.547525263,-2,-2,0.577943333,-2,-2,-2,-2,-2,0.551994857MEX,0.096009044,0.288474297,0.598613035,0.646541286,0.613730171,0.627187675,0.643856203,0.683503248,0.662709902,0.53872575,0.545134323,0.602562218,0.591745715,0.656584418,0.478414931,-2,0.627801523,0.53278946,0.62347006,0.654837081,0.711892238,0.634191163,0.69252102,0.645883733,0.698647337,0.697785956,0.676370869,0.675882834,0.681899595,0.639782267,0.680097966,0.520280053,0.619765808,0.666444057,0.638238548,0.207019502,0.422334691,0.30861375,0.270025437,0.270025437,0.259723522,-2,-2,-2,0.43245875,-2,0.374523217,0.329030996,0.597860903,0.449622008,0.587846482,-2,-2,0.277026097,-2,0.705432591,0.689403833,-2,-2,-2,0.702176215,-2,-2,0.555052288,0.710407582,0.589435257,-2,0.664634833,0.59105568,-2,-2,-2,0.592243884,0.590055586,-2,-2,-2,0.481693625,0.439633059,0.36454375,0.37453125,0.368530674,0.707685714,0.711703144,0.704141833,0.666430494,0.698559984,0.701899906,0.680046279,0.704336585,0.697637731,0.66680484,0.562323243,0.703688327,0.687085274,0.626346522,0.693192698,0.695097074,0.699065855,0.669478473,0.689850121,0.667950902,0.661377063,0.661860164,0.696182181,0.611440457,0.714762571,0.697760853,0.708318446,0.702958259,0.693324728,0.664354958,0.68723237,0.69189438,-2,0.692053254,0.694448065,0.697250671,0.712386679,0.518497733,-2,-2,0.674629342,0.685212642,0.620775832,0.71278182,0.671765303,0.694723154,0.698451478,0.66279374,0.698035454,0.690924737,0.701905611,0.669964731,-2,0.712517929,0.511424696,0.693055673,0.674248751,0.674670251,0.668220613,0.688103178,0.178244205,0.67099627,0.685508239,0.704176529,0.695747114,0.698526294,0.700666549,0.672011394,0.647591732,-2,-2,-2,-2,-2,0.636609899,0.604130319,-2,-2,-2,0.31745713,0.654300564,0.671226215,0.667961846,0.669964731,0.617319692,0.672874453,0.669067121,0.64993589,0.669981147,0.667837056,0.656488097,0.650052604,0.666062745,0.647224739,0.654307372,0.648253856,0.681734046,-2,0.345032503,0.654377511,0.341032127,0.71454524,0.573409509,-2,-2,0.620907677,-2,-2,-2,-2,-2,0.636738434BLZ,0.111151745,0.301743895,0.637819292,0.570167285,0.617948247,0.645516117,0.647055337,0.67210264,0.64911862,0.66620069,0.571592308,0.618279619,0.640731018,0.658879803,0.62322,0.627801523,-2,0.5597794,0.631723119,0.650455478,0.615026865,0.634382149,0.66750356,0.662121034,0.646239348,0.636618961,0.66496321,0.666910471,0.663015497,0.636330663,0.669412916,0.55267484,0.625980182,0.634835715,0.623019693,0.22230349,0.424023324,0.312007293,0.28405446,0.288171191,0.265529169,-2,-2,-2,0.42079931,-2,0.383851078,0.341688698,0.526941606,0.46390558,0.516649779,-2,-2,0.287375138,-2,0.643551697,0.598366895,-2,-2,-2,0.638383342,-2,-2,0.533696685,0.634794086,0.520149,-2,0.615624855,0.522824875,-2,-2,-2,0.522824875,0.518708144,-2,-2,-2,0.445431464,0.456957175,0.365376961,0.377693039,0.372564183,0.611164083,0.632822225,0.61194,0.66013808,0.643085046,0.63306243,0.631819407,0.621667014,0.639865833,0.660986686,0.602432457,0.647532428,0.637213659,0.649369091,0.646239348,0.640151718,0.652250333,0.663975714,0.639865833,0.66728949,0.661541944,0.655404438,0.614381899,0.632062591,0.623684792,0.651742961,0.621289083,0.651742961,0.648611949,0.642537,0.674689325,0.624854318,-2,0.599321339,0.611164083,0.632225304,0.619644813,0.570609627,-2,-2,0.619999031,0.631280708,0.62465247,0.63244441,0.661513536,0.656024657,0.59791214,0.644565044,0.618874164,0.647857688,0.613464767,0.656857459,-2,0.640731018,0.529877214,0.610077358,0.667120856,0.601230427,0.622455739,0.663305424,0.20434425,0.629229192,0.645297632,0.635714277,0.631299025,0.640505408,0.63306243,0.673995888,0.577710761,-2,-2,-2,-2,-2,0.6184965,0.53015596,-2,-2,-2,0.355022333,0.576802956,0.662162665,0.63780175,0.643718023,0.645964261,0.656857459,0.641648189,0.66279374,0.668347877,0.663622264,0.564554685,0.5704155,0.658206852,0.664392,0.626618731,0.637819292,0.651487143,-2,0.377693039,0.654067186,0.362272355,0.65518,0.618455777,-2,-2,0.676464286,-2,-2,-2,-2,-2,0.6424151GTM,0.166181789,0.351483905,0.550377617,0.457549534,0.612196614,0.617207981,0.595927426,0.5596995,0.56285701,0.601532857,0.373440308,0.566438607,0.5795946,0.56433154,0.541379572,0.53278946,0.5597794,-2,0.636917143,0.616723081,0.516704304,0.607482988,0.56865164,0.596616785,0.5668905,0.545978945,0.583137715,0.568579122,0.568019856,0.527532067,0.599932563,0.634184495,0.625343407,0.5381265,0.62227537,0.246898658,0.478447297,0.353165646,0.319306438,0.317106305,0.283414519,-2,-2,-2,0.414791866,-2,0.37566973,0.344233706,0.406607904,0.498918428,0.397649281,-2,-2,0.321167416,-2,0.575527539,0.424215336,-2,-2,-2,0.540200095,-2,-2,0.508041469,0.537875833,0.397732981,-2,0.509709173,0.400023307,-2,-2,-2,0.398923798,0.398200191,-2,-2,-2,0.494587392,0.49339848,0.418347225,0.43375378,0.424950575,0.530950193,0.538085172,0.537853917,0.627394195,0.56032311,0.542143872,0.570009723,0.525231889,0.563004572,0.570093049,0.581102995,0.5573025,0.556096217,0.587856365,0.559416926,0.5539906,0.57214016,0.555487182,0.557004318,0.578344126,0.584601666,0.56865164,0.522320308,0.58267715,0.536727929,0.564160691,0.53909,0.560874952,0.57319051,0.582947172,0.597520206,0.521367147,-2,0.505864233,0.50332951,0.546965676,0.542283,0.568851101,-2,-2,0.561710542,0.561038226,0.57879626,0.531617605,0.581730642,0.562628044,0.472862727,0.599092561,0.518930853,0.57040149,0.529155909,0.577811232,-2,0.549169072,0.439411587,0.530590834,0.570318058,0.516328905,0.574827736,0.554889935,0.261151413,0.561510825,0.540755143,0.556088333,0.547148006,0.55100021,0.54595336,0.562420892,0.454235482,-2,-2,-2,-2,-2,0.537019394,0.406861279,-2,-2,-2,0.378074016,0.488675016,0.546303108,0.574244496,0.573055584,0.573014179,0.562065769,0.557601642,0.575433408,0.578077148,0.597233832,0.447679982,0.448140155,0.560270032,0.586769069,0.649843505,0.596411447,0.566546147,-2,0.417828498,0.579364389,0.398836294,0.551750828,0.565658824,-2,-2,0.577943333,-2,-2,-2,-2,-2,0.570825805HND,0.140850582,0.335044955,0.637409351,0.550050315,0.681489613,0.665385409,0.654499737,0.650325925,0.64689453,0.610742466,0.510519976,0.657165954,0.654949519,0.640183385,0.58608338,0.62347006,0.631723119,0.636917143,-2,0.680568785,0.607128512,0.663676878,0.65201301,0.674496218,0.645415785,0.632010231,0.669453158,0.663972593,0.651991166,0.616258652,0.667127311,0.643424598,0.672188919,0.625743158,0.685124175,0.234011597,0.478399761,0.349940566,0.309427656,0.309241707,0.274757919,-2,-2,-2,0.454036811,-2,0.397559061,0.340481328,0.49982287,0.50533183,0.489826412,-2,-2,0.308318597,-2,0.667197375,0.594456,-2,-2,-2,0.626618731,-2,-2,0.543439254,0.626398948,0.491295157,-2,0.606188684,0.492422507,-2,-2,-2,0.493148559,0.490204388,-2,-2,-2,0.497601435,0.49538,0.413062757,0.423029419,0.415897388,0.618814917,0.637431615,0.631992526,0.680194846,0.658661676,0.633564947,0.657113653,0.611673476,0.653543494,0.6539016,0.639604557,0.647301661,0.631100548,0.650906279,0.643541598,0.637398926,0.655191961,0.651178901,0.645033778,0.663012383,0.661894286,0.659629666,0.609092227,0.654414867,0.624089003,0.645856331,0.62376977,0.64934946,0.660379057,0.662049906,0.683337685,0.608793951,-2,0.603744375,0.596102041,0.632329314,0.619476207,0.563708276,-2,-2,0.621851403,0.634204549,0.636917143,0.620536521,0.674382857,0.656747896,0.591383876,0.666594286,0.604957143,0.65046518,0.624319889,0.665319776,-2,0.642785756,0.519925856,0.619414076,0.660014486,0.605763587,0.647344396,0.646934612,0.243441458,0.630312792,0.633760798,0.643918021,0.634682346,0.639647247,0.637398926,0.651597857,0.55071906,-2,-2,-2,-2,-2,0.6316095,0.504511428,-2,-2,-2,0.380976099,0.58471082,0.646048572,0.658402354,0.653946162,0.643305972,0.647118018,0.647080715,0.658402354,0.661377063,0.682542634,0.553947094,0.548966779,0.655454283,0.666612636,0.677019333,0.676968681,0.654928063,-2,0.397043373,0.657193532,0.388170896,0.642739873,0.625236893,-2,-2,0.652424413,-2,-2,-2,-2,-2,0.660045419SLV,0.136460488,0.327544408,0.625104881,0.587593593,0.669432433,0.659542423,0.652800756,0.674346763,0.660506667,0.608419731,0.530764286,0.642314746,0.643994,0.658253077,0.52634125,0.654837081,0.650455478,0.616723081,0.680568785,-2,0.64053957,0.670546368,0.671125361,0.679347427,0.678455217,0.668433723,0.683712337,0.683196733,0.676781741,0.642423631,0.695165937,0.619687108,0.682481215,0.651664863,0.681876,0.231343171,0.464949514,0.341151219,0.296375122,0.298507317,0.272637194,-2,-2,-2,0.451377765,-2,0.397011686,0.339019024,0.535949914,0.478749386,0.527408879,-2,-2,0.299573415,-2,0.685556842,0.638901308,-2,-2,-2,0.654837081,-2,-2,0.561833415,0.658209883,0.527858084,-2,0.636288089,0.529850488,-2,-2,-2,0.530764286,0.527718293,-2,-2,-2,0.483636078,0.475095043,0.400852683,0.409859527,0.402984878,0.656339432,0.663701842,0.660235967,0.678455217,0.674070643,0.664908458,0.675814029,0.645582682,0.676398017,0.677117042,0.618469847,0.677927162,0.663146773,0.666772634,0.666386904,0.667780969,0.689765122,0.66985575,0.673474107,0.682411225,0.661308253,0.672867166,0.641398122,0.653812342,0.657041635,0.677568165,0.657497799,0.677850907,0.684377437,0.682457039,0.707794089,0.643775771,-2,0.637762309,0.631161867,0.664516886,0.662582727,0.554053784,-2,-2,0.653669391,0.663325903,0.636516566,0.651928658,0.693669225,0.678358198,0.636126923,0.699101361,0.63941119,0.681058403,0.656640408,0.691823793,-2,0.678152808,0.524960244,0.656995909,0.684518639,0.640081162,0.667619815,0.676898803,0.220484705,0.667576676,0.665969504,0.679597158,0.666830159,0.671993739,0.667686087,0.681328032,0.587157991,-2,-2,-2,-2,-2,0.635775714,0.543012692,-2,-2,-2,0.362993965,0.602546733,0.665255885,0.69083122,0.687632927,0.644803685,0.675712576,0.675027253,0.67464341,0.694538578,0.692629818,0.590256547,0.587835714,0.675809354,0.678655263,0.67037837,0.684638679,0.688463991,-2,0.378464634,0.665763028,0.377398536,0.659493619,0.626965313,-2,-2,0.646007155,-2,-2,-2,-2,-2,0.661399243NIC,0.069727857,0.266716466,0.594888647,0.687757205,0.598366895,0.612873975,0.627099538,0.671398,0.648418331,0.50995,0.554757739,0.59053774,0.56823,0.632245379,0.407161643,0.711892238,0.615026865,0.516704304,0.607128512,0.64053957,-2,0.624880913,0.673702787,0.62713,0.676668,0.69702964,0.673745685,0.659578988,0.667716422,0.642880786,0.6753195,0.497652386,0.600085318,0.660156822,0.618157371,0.18941,0.400114615,0.284756895,0.246649286,0.248730715,0.241080295,-2,-2,-2,0.408428686,-2,0.354387231,0.313255,0.630515217,0.433803436,0.624262174,-2,-2,0