1987,USA,CAN,BHS,CUB,HTI,DOM,JAM,TTO,BRB,DMA,GRD,LCA,VCT,ATG,KNA,MEX,BLZ,GTM,HND,SLV,NIC,CRI,PAN,COL,VEN,GUY,SUR,ECU,PER,BRA,BOL,PRY,CHL,ARG,URY,GBR,IRL,NLD,BEL,LUX,FRA,MCO,LIE,CHE,ESP,AND,PRT,DEU,POL,AUT,HUN,CZE,SVK,ITA,SMR,MLT,ALB,MNE,MKD,HRV,SRB,BIH,SVN,GRC,CYP,BGR,MDA,ROU,RUS,EST,LVA,LTU,UKR,BLR,ARM,GEO,AZE,FIN,SWE,NOR,DNK,ISL,CPV,STP,GNB,GNQ,GMB,MLI,SEN,BEN,MRT,NER,CIV,GIN,BFA,LBR,SLE,GHA,TGO,CMR,NGA,GAB,CAF,TCD,COG,COD,UGA,KEN,TZA,BDI,RWA,SOM,DJI,ETH,ERI,AGO,MOZ,ZMB,ZWE,MWI,ZAF,NAM,LSO,BWA,SWZ,MDG,COM,MUS,SYC,MAR,DZA,TUN,LBY,SDN,SSD,IRN,TUR,IRQ,EGY,SYR,LBN,JOR,ISR,SAU,YEM,KWT,BHR,QAT,ARE,OMN,AFG,TKM,TJK,KGZ,UZB,KAZ,CHN,MNG,TWN,PRK,KOR,JPN,IND,BTN,PAK,BGD,MMR,LKA,MDV,NPL,THA,KHM,LAO,VNM,MYS,SGP,BRN,PHL,IDN,TLS,AUS,PNG,NZL,VUT,SLB,KIR,TUV,FJI,TON,NRU,MHL,PLW,FSM,WSMUSA,-2,0.377849117,0.135690789,0.061897106,0.149552773,0.161359571,0.1375,0.122617124,0.139512195,0.230567686,0.160869565,0.156872852,0.152307692,0.146191249,0.163146068,0.129099678,0.164871194,0.154745763,0.171993127,0.176516634,0.099018004,0.188679246,0.142134831,0.135714285,0.132211539,0.110355988,0.128397213,0.126375404,0.130658106,0.134405145,0.125967742,0.172710281,0.162166963,0.122419355,0.136378466,0.611698718,0.246794871,0.42728732,0.42375602,0.411612903,0.499837133,-2,0.190123457,-2,0.271910112,-2,0.404333868,0.444642857,0.114845025,0.21894061,0.119604613,-2,-2,0.402093397,-2,0.141071428,0.078571428,-2,-2,-2,0.104508857,-2,-2,0.21717496,0.114545454,0.115322581,-2,0.123244147,0.110534846,-2,-2,-2,0.110177706,0.11,-2,-2,-2,0.22459807,0.235209004,0.298394864,0.301926164,0.293214863,0.124874792,0.121739131,0.129294756,0.157948718,0.12027833,0.104152824,0.137277148,0.094664372,0.125083613,0.134280937,0.171707317,0.132220367,0.108225807,0.159510358,0.141071428,0.123414634,0.137277148,0.156882255,0.125870647,0.136577181,0.148697068,0.145588235,0.103736655,0.152727273,0.100983607,0.139101498,0.110714286,0.122222222,0.136601308,0.138625204,0.135849056,0.091666666,-2,0.07541806,0.091504425,0.108910891,0.11530782,0.16751269,-2,0.159036144,0.133928572,0.130145868,0.133109243,0.095016612,0.13531746,0.1321489,0.097597042,0.132,0.071312804,0.122022838,0.079605263,0.129301533,-2,0.097004992,0.260806451,0.094184168,0.127741935,0.079229481,0.122222222,0.129411765,0.590243903,0.134146342,0.087417219,0.114925373,0.13171521,0.123657718,0.126785714,0.134768212,0.08349835,-2,-2,-2,-2,-2,0.144592346,0.099670511,-2,-2,-2,0.324879614,0.113548387,0.103980099,0.136173633,0.140268457,0.115183246,0.115695793,0.10766721,0.122222222,0.134280937,0.141463414,0.082089553,0.084477125,0.139935588,0.147538201,0.136824877,0.138610662,0.121035598,-2,0.294863564,0.133833334,0.261736334,0.123119267,0.136082474,-2,-2,0.157142857,-2,-2,-2,-2,-2,0.156616415CAN,0.377849117,-2,0.542857143,0.418630573,0.520848056,0.547079646,0.552791878,0.51754386,0.545585875,0.521304347,0.534901961,0.549066214,0.560202361,0.55088,0.514790287,0.501111112,0.548735633,0.531543625,0.556514383,0.558560311,0.467098865,0.59762309,0.519557195,0.532315113,0.523892405,0.481469649,0.486792452,0.512980769,0.500316957,0.45366242,0.511464968,0.597959184,0.609171076,0.470926518,0.551785715,0.78245614,0.838924051,0.942105263,0.931578947,0.919585987,0.788511327,-2,0.896296297,-2,0.842105263,-2,0.911727417,0.911935484,0.524232633,0.792209857,0.534747145,-2,-2,0.90992,-2,0.611698718,0.505531915,-2,-2,-2,0.484419714,-2,-2,0.771929825,0.48091354,0.511341853,-2,0.53178808,0.480256822,-2,-2,-2,0.47696,0.477955271,-2,-2,-2,0.810063898,0.808306709,0.933333333,0.926315789,0.918138042,0.509225701,0.504882813,0.517647059,0.525,0.494674556,0.497704918,0.52448,0.468483816,0.502805281,0.495544555,0.572990354,0.516474465,0.483439491,0.512244898,0.518269231,0.496147673,0.528,0.519344263,0.487888707,0.519039736,0.526935484,0.524149109,0.45978836,0.525774878,0.481583199,0.518390805,0.486538461,0.505405405,0.517230274,0.504684975,0.514576271,0.470161291,-2,0.432727273,0.485689355,0.478338762,0.485081968,0.557357859,-2,0.530120482,0.522632424,0.52272,0.543615257,0.477868853,0.510331384,0.518729097,0.485531135,0.502960526,0.44528,0.504830918,0.45,0.47697479,-2,0.469622331,0.726315789,0.450877193,0.486942675,0.438181818,0.495090016,0.500322581,0.594498381,0.504975923,0.460130719,0.498690671,0.502555911,0.508112583,0.504166666,0.510457517,0.457585644,-2,-2,-2,-2,-2,0.507553366,0.475530179,-2,-2,-2,0.866666667,0.428753994,0.477086743,0.495873016,0.504470199,0.493103448,0.495527156,0.47826087,0.512400636,0.506435644,0.532026144,0.471428572,0.461003236,0.505405405,0.552763819,0.517124395,0.525399361,0.486741214,-2,0.875438597,0.530909091,0.859265176,0.499817518,0.542542373,-2,-2,0.566229508,-2,-2,-2,-2,-2,0.6105BHS,0.135690789,0.542857143,-2,0.90210697,1.00734767,0.987634408,1.024786325,1.004347826,1.033928572,0.886637931,0.975099601,0.980475382,0.983617747,1.007142858,0.971868132,0.974235105,0.980875576,0.988888889,0.977568493,0.922789784,0.953453948,0.909106529,1.009022556,1.022459017,0.986998395,0.966720517,0.998254799,0.993954248,0.977382876,0.946428571,1.000484652,1.000189036,0.974456522,0.949265906,1.036258278,0.382843138,0.716853932,0.49248366,0.490686274,0.490081301,0.443283583,-2,0.662650603,-2,0.686601308,-2,0.518167202,0.449090909,0.889090909,0.766775244,0.908139535,-2,-2,0.524754098,-2,0.910406504,0.978833693,-2,-2,-2,0.968709677,-2,-2,0.76748366,0.952483444,0.91096563,-2,0.937310924,0.944407895,-2,-2,-2,0.943627451,0.946972177,-2,-2,-2,0.750736498,0.75613748,0.650653595,0.630882353,0.615131579,0.991289782,0.999403579,0.996,0.941623036,0.983632735,0.985074627,0.984116694,0.964150944,0.980833334,0.987979967,0.930081301,0.993843594,0.974235105,0.958601135,0.982333873,0.976384365,0.992857143,0.975747508,0.985454546,0.991652754,0.995581015,0.991625616,0.968392857,0.970909091,0.966557378,0.983056479,0.96406504,0.986634461,0.986579378,0.979378069,0.981132075,0.958006536,-2,0.92680067,0.99329806,0.960231023,0.95906822,0.924745763,-2,0.996470588,0.966071428,0.969642857,0.963193277,0.959768212,0.987179487,0.969932433,0.976199263,0.996019901,0.934466019,0.974183007,0.942339374,0.963202726,-2,0.966611296,0.726178862,0.932686084,0.970274636,0.939429531,0.979801325,0.961601308,0.304448106,0.971428571,0.950414594,0.983056479,0.962722852,0.980434783,0.967642277,0.966832504,0.942857143,-2,-2,-2,-2,-2,0.951252086,0.95564784,-2,-2,-2,0.591339869,0.893973941,0.983250414,0.976006441,0.980634391,1.009615385,0.966504855,0.958469056,0.998870968,1.006187291,1.007317073,0.95284281,0.940264027,0.986634461,1.031133672,0.988379706,0.998379254,0.969854133,-2,0.697385621,1.007407408,0.729738562,0.992830882,1.011320754,-2,-2,1.00331675,-2,-2,-2,-2,-2,1.005982907CUB,0.061897106,0.418630573,0.90210697,-2,0.936460177,0.905653711,0.914189189,0.96491228,0.936057692,0.744396552,0.839530332,0.881864407,0.87554806,0.89056,0.864459162,1.000476191,0.856682027,0.932888147,0.865084746,0.829787234,1.034354839,0.794754653,0.94547135,0.9416,0.967721519,1.010526316,0.980927835,0.957894737,0.985126582,0.967511886,0.977388535,0.877962963,0.843915344,0.987898089,0.916071429,0.286421726,0.577848102,0.378947369,0.368421053,0.381309904,0.370226537,-2,0.536585366,-2,0.538596491,-2,0.404437402,0.335322581,0.9453958,0.635087719,0.953094462,-2,-2,0.40128,-2,0.821474359,1.039278131,-2,-2,-2,1.021303657,-2,-2,0.643859649,1.013866231,0.95942492,-2,0.935820896,1.009807074,-2,-2,-2,1.013897764,1.015654952,-2,-2,-2,0.623801917,0.636102236,0.535087719,0.512280702,0.496147673,0.996705107,1.013894325,0.997674418,0.820812182,0.966011787,1.009836066,0.95744,1.028790461,0.998349835,0.965676568,0.815273312,0.996705107,1.007313196,0.852602231,0.9625,0.988764044,0.95216,0.885409836,0.988562091,0.954545455,0.903064516,0.941329012,1.010915494,0.872104405,1.007592892,0.966557378,1.011858975,0.991746032,0.974032258,0.972258065,0.97715736,1.041451613,-2,1.072727273,1.040488656,1.017589576,1.016912972,0.824540902,-2,1.021428572,0.932263243,0.978365385,0.924875622,1.040491803,0.968945313,0.956521739,1.031751824,0.973563218,1.05776,0.986634461,1.048214286,0.998489933,-2,1.027750411,0.67408,1.019298246,0.968630573,1.047359737,0.973977087,0.970483872,0.204692556,0.967788461,1.019117647,1.020785598,0.975239617,0.998013245,1.001282051,0.963398692,1.051707317,-2,-2,-2,-2,-2,0.946469622,1.030357143,-2,-2,-2,0.431578948,0.99682035,0.981178396,0.99,0.978181818,0.958003442,0.984210526,1.004347826,0.954848967,0.958415842,0.97510917,1.040686274,1.050402576,0.97408585,0.927090302,0.956058158,0.971725239,1.005111821,-2,0.568421052,0.945454545,0.604472844,1.006170598,0.952461799,-2,-2,0.887561375,-2,-2,-2,-2,-2,0.850666666HTI,0.149552773,0.520848056,1.00734767,0.936460177,-2,1.030725191,1.024629629,1.026666666,1.027836879,0.881018519,0.980638298,1.016014898,1.006985294,1.003169014,1.013824885,1.01508772,0.976530612,1.033759124,0.993877551,0.947222222,0.985251798,0.926641651,1.034393638,1.025754884,1.013461538,1.001232395,1.047037037,1.027836879,1.020598591,0.948409894,1.043838028,1.011363637,0.935756385,0.982562277,1.020433996,0.371886121,0.678846154,0.482352941,0.478431372,0.483922262,0.418953069,-2,0.616666667,-2,0.641176471,-2,0.498949212,0.433273381,0.917657657,0.72358156,0.937704918,-2,-2,0.503921569,-2,0.907597173,1.019002376,-2,-2,-2,1.003677759,-2,-2,0.725490196,0.990990991,0.940892857,-2,0.973076924,0.983482944,-2,-2,-2,0.976470589,0.980178572,-2,-2,-2,0.715,0.721568628,0.623529412,0.607843137,0.588509875,1.031376147,1.046511628,1.038888888,0.974722222,1.025545851,1.030505416,1.031858407,1.01380597,1.028130672,1.034476534,0.959574469,1.048375451,1.005272408,0.9856,1.039858907,1.014788732,1.035978836,1.014466547,1.028904847,1.032123412,1.021708185,1.040966011,1.001937984,1.001433692,1.000177936,1.020577617,0.989026548,1.030404218,1.03221831,1.023529411,1.034814815,0.98627451,-2,0.960507247,1.03125,0.991382405,0.993357272,0.941404806,-2,1.033333333,0.974955595,1.010600707,1.002941177,0.994575045,1.050429184,1.010649819,1.026666666,1.035883424,0.973674912,1.020176991,0.981294964,1.010037174,-2,1.004520795,0.745663717,0.981657849,1.017162872,0.985164836,1.026534296,1.021428572,0.320253165,1.020318021,1.002707582,1.026401446,1.014638448,1.032,1.016283186,1.016304347,0.977558349,-2,-2,-2,-2,-2,0.96149635,0.992585895,-2,-2,-2,0.549019607,0.91634103,1.010971223,1.022942207,1.028130672,1.00956023,1.005105633,1.010283688,1.026537786,1.046292948,1.039904988,0.990199637,0.975135135,1.036203867,1.020702403,1.025223614,1.042003515,1.006713781,-2,0.666666667,1.029227942,0.703214285,1.026369168,1.019662921,-2,-2,0.995143885,-2,-2,-2,-2,-2,0.976865671DOM,0.161359571,0.547079646,0.987634408,0.905653711,1.030725191,-2,1.022592593,0.999472759,1.014184398,0.917535545,1.004347826,1.027605119,1.040706319,1.01254417,1.021609195,0.987873462,0.968447838,1.008671587,0.993027523,0.951162791,0.957553957,0.938175047,1.013043479,1.002135231,0.98056042,0.979929577,1.008159393,1.006382979,0.985739437,0.919257951,1.010915494,0.99022869,0.951467711,0.953723405,1.004864865,0.4,0.703152364,0.505882353,0.509803922,0.513074205,0.430434783,-2,0.613114754,-2,0.643137255,-2,0.538421052,0.454901961,0.893873874,0.730728241,0.904710145,-2,-2,0.537254902,-2,0.916991151,0.97368421,-2,-2,-2,0.980350877,-2,-2,0.721568628,0.978880867,0.915686275,-2,0.941441442,0.948479428,-2,-2,-2,0.94733096,0.949288256,-2,-2,-2,0.711764706,0.709803921,0.641176471,0.62745098,0.60805009,0.998,1.013457557,1.00998004,0.958064516,0.996043956,0.992391304,1.00460177,0.977094972,1.009836066,1.011678832,0.940070922,1.010649819,0.974340949,0.966600397,1.012698413,0.992920354,1.002826855,0.972321428,0.988235294,1.01016334,1.000707964,1.011449017,0.975192308,0.977117117,0.980178572,0.998736462,0.969094138,0.999472759,1.011607143,1.001610018,1.005947955,0.962745098,-2,0.933089579,0.999236642,0.967921147,0.97,0.923357664,-2,0.993548387,0.951509769,0.973674912,0.975547445,0.968953069,1.005921052,0.983063063,0.9966,1.009836066,0.945921986,1.002135231,0.945683453,0.98141264,-2,0.969892473,0.709929078,0.948409894,0.995606327,0.951730419,1.006340579,0.990196078,0.320253165,0.990973452,0.967207207,1.002531646,0.987079646,1.001100917,0.988632327,0.986206896,0.954792044,-2,-2,-2,-2,-2,0.92,0.957553957,-2,-2,-2,0.574509804,0.897163121,0.968716095,0.990192644,1.005137615,0.985769231,0.989806678,0.974733096,0.995422535,1.009671533,1.017948718,0.953333334,0.938640429,1.008978873,1.010865561,1.001433692,1.004938272,0.979717813,-2,0.688235294,1.002941177,0.718928572,0.994313726,1.007155963,-2,-2,0.974509804,-2,-2,-2,-2,-2,1.007992565JAM,0.1375,0.552791878,1.024786325,0.914189189,1.024629629,1.022592593,-2,1.013255034,1.051607445,0.909333334,1.012804878,1.025357143,1.019893428,1.046023689,1.017312073,0.996644295,0.989731051,1.02614841,0.990780142,0.947346939,0.963683304,0.946511628,1.013555992,1.021294718,0.998829432,0.990740741,1.002177858,1.010356536,0.996296297,0.938071066,1.007563026,1.011045365,0.98258427,0.970918367,1.031606217,0.412265758,0.70451505,0.515332198,0.524701874,0.523898305,0.452941177,-2,0.636144578,-2,0.67649063,-2,0.547236181,0.484905661,0.887219344,0.745161291,0.912847222,-2,-2,0.543441227,-2,0.929054055,0.998878924,-2,-2,-2,0.982077052,-2,-2,0.745826235,0.967469879,0.910409556,-2,0.940384616,0.962264151,-2,-2,-2,0.953833049,0.957337884,-2,-2,-2,0.7439523,0.748976109,0.648381601,0.633390119,0.61969178,1.004013962,1.021920668,1.005065666,0.967397261,1.02851153,0.993425606,1.02927242,0.985045045,1.017595819,1.007853403,0.960169492,1.019791666,0.985570469,0.982840236,1.020101352,0.993908629,1.031365936,0.975257732,0.986597938,1.004181185,1.015816327,1.019145299,0.980036969,0.982413793,0.981942079,1.018307426,0.977364865,1.005872483,1.032423208,1.002389079,1.009642857,0.970698467,-2,0.935478261,1.019266056,0.973584906,0.976297578,0.937037037,-2,1.035294118,0.978813559,0.988701518,0.999472759,0.978200692,1.007201646,1.006713781,0.997674418,1.014359862,0.952961083,1.017826825,0.954467355,0.990780142,-2,0.976511226,0.760677966,0.940472176,1.00033557,0.953846154,0.999134948,1.010051107,0.31782007,1.007251265,0.961790017,1.001208981,1.00152027,1.007530648,0.997457627,0.997231833,0.962738302,-2,-2,-2,-2,-2,0.935478261,0.968911918,-2,-2,-2,0.588415673,0.905772496,0.988679245,0.981879195,1.002604166,1.001821493,1.005872483,0.978607809,1.009411765,1.02705061,1.020881671,0.966086957,0.95232358,1.000502513,1.038137082,1.021294718,1.024074074,0.975506756,-2,0.687734242,1.03028169,0.732081911,1.010416667,1.033451957,-2,-2,0.985299146,-2,-2,-2,-2,-2,1.023529411TTO,0.122617124,0.51754386,1.004347826,0.96491228,1.026666666,0.999472759,1.013255034,-2,1.020926518,0.846153846,0.957925636,0.990371622,0.974706867,0.996491228,0.970021881,1.025158228,0.979726651,1.01736227,0.966441821,0.924423077,1.011147012,0.885185186,1.008839779,1.015248796,1.025394322,1.03354531,1.054948806,1.0472,1.023174603,0.970175438,1.059841269,0.984103512,0.940353983,1.001282051,0.996091205,0.361958267,0.667981073,0.467897272,0.464365971,0.467412141,0.408469056,-2,0.596385543,-2,0.642696629,-2,0.49178515,0.427184467,0.935447154,0.7128,0.950572831,-2,-2,0.496147673,-2,0.91433121,1.043949045,-2,-2,-2,1.035703001,-2,-2,0.736276083,1.019773096,0.953215435,-2,0.987644152,1.002261712,-2,-2,-2,1.001123596,1.004501608,-2,-2,-2,0.710932476,0.703858521,0.612680577,0.591492777,0.577544427,1.047446458,1.05497076,1.062745098,0.926020409,1.041764706,1.050000001,1.043859649,1.033220911,1.054844007,1.038587849,0.92048,1.053420195,1.030269414,0.951845018,1.038694268,1.045614035,1.033333333,0.981372549,1.051785714,1.045812808,0.999519231,1.034248788,1.026666666,0.975,1.036334405,1.031921824,1.022683706,1.059904913,1.046945338,1.034460548,1.046296296,1.011717496,-2,0.980983607,1.052422146,1.02891761,1.029787234,0.912106136,-2,1.074117647,1.004807692,1.029936305,1.007272727,1.021428572,1.05711501,1.019467555,1.046098004,1.044098361,0.998569157,1.03488,1.00566343,1.013689482,-2,1.026666666,0.773162939,0.99682035,1.02863924,1.007425742,1.044462541,1.029373997,0.284853421,1.031578947,1.019642857,1.0499187,1.019426751,1.040296052,1.033226838,1.030130294,1.010277324,-2,-2,-2,-2,-2,0.982786885,1.01593496,-2,-2,-2,0.536757625,0.95216,1.046341463,1.030379747,1.043729372,1.02628866,1.038888888,1.034670947,1.038985737,1.058388158,1.052277657,1.015384615,1.001944895,1.044215531,1.046833334,1.046859903,1.045873016,1.028184714,-2,0.65858748,1.025331126,0.702728732,1.054249548,1.018518519,-2,-2,0.971219512,-2,-2,-2,-2,-2,0.957885906BRB,0.139512195,0.545585875,1.033928572,0.936057692,1.027836879,1.014184398,1.051607445,1.020926518,-2,0.858189655,0.987843138,1.006621393,0.999662162,1.024077046,0.995353983,1.014171974,1.003240741,1.011260504,0.969269949,0.928460039,0.990538336,0.920408163,1.026530612,1.032252836,1.016190476,1.005111821,1.012908778,1.014701131,1.010383386,0.949919743,1.026198083,0.993680298,0.9625,0.984677419,1.042295082,0.390953151,0.700158731,0.499353797,0.488691437,0.491639872,0.434590164,-2,0.636144578,-2,0.675282714,-2,0.511587302,0.451143791,0.91096563,0.765217391,0.934818481,-2,-2,0.518800648,-2,0.910771705,1.008333334,-2,-2,-2,1.005263158,-2,-2,0.746365105,0.990359477,0.934466019,-2,0.959302325,0.983739837,-2,-2,-2,0.980936996,0.984304207,-2,-2,-2,0.74935275,0.756472492,0.646849757,0.627302101,0.613495935,1.025331126,1.035166994,1.021005387,0.958974359,1.006336634,1.014967105,1.002889246,0.998461539,1.012727273,0.998181819,0.95120773,1.027512356,1.005414013,0.97891791,0.999357945,1.007890499,1.020545746,0.993256579,0.999181669,1.001655629,0.993203883,1.001626017,1.012698413,0.983169935,1.005510535,1.013300493,0.999196142,1.015923567,1.019902913,0.987864077,0.997283531,0.993376414,-2,0.961589404,1.023076923,0.99771615,0.996705107,0.944166666,-2,1.035294118,0.988405798,1.006420546,1.014119601,0.996875,1.002941177,0.994974874,1.017399268,1.003953872,0.971314103,1.002261712,0.978175895,0.996296297,-2,0.998517298,0.723311897,0.95392,0.985782747,0.968656717,0.990180033,0.978964402,0.291653028,0.985048231,0.959574469,1.01704918,0.976602564,1.003156146,1.004501608,0.980983607,0.984590164,-2,-2,-2,-2,-2,0.952970297,0.993606558,-2,-2,-2,0.563327949,0.928180354,0.995238096,0.996656051,0.996363636,1.016407599,0.99088,0.973828756,1.005263158,1.018046358,1.013157895,0.990909091,0.981566069,1.003508772,1.024455611,0.994813614,1.03301282,0.99775641,-2,0.691276252,1.022742475,0.731553398,1.02586521,1.03125,-2,-2,0.99,-2,-2,-2,-2,-2,0.986846543DMA,0.230567686,0.521304347,0.886637931,0.744396552,0.881018519,0.917535545,0.909333334,0.846153846,0.858189655,-2,0.899479166,0.890950226,0.916666666,0.902564103,0.931764706,0.815517241,0.844927536,0.859375,0.89,0.902717391,0.810267857,0.87309417,0.823391813,0.838095238,0.841452992,0.826180257,0.846521739,0.833333334,0.82974138,0.782327587,0.839224137,0.817647059,0.794736842,0.787772926,0.864628821,0.339565217,0.644017094,0.468695653,0.468695653,0.463913043,0.368303572,-2,0.652542373,-2,0.530869566,-2,0.498290598,0.420444444,0.692410715,0.650434783,0.718468468,-2,-2,0.483043479,-2,0.753879311,0.791787439,-2,-2,-2,0.812017168,-2,-2,0.55,0.820175439,0.722026432,-2,0.753424658,0.763755458,-2,-2,-2,0.755652174,0.763755458,-2,-2,-2,0.619650655,0.636086957,0.578695653,0.583478261,0.547598253,0.832300885,0.843558283,0.846153846,0.764761905,0.914084507,0.820258621,0.884782609,0.82112676,0.848858448,0.888262911,0.863596491,0.85021834,0.816738197,0.838095238,0.854506437,0.80952381,0.869432314,0.856637168,0.828634362,0.870833334,0.886637931,0.869432314,0.852112676,0.858295964,0.786403509,0.863596491,0.805701754,0.82974138,0.863596491,0.836956522,0.857207207,0.780952381,-2,0.777674418,0.845754718,0.792792793,0.795535715,0.79638009,-2,0.869354839,0.796551724,0.791810345,0.804245283,0.787111112,0.826845637,0.829910715,0.840865385,0.848017621,0.782327587,0.833333334,0.801293104,0.837614679,-2,0.80826087,0.614285714,0.774248927,0.832051282,0.781578948,0.849553572,0.852380953,0.389380531,0.848706896,0.809251101,0.833480176,0.841452992,0.835,0.826200873,0.848017621,0.766666667,-2,-2,-2,-2,-2,0.788495575,0.785022027,-2,-2,-2,0.51173913,0.719047619,0.844298246,0.813247863,0.857276995,0.805154639,0.854506437,0.851304347,0.852380953,0.866371681,0.803846154,0.780803572,0.780176211,0.843965517,0.861504425,0.860869566,0.832051282,0.817948718,-2,0.655217391,0.853881279,0.664782609,0.828767124,0.900904978,-2,-2,0.820258621,-2,-2,-2,-2,-2,0.88202765GRD,0.160869565,0.534901961,0.975099601,0.839530332,0.980638298,1.004347826,1.012804878,0.957925636,0.987843138,0.899479166,-2,1.045341615,1.042827443,1.037695313,1.038888888,0.926315789,0.958479532,0.963917526,0.975,0.931578947,0.890059642,0.938912134,0.963655462,0.967128713,0.937669902,0.917382813,0.950530786,0.952755905,0.934892787,0.880430528,0.949609375,0.948970252,0.937306843,0.907283465,0.996392785,0.401380671,0.694174757,0.498031497,0.508858268,0.512328768,0.43253493,-2,0.523809524,-2,0.619291339,-2,0.529708738,0.465469062,0.834860557,0.705294118,0.849899397,-2,-2,0.52173913,-2,0.907662083,0.897058823,-2,-2,-2,0.911306043,-2,-2,0.701574804,0.898591549,0.85,-2,0.881338743,0.885258964,-2,-2,-2,0.878698225,0.882608696,-2,-2,-2,0.700788955,0.701574804,0.61496063,0.617125984,0.595652174,0.939024391,0.954157303,0.941544886,0.956266666,0.965989848,0.922222222,0.964117647,0.916666666,0.951710262,0.96194332,0.928937008,0.955555556,0.909533074,0.965450643,0.965483235,0.915944882,0.979452055,0.96468254,0.931790745,0.955263158,0.985009862,0.978260869,0.901290323,0.961952191,0.89960396,0.951710262,0.911614173,0.931262136,0.967128713,0.955666004,0.96624738,0.9,-2,0.865392354,0.952380953,0.908316831,0.895967742,0.934888438,-2,0.969047619,0.924606299,0.913779527,0.937777778,0.909274193,0.958837772,0.943486974,0.938235294,0.967203219,0.87740668,0.945956607,0.879559118,0.937629937,-2,0.906666666,0.716078431,0.889041096,0.960351563,0.886234818,0.942231076,0.958695652,0.3249501,0.963850688,0.914084507,0.934337349,0.961689587,0.952138493,0.93976378,0.951710262,0.881325301,-2,-2,-2,-2,-2,0.887951808,0.89195171,-2,-2,-2,0.562992126,0.842829076,0.934669339,0.935533981,0.954081633,0.962208068,0.93671875,0.923913044,0.96705653,0.977777778,0.962155389,0.888888889,0.8756,0.949902534,0.984804928,0.973412699,0.95117647,0.914509804,-2,0.660433071,0.978527607,0.718145957,0.931707317,0.97402863,-2,-2,0.968787277,-2,-2,-2,-2,-2,0.991358025LCA,0.156872852,0.549066214,0.980475382,0.881864407,1.016014898,1.027605119,1.025357143,0.990371622,1.006621393,0.890950226,1.045341615,-2,1.061199294,1.036824325,1.060090703,0.97037037,0.982142857,1.001923077,0.988235294,0.958859471,0.934715026,0.958318426,0.988062623,0.992452831,0.967114094,0.95394958,0.974,0.987372014,0.968074325,0.898302207,0.982939189,0.984554456,0.945833334,0.936967632,0.995147314,0.409215017,0.69580537,0.505811966,0.518974359,0.51918506,0.437326388,-2,0.634615385,-2,0.643076924,-2,0.539831933,0.473584905,0.877335641,0.716496598,0.889198606,-2,-2,0.533962264,-2,0.907312925,0.956950673,-2,-2,-2,0.955311973,-2,-2,0.712649573,0.942041522,0.89469178,-2,0.920210896,0.946643718,-2,-2,-2,0.940170941,0.943664383,-2,-2,-2,0.712649573,0.71010274,0.62991453,0.622393163,0.616151203,0.986933798,0.992960662,0.984099617,0.963243244,1.008333334,0.970363952,1.001018676,0.965225225,0.99076655,0.992869566,0.946337308,1.004347826,0.957407407,0.956804734,0.99,0.970918367,1.010508475,0.985813149,0.970698467,1,0.998634812,1.009122203,0.950186567,0.968685121,0.951452992,0.991145834,0.944727891,0.975925926,0.998461539,0.98510274,0.996263345,0.938290598,-2,0.909615385,0.988786765,0.942586207,0.944773519,0.955263158,-2,1.03125,0.951959114,0.965534804,0.98441331,0.950522648,1.002070394,0.975177305,0.993142857,0.994965278,0.92101695,0.983816013,0.924528301,0.958571428,-2,0.948869566,0.712755102,0.92347973,0.979222973,0.926923077,0.98200692,0.981538461,0.311034483,0.995238096,0.9453125,0.977777778,0.986271186,0.990192644,0.980272109,0.975868056,0.928719723,-2,-2,-2,-2,-2,0.909615385,0.948275863,-2,-2,-2,0.571623932,0.86989796,0.966319444,0.964814815,0.988656196,0.969047619,0.979222973,0.962969283,0.984991568,1.007853403,1.000464037,0.942586207,0.92859589,0.983136594,1.004770318,1,0.990186126,0.952961083,-2,0.693846154,1.008657244,0.732705479,0.982142857,1.002826855,-2,-2,0.984310345,-2,-2,-2,-2,-2,1.00375VCT,0.152307692,0.560202361,0.983617747,0.87554806,1.006985294,1.040706319,1.019893428,0.974706867,0.999662162,0.916666666,1.042827443,1.061199294,-2,1.031596639,1.050561798,0.956281407,0.963834951,0.988461539,0.985537919,0.963052209,0.922945206,0.942579505,0.993822393,0.985884353,0.958597663,0.944966443,0.973381295,0.980677966,0.961344538,0.897466216,0.976134454,0.964383562,0.936346516,0.928474577,1.001379311,0.414601019,0.69966611,0.523809524,0.529421769,0.533277027,0.447938145,-2,0.668354431,-2,0.654761905,-2,0.548160535,0.488679245,0.863339071,0.725888325,0.888388215,-2,-2,0.551870748,-2,0.924074074,0.936946903,-2,-2,-2,0.94180602,-2,-2,0.725850341,0.945017182,0.886734694,-2,0.916027874,0.924828768,-2,-2,-2,0.918537415,0.92197615,-2,-2,-2,0.700851789,0.70834753,0.63792517,0.630442177,0.612157534,0.974176776,0.993402062,0.974813433,0.946648793,0.983739837,0.956357389,0.986655405,0.950714285,0.975868056,0.986206896,0.93779661,0.986010363,0.943383585,0.95390625,0.981281619,0.956040269,0.997804055,0.980103806,0.964150944,0.976511226,0.995415959,0.996581197,0.936431227,0.971477663,0.9386172,0.976936316,0.931481482,0.963651591,0.986846543,0.975084746,0.985537919,0.927891157,-2,0.899130434,0.974,0.930769231,0.929015544,0.940663176,-2,0.977777778,0.939932319,0.948148148,0.9625,0.940414508,0.987983707,0.963957597,0.983429673,0.980103806,0.910792581,0.969932433,0.918867925,0.951663748,-2,0.940414508,0.72216582,0.922222222,0.96917923,0.922395834,0.976511226,0.972789115,0.319170984,0.983333333,0.946643718,0.963448276,0.972006746,0.98441331,0.964128595,0.963448276,0.916981132,-2,-2,-2,-2,-2,0.905208334,0.92960413,-2,-2,-2,0.593027211,0.86175973,0.954216868,0.956521739,0.975218151,0.971766849,0.963422819,0.956196944,0.987416108,0.994965278,0.985520362,0.926816609,0.912886598,0.971021776,0.997719298,0.985884353,0.980234506,0.942592593,-2,0.684693878,0.999472759,0.719591142,0.960943397,1.008007118,-2,-2,0.97840136,-2,-2,-2,-2,-2,1.01793961ATG,0.146191249,0.55088,1.007142858,0.89056,1.003169014,1.01254417,1.046023689,0.996491228,1.024077046,0.902564103,1.037695313,1.036824325,1.031596639,-2,1.035152839,0.969047619,0.989497717,0.99295302,0.994444444,0.95106383,0.940553746,0.940202703,0.981851852,0.995153474,0.976424051,0.963157895,0.98490566,0.979742765,0.972133758,0.9152,0.979140128,0.985925926,0.969326241,0.94437299,1.01704918,0.409178744,0.701424051,0.503059581,0.513687601,0.518269231,0.440359477,-2,0.636144578,-2,0.655394526,-2,0.53866878,0.47296417,0.872104405,0.734510434,0.897034597,-2,-2,0.529563813,-2,0.92900641,0.959872612,-2,-2,-2,0.954848967,-2,-2,0.736876007,0.936704731,0.895967742,-2,0.919402986,0.937763372,-2,-2,-2,0.933494364,0.936774193,-2,-2,-2,0.734516129,0.734516129,0.634138486,0.623510467,0.613290114,0.985643564,0.996470588,0.981508079,0.942857143,1.01321499,0.970163934,1.00144,0.967627119,0.986019737,0.989456343,0.942604501,0.995409836,0.958121019,0.966852886,0.990705129,0.966025641,1.010383386,0.973977087,0.968790849,0.982013201,0.995491143,1.001944895,0.952816901,0.965415987,0.954281098,0.991625616,0.948397436,0.975834659,1.009807074,0.984677419,0.986846543,0.943870968,-2,0.910909091,0.990956522,0.945928338,0.947222222,0.962270451,-2,1.009411765,0.965378422,0.969341894,0.976158941,0.953934427,0.986132813,0.985953177,0.979341865,0.991625616,0.92576,0.98681672,0.928571428,0.963193277,-2,0.950327869,0.735096154,0.917543859,0.97388535,0.929090909,0.981178396,0.982903226,0.312745098,0.990529695,0.949019608,0.972176759,0.984025559,0.988907285,0.974839744,0.979575164,0.931045752,-2,-2,-2,-2,-2,0.928125,0.947222222,-2,-2,-2,0.582769726,0.88282504,0.975980392,0.960538828,0.985454546,0.978620689,0.980511182,0.960289389,0.982829889,1.007730263,1.001742919,0.942339374,0.930081301,0.982829889,1.015384615,1.004038772,0.992811502,0.948881789,-2,0.681964573,1.015666666,0.730967742,0.986413043,1.014527027,-2,-2,0.984967321,-2,-2,-2,-2,-2,0.998148148KNA,0.163146068,0.514790287,0.971868132,0.864459162,1.013824885,1.021609195,1.017312073,0.970021881,0.995353983,0.931764706,1.038888888,1.060090703,1.050561798,1.035152839,-2,0.936323851,0.976666667,0.990497738,1.0075,0.993908629,0.903131991,0.980875576,0.996470588,0.970444444,0.937037037,0.931509846,0.974584323,0.96858407,0.940439561,0.876600441,0.974561403,0.97109375,0.916209477,0.924778762,0.990744921,0.368303572,0.697385621,0.466517857,0.478794643,0.484292036,0.407223476,-2,0.672222222,-2,0.594196428,-2,0.487554585,0.427088036,0.862360802,0.718666666,0.889414415,-2,-2,0.493526785,-2,0.909429825,0.925233645,-2,-2,-2,0.929847494,-2,-2,0.689955357,0.929268293,0.884888888,-2,0.911643835,0.907623319,-2,-2,-2,0.9,0.904008909,-2,-2,-2,0.708724832,0.719419643,0.61875,0.61875,0.602908277,0.961872146,0.979949238,0.962155389,0.927891157,0.998950131,0.959101123,0.979385965,0.94214123,0.962186788,0.97260579,0.942163355,0.98161435,0.931509846,0.991846523,0.974285715,0.941137856,0.983956045,0.991722596,0.943207126,0.965256125,0.993156733,0.987053572,0.928604652,0.974776785,0.921098901,0.985365854,0.911842105,0.956209151,0.986373627,0.960356348,0.96880734,0.908908686,-2,0.884459459,0.968309859,0.917880795,0.914634147,0.966816144,-2,0.926315789,0.930022075,0.937665198,0.96097561,0.920357942,0.980927835,0.954157303,0.976283618,0.980272109,0.896475771,0.963716815,0.904279279,0.93853211,-2,0.928280543,0.680487805,0.896475771,0.94628821,0.907061504,0.958783784,0.958222222,0.331981982,0.974285715,0.923303168,0.950678733,0.96431718,0.97,0.956097561,0.950340136,0.897111112,-2,-2,-2,-2,-2,0.8875,0.914606741,-2,-2,-2,0.540178572,0.832300885,0.952017937,0.939433551,0.9543379,0.952439025,0.94595186,0.9397351,0.974561403,0.987755102,0.974022346,0.910430839,0.899324325,0.957986871,0.980324074,0.9796875,0.976703297,0.920704846,-2,0.665401785,1.001830664,0.713646533,0.952970297,0.99977221,-2,-2,0.978587196,-2,-2,-2,-2,-2,0.994871794MEX,0.129099678,0.501111112,0.974235105,1.000476191,1.01508772,0.987873462,0.996644295,1.025158228,1.014171974,0.815517241,0.926315789,0.97037037,0.956281407,0.969047619,0.936323851,-2,0.94715262,1.019467555,0.948657718,0.901153846,1.052019386,0.87962963,1.027339449,1.020673077,1.041287284,1.059904913,1.040034072,1.033226838,1.060031596,0.993492063,1.047867299,0.968324125,0.925088339,1.007017543,0.994471545,0.36198083,0.659654631,0.462140576,0.455111821,0.454689984,0.411831442,-2,0.569879518,-2,0.629073482,-2,0.48254717,0.415831987,0.948705502,0.704140128,0.968790849,-2,-2,0.484775641,-2,0.895389507,1.060631579,-2,-2,-2,1.058359621,-2,-2,0.734504792,1.044822007,0.97152,-2,0.976771005,1.025723472,-2,-2,-2,1.024440894,1.02784,-2,-2,-2,0.7128,0.70928,0.606230032,0.581629393,0.571221866,1.05852459,1.074368932,1.060854092,0.905555555,1.028962818,1.051707317,1.028412699,1.051689189,1.062193127,1.035188216,0.887719298,1.053267974,1.054818325,0.925461254,1.03354531,1.052707006,1.033755943,0.969430894,1.048214286,1.024137931,0.97328,1.023954984,1.050000001,0.94361874,1.048796147,1.031921824,1.052782194,1.05488959,1.04544,1.027724359,1.031596639,1.03488,-2,1.022459017,1.073356402,1.044911148,1.053420195,0.892039801,-2,1.074117647,0.999840256,1.045700637,1.004111842,1.060650406,1.038178295,1.025207296,1.062068965,1.035399674,1.033650794,1.04201278,1.025603865,1.0395,-2,1.055211727,0.743243244,1.018196202,1.021800948,1.03497537,1.028571429,1.02608,0.267423014,1.019426751,1.019773096,1.058928572,1.012836767,1.044006568,1.042289348,1.016207455,1.033821138,-2,-2,-2,-2,-2,0.988743883,1.039285715,-2,-2,-2,0.51485623,0.998407643,1.028571429,1.044566929,1.045901639,1.005982907,1.037242472,1.02971246,1.020189275,1.031587561,1.045356371,1.031810767,1.020161291,1.041009464,1.003156146,1.020673077,1.049445324,1.042472266,-2,0.658945687,1.014403973,0.6864,1.072151898,1.011111111,-2,-2,0.949756097,-2,-2,-2,-2,-2,0.938397329BLZ,0.164871194,0.548735633,0.980875576,0.856682027,0.976530612,0.968447838,0.989731051,0.979726651,1.003240741,0.844927536,0.958479532,0.982142857,0.963834951,0.989497717,0.976666667,0.94715262,-2,0.970283019,0.940963856,0.926315789,0.906032482,0.925480769,0.955988858,0.982870371,0.9525,0.925517241,0.961111111,0.960599078,0.941418764,0.892165899,0.964383562,0.932352941,0.937984496,0.911574074,0.996226415,0.382830626,0.692500001,0.492575406,0.490023202,0.493981481,0.418309859,-2,0.609638554,-2,0.640603248,-2,0.508656037,0.449187935,0.824355972,0.736720554,0.860756501,-2,-2,0.523201856,-2,0.871981777,0.94382716,-2,-2,-2,0.934624145,-2,-2,0.717169374,0.912383177,0.847331786,-2,0.877884615,0.925641025,-2,-2,-2,0.921345708,0.926046512,-2,-2,-2,0.74524362,0.744418605,0.643155453,0.625290024,0.629302325,0.965467626,0.951987768,0.950797872,0.90992647,0.979120879,0.942117647,0.951146789,0.934210527,0.949069768,0.949419954,0.903935185,0.965727699,0.930963303,0.948710601,0.951146789,0.951487414,0.969107552,0.963466042,0.951146789,0.949069768,0.957736721,0.957981221,0.921695761,0.945391706,0.930184332,0.969358669,0.923798627,0.946453089,0.965668202,0.946511628,0.959855769,0.914120371,-2,0.877909738,0.96525,0.921345708,0.9221709,0.902631579,-2,1.035294118,0.923897912,0.948275863,0.955737705,0.92535545,0.96525,0.940193705,0.960099751,0.957647059,0.902758621,0.945747127,0.905128205,0.930574712,-2,0.932552694,0.711316397,0.898627002,0.936757991,0.91097852,0.935514019,0.951627907,0.30913349,0.948623853,0.912765957,0.950234742,0.941055046,0.958571428,0.948275863,0.945070423,0.91536643,-2,-2,-2,-2,-2,0.906190476,0.93372093,-2,-2,-2,0.592111369,0.848498846,0.950234742,0.9425,0.957211539,0.964418605,0.943935927,0.924711316,0.964383562,0.963466042,0.956849315,0.924824357,0.906032482,0.9543379,0.978657074,0.954186046,0.976376147,0.930963303,-2,0.68399072,0.988443397,0.722273782,0.980053192,0.968856448,-2,-2,0.961538461,-2,-2,-2,-2,-2,0.943236715GTM,0.154745763,0.531543625,0.988888889,0.932888147,1.033759124,1.008671587,1.02614841,1.01736227,1.011260504,0.859375,0.963917526,1.001923077,0.988461539,0.99295302,0.990497738,1.019467555,0.970283019,-2,0.995422535,0.939078157,0.987037037,0.925088339,1.01930502,1.020236087,1.012437811,1.002508361,1.013879004,1.022483221,1.012,0.947579299,1.033889816,1.016860466,0.950743495,0.97818792,1.007863248,0.394444445,0.685903814,0.493613446,0.495462185,0.497487438,0.440747029,-2,0.611111112,-2,0.643361345,-2,0.524418605,0.453820034,0.900508475,0.715462185,0.92264151,-2,-2,0.523102867,-2,0.900671141,1.015765765,-2,-2,-2,1.001,-2,-2,0.73394958,0.989059829,0.926218488,-2,0.947222222,0.978813559,-2,-2,-2,0.977983193,0.981481481,-2,-2,-2,0.711764706,0.716666667,0.619327731,0.602689076,0.58902027,1.027430556,1.032238193,1.029433963,0.96027027,1.043531828,1.020618557,1.035402685,1.013879004,1.035517241,1.034300342,0.940740741,1.047079037,1.008333334,0.962768032,1.035402685,1.015242881,1.037248322,0.989059829,1.008020478,1.028055078,1.008952703,1.045748299,0.993418647,0.981942079,1,1,0.988166666,1.021166666,1.046386554,1.021694915,1.037809188,0.979222973,-2,0.955363322,1.025729927,0.98943782,0.994339622,0.90576923,-2,1.073170732,0.977777778,1.009411765,1.005498282,0.992082616,1.037777777,1.01923077,1.030592735,1.039622641,0.97080537,1.03125,0.968824531,1.011692845,-2,0.992452831,0.759831933,0.971237458,1.015666666,0.972270364,1.022773973,1.018104907,0.31188455,1.020504201,0.988679245,1.024398626,1.02458194,1.020207254,1.014957984,1.013207547,0.978194208,-2,-2,-2,-2,-2,0.970811744,0.990940171,-2,-2,-2,0.560168067,0.921571906,0.998461539,1.013976706,1.020069204,0.998185118,1.018927973,0.985378151,1.015666666,1.033620689,1.031880733,0.988296042,0.971137521,1.030333334,1.021015762,1.034745763,1.035510887,0.998659967,-2,0.667394958,1.01816609,0.7,1.026944972,1.011072057,-2,-2,0.974232082,-2,-2,-2,-2,-2,0.976274165HND,0.171993127,0.556514383,0.977568493,0.865084746,0.993877551,0.993027523,0.990780142,0.966441821,0.969269949,0.89,0.975,0.988235294,0.985537919,0.994444444,1.0075,0.948657718,0.940963856,0.995422535,-2,0.991549296,0.916034483,0.964221825,0.98038835,0.971917808,0.94522613,0.938344595,0.967759563,0.959932089,0.953456998,0.881864407,0.97037037,1.001556421,0.944924812,0.910732538,0.974176776,0.407337884,0.713065327,0.518088737,0.518088737,0.51918506,0.459445407,-2,0.624691359,-2,0.65887372,-2,0.546308725,0.474137931,0.853022453,0.731462585,0.880769231,-2,-2,0.540582192,-2,0.903904924,0.923702032,-2,-2,-2,0.938888889,-2,-2,0.726450512,0.926816609,0.878119658,-2,0.903157895,0.92233677,-2,-2,-2,0.921672355,0.925128205,-2,-2,-2,0.725811966,0.733333334,0.651365188,0.63447099,0.62264151,0.963937282,0.969375,0.965391969,0.953133515,0.965072765,0.957019064,0.984602369,0.947387387,0.973519164,0.982897033,0.935653651,0.978411053,0.939159664,0.945956607,0.980879865,0.950340136,0.99222973,0.958003442,0.953965517,0.982897033,0.991311754,1,0.928888888,0.961551724,0.936130137,0.970363952,0.924448217,0.957407407,0.987755102,0.974232082,0.98172043,0.917918089,-2,0.888091069,0.968324125,0.925817556,0.930915371,0.92245614,-2,0.993975904,0.943123939,0.950594227,0.95,0.931652174,0.99,0.970017637,0.957446809,0.989043479,0.904237288,0.970698467,0.908777969,0.939215686,-2,0.934715026,0.722750424,0.914189189,0.962731872,0.909947644,0.968685121,0.962735043,0.329809359,0.975084746,0.937954939,0.956770834,0.968296797,0.966842105,0.950847458,0.96701209,0.910344828,-2,-2,-2,-2,-2,0.90034904,0.928422877,-2,-2,-2,0.589419795,0.853061224,0.947750866,0.956040269,0.971153846,0.952660551,0.953209459,0.939388794,0.972222222,0.981597222,0.978341014,0.925,0.908448276,0.976134454,0.991358025,0.985299146,0.982741117,0.939932319,-2,0.698293516,0.987477954,0.737094017,0.96302682,0.971957672,-2,-2,0.965076661,-2,-2,-2,-2,-2,0.984107143SLV,0.176516634,0.558560311,0.922789784,0.829787234,0.947222222,0.951162791,0.947346939,0.924423077,0.928460039,0.902717391,0.931578947,0.958859471,0.963052209,0.95106383,0.993908629,0.901153846,0.926315789,0.939078157,0.991549296,-2,0.868421052,0.996734694,0.920871559,0.911306043,0.905384615,0.889361702,0.931656185,0.923062016,0.908510638,0.84631783,0.923404255,0.952678572,0.885653105,0.885575049,0.935108481,0.411695907,0.708653846,0.518908382,0.514619883,0.520038911,0.463043479,-2,0.665432099,-2,0.632553606,-2,0.55317919,0.465551181,0.810869565,0.719726563,0.841948311,-2,-2,0.542495127,-2,0.862912621,0.86886076,-2,-2,-2,0.890173411,-2,-2,0.696881092,0.879563493,0.835742188,-2,0.853106212,0.879133858,-2,-2,-2,0.878710938,0.882583171,-2,-2,-2,0.689648438,0.7046875,0.656140351,0.632553606,0.626418786,0.918849206,0.909975669,0.910262009,0.931309904,0.937583892,0.910869565,0.931262136,0.901232033,0.9218,0.925636008,0.91381323,0.934782609,0.891891892,0.909027778,0.929457364,0.892815534,0.939805825,0.935108481,0.905882353,0.920980392,0.973489278,0.937598426,0.883643892,0.938811882,0.8791423,0.92689243,0.871899225,0.913127413,0.934246575,0.91381323,0.924089069,0.873529412,-2,0.843625498,0.915889831,0.876968503,0.873015873,0.89291498,-2,0.993975904,0.875291828,0.901359224,0.909072978,0.885258964,0.93853211,0.923373983,0.922737307,0.925049701,0.865503876,0.917382813,0.866601178,0.888032454,-2,0.883037475,0.6875,0.865503876,0.91949807,0.870281125,0.908695653,0.909161793,0.345652174,0.91631068,0.888712871,0.905753968,0.903875969,0.910420842,0.898832685,0.908316831,0.863976378,-2,-2,-2,-2,-2,0.851896208,0.883889981,-2,-2,-2,0.561793373,0.811650486,0.894841269,0.896923077,0.918849206,0.888198758,0.904255319,0.899804305,0.917021277,0.91996008,0.904312669,0.88,0.864440079,0.912765957,0.920362903,0.921330725,0.931914894,0.884271845,-2,0.70545809,0.935,0.735477582,0.91512605,0.928194726,-2,-2,0.929607843,-2,-2,-2,-2,-2,0.934215886NIC,0.099018004,0.467098865,0.953453948,1.034354839,0.985251798,0.957553957,0.963683304,1.011147012,0.990538336,0.810267857,0.890059642,0.934715026,0.922945206,0.940553746,0.903131991,1.052019386,0.906032482,0.987037037,0.916034483,0.868421052,-2,0.844406197,0.9