1990,USA,CAN,BHS,CUB,HTI,DOM,JAM,TTO,BRB,DMA,GRD,LCA,VCT,ATG,KNA,MEX,BLZ,GTM,HND,SLV,NIC,CRI,PAN,COL,VEN,GUY,SUR,ECU,PER,BRA,BOL,PRY,CHL,ARG,URY,GBR,IRL,NLD,BEL,LUX,FRA,MCO,LIE,CHE,ESP,AND,PRT,DEU,POL,AUT,HUN,CZE,SVK,ITA,SMR,MLT,ALB,MNE,MKD,HRV,SRB,BIH,SVN,GRC,CYP,BGR,MDA,ROU,RUS,EST,LVA,LTU,UKR,BLR,ARM,GEO,AZE,FIN,SWE,NOR,DNK,ISL,CPV,STP,GNB,GNQ,GMB,MLI,SEN,BEN,MRT,NER,CIV,GIN,BFA,LBR,SLE,GHA,TGO,CMR,NGA,GAB,CAF,TCD,COG,COD,UGA,KEN,TZA,BDI,RWA,SOM,DJI,ETH,ERI,AGO,MOZ,ZMB,ZWE,MWI,ZAF,NAM,LSO,BWA,SWZ,MDG,COM,MUS,SYC,MAR,DZA,TUN,LBY,SDN,SSD,IRN,TUR,IRQ,EGY,SYR,LBN,JOR,ISR,SAU,YEM,KWT,BHR,QAT,ARE,OMN,AFG,TKM,TJK,KGZ,UZB,KAZ,CHN,MNG,TWN,PRK,KOR,JPN,IND,BTN,PAK,BGD,MMR,LKA,MDV,NPL,THA,KHM,LAO,VNM,MYS,SGP,BRN,PHL,IDN,TLS,AUS,PNG,NZL,VUT,SLB,KIR,TUV,FJI,TON,NRU,MHL,PLW,FSM,WSMUSA,-2,0.358956661,0.12890625,0.05880225,0.142075134,0.153291592,0.130625,0.116486268,0.132536585,0.219039301,0.152826087,0.14902921,0.144692307,0.138881686,0.154988764,0.122644694,0.156627635,0.147008474,0.16339347,0.167690802,0.094067104,0.179245283,0.13502809,0.128928571,0.125600962,0.104838188,0.121977352,0.120056634,0.1241252,0.127684887,0.119669355,0.164074767,0.154058615,0.116298388,0.129559543,0.581113782,0.234455128,0.405922954,0.402568219,0.391032258,0.474845277,-2,0.180617284,-2,0.258314606,-2,0.384117175,0.422410714,0.109102774,0.207993579,0.113624382,-2,-2,0.381988727,-2,0.134017857,0.074642857,-2,-2,-2,0.099283414,-2,-2,0.206316212,0.108818181,0.109556452,-2,0.11708194,0.105008104,-2,-2,-2,0.104668821,0.1045,-2,-2,-2,0.213368167,0.223448554,0.283475121,0.286829856,0.278554119,0.118631052,0.115652174,0.122830018,0.150051282,0.114264413,0.098945182,0.13041329,0.089931153,0.118829432,0.12756689,0.163121951,0.125609349,0.102814516,0.15153484,0.134017857,0.117243902,0.13041329,0.149038142,0.119577115,0.129748322,0.141262215,0.138308823,0.098549822,0.145090909,0.095934427,0.132146423,0.105178572,0.116111111,0.129771242,0.131693944,0.129056603,0.087083333,-2,0.071647157,0.086929204,0.103465347,0.109542429,0.159137056,-2,0.151084337,0.127232143,0.123638574,0.126453781,0.090265781,0.128551587,0.125541455,0.09271719,0.1254,0.067747164,0.115921696,0.075625,0.122836456,-2,0.092154742,0.247766129,0.08947496,0.121354838,0.075268007,0.116111111,0.122941177,0.560731707,0.127439025,0.083046358,0.109179105,0.12512945,0.117474832,0.120446428,0.128029801,0.079323433,-2,-2,-2,-2,-2,0.137362728,0.094686985,-2,-2,-2,0.308635634,0.107870967,0.098781094,0.129364952,0.133255034,0.109424084,0.109911004,0.10228385,0.116111111,0.12756689,0.134390244,0.077985075,0.080253268,0.132938809,0.140161291,0.129983633,0.131680129,0.114983818,-2,0.280120385,0.127141667,0.248649517,0.116963303,0.12927835,-2,-2,0.149285714,-2,-2,-2,-2,-2,0.148785594CAN,0.358956661,-2,0.515714286,0.397699044,0.494805653,0.519725664,0.525152284,0.491666667,0.518306581,0.49523913,0.508156863,0.521612904,0.532192243,0.523336,0.489050773,0.476055556,0.521298851,0.504966443,0.528688663,0.530632296,0.443743922,0.567741935,0.493579336,0.505699357,0.497697785,0.457396167,0.46245283,0.487331731,0.475301109,0.430979299,0.48589172,0.568061225,0.578712522,0.447380192,0.524196429,0.743333333,0.796977848,0.895,0.885,0.873606688,0.749085761,-2,0.851481482,-2,0.8,-2,0.866141046,0.86633871,0.498021001,0.752599364,0.508009788,-2,-2,0.864424,-2,0.581113782,0.480255319,-2,-2,-2,0.460198728,-2,-2,0.733333333,0.456867863,0.48577476,-2,0.505198676,0.456243981,-2,-2,-2,0.453112,0.454057508,-2,-2,-2,0.769560703,0.767891374,0.886666666,0.88,0.87223114,0.483764415,0.479638672,0.491764706,0.49875,0.469940828,0.472819672,0.498256,0.445059625,0.477665017,0.470767327,0.544340836,0.490650742,0.459267516,0.486632653,0.492355769,0.471340289,0.5016,0.49337705,0.463494271,0.493087749,0.50058871,0.497941654,0.436798942,0.499486134,0.457504039,0.492471265,0.462211538,0.480135135,0.49136876,0.479450727,0.488847457,0.446653226,-2,0.411090909,0.461404887,0.454421824,0.460827869,0.529489966,-2,0.503614458,0.496500802,0.496584,0.516434494,0.45397541,0.484814815,0.492792642,0.461254578,0.4778125,0.423016,0.479589372,0.4275,0.45312605,-2,0.446141215,0.69,0.428333333,0.462595541,0.416272727,0.470335515,0.475306452,0.564773462,0.479727127,0.437124183,0.473756137,0.477428115,0.482706954,0.478958333,0.484934641,0.434706362,-2,-2,-2,-2,-2,0.482175698,0.45175367,-2,-2,-2,0.823333333,0.407316294,0.453232406,0.471079365,0.479246689,0.468448276,0.470750798,0.454347826,0.486780604,0.481113862,0.505424837,0.447857143,0.437953074,0.480135135,0.525125628,0.491268175,0.499129393,0.462404154,-2,0.831666667,0.504363636,0.816301917,0.474826642,0.515415254,-2,-2,0.537918032,-2,-2,-2,-2,-2,0.579975BHS,0.12890625,0.515714286,-2,0.857001621,0.956980286,0.938252688,0.973547009,0.954130435,0.982232143,0.842306035,0.926344621,0.931451613,0.93443686,0.956785715,0.923274726,0.925523349,0.931831797,0.939444444,0.928690068,0.876650295,0.90578125,0.863651203,0.958571428,0.971336066,0.937648475,0.918384492,0.948342059,0.944256536,0.928513732,0.899107142,0.95046042,0.950179584,0.925733695,0.90180261,0.984445364,0.363700981,0.681011236,0.467859477,0.46615196,0.465577235,0.421119403,-2,0.629518073,-2,0.652271242,-2,0.492258842,0.426636364,0.844636364,0.728436482,0.862732558,-2,-2,0.498516393,-2,0.864886178,0.929892009,-2,-2,-2,0.920274193,-2,-2,0.729109477,0.904859272,0.865417349,-2,0.890445378,0.8971875,-2,-2,-2,0.896446078,0.899623568,-2,-2,-2,0.713199673,0.718330606,0.618120915,0.599338236,0.584375,0.941725293,0.9494334,0.9462,0.894541884,0.934451098,0.935820895,0.934910859,0.915943397,0.931791667,0.938580968,0.883577235,0.944151414,0.925523349,0.910671078,0.93321718,0.927565147,0.943214286,0.926960133,0.936181819,0.942070117,0.945801964,0.942044335,0.919973214,0.922363636,0.918229509,0.933903655,0.915861788,0.937302738,0.937250409,0.930409165,0.932075471,0.910106209,-2,0.880460637,0.943633157,0.912219472,0.911114809,0.878508474,-2,0.946647059,0.917767857,0.921160714,0.915033613,0.911779801,0.937820512,0.921435811,0.927389299,0.946218906,0.887742718,0.925473856,0.895222405,0.91504259,-2,0.918280731,0.689869919,0.88605178,0.921760904,0.892458054,0.930811258,0.913521242,0.2892257,0.922857143,0.902893864,0.933903655,0.91458671,0.931413044,0.919260163,0.918490879,0.895714286,-2,-2,-2,-2,-2,0.903689482,0.907865448,-2,-2,-2,0.561772875,0.849275244,0.934087894,0.927206119,0.931602671,0.959134616,0.918179612,0.910545603,0.948927419,0.955877926,0.95695122,0.905200669,0.893250826,0.937302738,0.979576988,0.93896072,0.948460292,0.921361426,-2,0.66251634,0.957037037,0.693251634,0.943189338,0.960754717,-2,-2,0.953150912,-2,-2,-2,-2,-2,0.955683761CUB,0.05880225,0.397699044,0.857001621,-2,0.889637169,0.860371025,0.86847973,0.916666666,0.889254807,0.707176724,0.797553816,0.837771186,0.831770657,0.846032,0.821236203,0.950452381,0.813847926,0.88624374,0.821830509,0.788297872,0.982637097,0.75501692,0.898197782,0.89452,0.919335443,0.96,0.931881443,0.91,0.935870253,0.919136292,0.928519108,0.834064815,0.801719577,0.938503185,0.870267857,0.272100639,0.548955697,0.36,0.35,0.362244409,0.35171521,-2,0.509756098,-2,0.511666667,-2,0.384215531,0.318556452,0.89812601,0.603333333,0.905439739,-2,-2,0.381216,-2,0.780400641,0.987314225,-2,-2,-2,0.970238474,-2,-2,0.611666667,0.96317292,0.911453674,-2,0.889029851,0.95931672,-2,-2,-2,0.963202876,0.964872205,-2,-2,-2,0.592611821,0.604297124,0.508333333,0.486666667,0.471340289,0.946869852,0.963199609,0.947790697,0.779771573,0.917711198,0.959344262,0.909568,0.977350937,0.948432343,0.91739274,0.774509646,0.946869852,0.956947536,0.809972119,0.914375,0.939325842,0.904552,0.841139344,0.939133986,0.906818182,0.85791129,0.894262561,0.960369719,0.828499184,0.957213247,0.918229509,0.961266026,0.942158731,0.925330645,0.923645162,0.928299492,0.989379033,-2,1.01909091,0.988464223,0.966710097,0.966067323,0.783313857,-2,0.970357143,0.885650081,0.929447115,0.878631841,0.988467213,0.920498047,0.908695652,0.980164233,0.924885057,1.004872,0.937302738,0.995803572,0.948565436,-2,0.97636289,0.640376,0.968333334,0.920199044,0.99499175,0.925278232,0.921959678,0.194457928,0.919399038,0.968161764,0.969746318,0.926477636,0.948112583,0.951217948,0.915228758,0.999121951,-2,-2,-2,-2,-2,0.899146141,0.978839286,-2,-2,-2,0.41,0.946979332,0.932119476,0.9405,0.929272727,0.91010327,0.935,0.954130435,0.907106518,0.91049505,0.926353712,0.98865196,0.997882447,0.925381558,0.880735786,0.90825525,0.923138977,0.95485623,-2,0.539999999,0.898181818,0.574249202,0.955862068,0.904838709,-2,-2,0.843183306,-2,-2,-2,-2,-2,0.808133333HTI,0.142075134,0.494805653,0.956980286,0.889637169,-2,0.979188932,0.973398148,0.975333333,0.976445035,0.836967593,0.931606383,0.965214153,0.956636029,0.953010563,0.96313364,0.964333334,0.927704082,0.982071168,0.944183673,0.899861111,0.935989208,0.880309569,0.982673956,0.97446714,0.962788461,0.951170775,0.994685185,0.976445035,0.969568662,0.9009894,0.991646127,0.960795455,0.888968566,0.933434164,0.969412296,0.353291815,0.644903846,0.458235294,0.454509803,0.459726149,0.398005415,-2,0.585833334,-2,0.609117648,-2,0.474001752,0.411609712,0.871774775,0.687402482,0.890819672,-2,-2,0.47872549,-2,0.862217314,0.968052257,-2,-2,-2,0.953493871,-2,-2,0.689215686,0.941441442,0.893848214,-2,0.924423077,0.934308797,-2,-2,-2,0.927647059,0.931169643,-2,-2,-2,0.67925,0.685490197,0.592352941,0.57745098,0.559084381,0.97980734,0.994186046,0.986944444,0.925986111,0.974268558,0.978980145,0.980265486,0.963115672,0.976724138,0.982752708,0.911595745,0.995956679,0.955008787,0.93632,0.987865962,0.964049295,0.984179894,0.963743219,0.977459605,0.980517241,0.970622776,0.98891771,0.951841085,0.951362007,0.950169039,0.969548737,0.939575221,0.978884007,0.980607395,0.972352941,0.983074074,0.936960785,-2,0.912481884,0.9796875,0.941813285,0.943689408,0.894334566,-2,0.981666666,0.926207815,0.960070671,0.952794118,0.944846293,0.997907725,0.960117328,0.975333333,0.984089253,0.924991166,0.969168141,0.932230216,0.959535316,-2,0.954294756,0.708380531,0.932574956,0.966304728,0.935906594,0.975207581,0.970357143,0.304240507,0.96930212,0.952572203,0.975081374,0.963906526,0.9804,0.965469026,0.96548913,0.928680431,-2,-2,-2,-2,-2,0.913421533,0.942956601,-2,-2,-2,0.521568627,0.870523979,0.960422662,0.971795097,0.976724138,0.959082218,0.954850352,0.959769503,0.975210897,0.9939783,0.987909739,0.940689655,0.926378378,0.984393673,0.969667282,0.973962433,0.98990334,0.956378092,-2,0.633333333,0.977766544,0.668053571,0.97505071,0.968679775,-2,-2,0.945386691,-2,-2,-2,-2,-2,0.928022388DOM,0.153291592,0.519725664,0.938252688,0.860371025,0.979188932,-2,0.971462963,0.949499121,0.963475178,0.871658768,0.954130435,0.976224863,0.988671003,0.961916962,0.970528735,0.938479789,0.920025446,0.958238008,0.943376147,0.903604651,0.909676259,0.891266294,0.962391305,0.952028469,0.931532399,0.930933098,0.957751423,0.95606383,0.936452465,0.873295053,0.960369719,0.940717256,0.903894325,0.906037234,0.954621622,0.38,0.667994746,0.480588235,0.484313726,0.487420494,0.408913044,-2,0.582459016,-2,0.610980392,-2,0.5115,0.432156863,0.849180181,0.694191829,0.859474638,-2,-2,0.510392157,-2,0.871141593,0.925,-2,-2,-2,0.931333333,-2,-2,0.685490197,0.929936823,0.869901961,-2,0.89436937,0.901055456,-2,-2,-2,0.899964412,0.901823844,-2,-2,-2,0.676176471,0.674313725,0.609117648,0.596078431,0.577647585,0.9481,0.962784679,0.959481038,0.91016129,0.946241758,0.942771739,0.954371681,0.928240223,0.959344262,0.96109489,0.893067376,0.960117328,0.925623901,0.918270378,0.962063492,0.943274336,0.952685512,0.923705357,0.938823529,0.959655173,0.950672566,0.960876566,0.926432693,0.928261261,0.931169643,0.948799639,0.920639431,0.949499121,0.961026786,0.951529517,0.955650557,0.914607843,-2,0.8864351,0.94927481,0.919525089,0.9215,0.877189781,-2,0.943870967,0.903934281,0.924991166,0.926770073,0.920505415,0.955625,0.93390991,0.94677,0.959344262,0.898625887,0.952028469,0.89839928,0.932342008,-2,0.921397849,0.674432624,0.9009894,0.945826011,0.904143898,0.95602355,0.940686274,0.304240507,0.941424779,0.918846847,0.952405063,0.937725664,0.951045871,0.939200711,0.936896552,0.907052442,-2,-2,-2,-2,-2,0.874,0.909676259,-2,-2,-2,0.545784314,0.852304965,0.92028029,0.940683012,0.954880734,0.936480769,0.940316344,0.925996441,0.945651408,0.959187957,0.967051282,0.905666667,0.891708408,0.958529929,0.960322283,0.951362007,0.954691358,0.930731922,-2,0.653823529,0.952794118,0.682982143,0.94459804,0.956798165,-2,-2,0.925784314,-2,-2,-2,-2,-2,0.957592936JAM,0.130625,0.525152284,0.973547009,0.86847973,0.973398148,0.971462963,-2,0.962592282,0.999027073,0.863866667,0.962164634,0.974089286,0.968898757,0.993722504,0.966446469,0.94681208,0.940244499,0.97484099,0.941241135,0.899979592,0.915499139,0.899186046,0.962878192,0.970229982,0.94888796,0.941203704,0.952068965,0.959838709,0.946481482,0.891167513,0.957184874,0.960493097,0.933455056,0.922372449,0.980025907,0.39165247,0.669289297,0.489565588,0.498466781,0.497703389,0.430294118,-2,0.604337349,-2,0.642666099,-2,0.519874372,0.460660378,0.842858377,0.707903226,0.867204861,-2,-2,0.516269166,-2,0.882601352,0.948934978,-2,-2,-2,0.932973199,-2,-2,0.708534923,0.919096385,0.864889078,-2,0.893365385,0.914150944,-2,-2,-2,0.906141397,0.90947099,-2,-2,-2,0.706754685,0.711527304,0.615962521,0.601720613,0.588707191,0.953813263,0.970824635,0.954812383,0.919027397,0.977085954,0.943754325,0.977808799,0.935792792,0.966716028,0.957460732,0.912161017,0.968802083,0.936291946,0.933698225,0.969096284,0.944213197,0.979797639,0.926494845,0.937268041,0.953972125,0.96502551,0.968188034,0.93103512,0.933293103,0.932844975,0.967392055,0.928496622,0.955578859,0.980802048,0.952269625,0.959160714,0.922163544,-2,0.888704348,0.968302753,0.92490566,0.927482699,0.890185185,-2,0.983529412,0.929872881,0.939266442,0.949499121,0.929290657,0.956841564,0.956378092,0.947790697,0.963641869,0.905313029,0.966935484,0.906743987,0.941241135,-2,0.927685665,0.722644068,0.893448567,0.950318792,0.906153846,0.9491782,0.959548552,0.301929066,0.956888702,0.913700516,0.951148532,0.951444257,0.957154116,0.947584746,0.947370242,0.914601387,-2,-2,-2,-2,-2,0.888704348,0.920466322,-2,-2,-2,0.558994889,0.860483871,0.939245283,0.932785235,0.952473958,0.951730419,0.955578859,0.929677419,0.958941177,0.97569808,0.969837587,0.917782609,0.904707401,0.950477387,0.986230228,0.970229982,0.97287037,0.926731419,-2,0.65334753,0.978767605,0.695477815,0.959895833,0.981779359,-2,-2,0.936034188,-2,-2,-2,-2,-2,0.972352941TTO,0.116486268,0.491666667,0.954130435,0.916666666,0.975333333,0.949499121,0.962592282,-2,0.969880192,0.803846154,0.910029354,0.940853041,0.925971524,0.946666666,0.921520787,0.973900316,0.930740319,0.966494157,0.91811973,0.878201923,0.960589661,0.840925926,0.95839779,0.964486356,0.974124606,0.981868044,1.002201366,0.99484,0.972015873,0.921666666,1.006849206,0.934898336,0.893336284,0.951217948,0.946286645,0.343860354,0.634582019,0.444502408,0.441147673,0.444041534,0.388045603,-2,0.566566265,-2,0.610561798,-2,0.467195892,0.405825243,0.888674797,0.67716,0.903044189,-2,-2,0.471340289,-2,0.86861465,0.991751592,-2,-2,-2,0.983917851,-2,-2,0.699462279,0.968784441,0.905554663,-2,0.938261944,0.952148626,-2,-2,-2,0.951067416,0.954276528,-2,-2,-2,0.675385852,0.668665595,0.582046548,0.561918138,0.548667205,0.995074135,1.002222222,1.009607843,0.879719388,0.989676471,0.9975,0.991666666,0.981559865,1.002101806,0.986658457,0.874456,1.000749186,0.978755943,0.904252767,0.986759554,0.993333334,0.981666666,0.932303922,0.999196428,0.993522167,0.949543269,0.982536349,0.975333333,0.92625,0.984517684,0.980325733,0.971549521,1.006909667,0.994598071,0.982737521,0.993981481,0.961131621,-2,0.931934427,0.999801038,0.977471729,0.978297873,0.866500829,-2,1.020411764,0.954567307,0.97843949,0.956909091,0.970357143,1.004259259,0.968494177,0.993793103,0.991893443,0.948640699,0.983136,0.955380259,0.963005008,-2,0.975333333,0.734504792,0.946979332,0.977207278,0.957054455,0.992239414,0.977905297,0.270610749,0.98,0.968660714,0.997422765,0.968455414,0.98828125,0.981565496,0.978623779,0.959763458,-2,-2,-2,-2,-2,0.933647541,0.965138212,-2,-2,-2,0.509919743,0.904552,0.99402439,0.97886076,0.991542904,0.974974227,0.986944444,0.9829374,0.98703645,1.00546875,0.999663774,0.964615385,0.95184765,0.992004754,0.994491667,0.994516908,0.993579365,0.976775478,-2,0.625658106,0.974064569,0.667592296,1.001537071,0.967592593,-2,-2,0.922658536,-2,-2,-2,-2,-2,0.909991611BRB,0.132536585,0.518306581,0.982232143,0.889254807,0.976445035,0.963475178,0.999027073,0.969880192,-2,0.815280173,0.938450981,0.956290323,0.949679054,0.972873194,0.945586284,0.963463375,0.953078704,0.960697479,0.920806451,0.882037037,0.941011419,0.874387755,0.975204081,0.980640194,0.965380953,0.95485623,0.962263339,0.963966075,0.959864217,0.902423756,0.974888179,0.943996283,0.914375,0.935443548,0.990180328,0.371405493,0.665150794,0.474386107,0.464256865,0.467057878,0.412860656,-2,0.604337349,-2,0.641518578,-2,0.486007936,0.428586601,0.865417349,0.726956522,0.888077557,-2,-2,0.492860616,-2,0.865233119,0.957916667,-2,-2,-2,0.955,-2,-2,0.70904685,0.940841503,0.887742718,-2,0.911337209,0.934552845,-2,-2,-2,0.931890146,0.935088996,-2,-2,-2,0.711885113,0.718648867,0.61450727,0.595936996,0.582821138,0.974064569,0.983408645,0.969955117,0.911025641,0.956019802,0.96421875,0.952744783,0.948538462,0.962090909,0.948272728,0.903647344,0.976136738,0.955143312,0.929972015,0.949390048,0.957495974,0.969518459,0.94359375,0.949222586,0.951572847,0.943543689,0.951544716,0.962063492,0.934011438,0.955235008,0.962635468,0.949236335,0.965127389,0.968907767,0.938470873,0.947419355,0.943707593,-2,0.913509933,0.971923077,0.947830343,0.946869852,0.896958333,-2,0.983529412,0.938985508,0.956099519,0.963413621,0.94703125,0.952794118,0.945226131,0.966529304,0.953756178,0.922748398,0.952148626,0.929267101,0.946481482,-2,0.948591433,0.687146302,0.906224,0.93649361,0.920223881,0.940671031,0.930016182,0.277070376,0.93579582,0.911595745,0.966196721,0.927772436,0.952998339,0.954276528,0.931934427,0.935360656,-2,-2,-2,-2,-2,0.905321783,0.94392623,-2,-2,-2,0.535161551,0.881771336,0.945476191,0.946823248,0.946545455,0.965587219,0.941336,0.925137318,0.955,0.96714404,0.9625,0.941363636,0.932487766,0.953333334,0.973232831,0.945072934,0.981362179,0.94786859,-2,0.656712439,0.971605351,0.694975728,0.974571949,0.9796875,-2,-2,0.9405,-2,-2,-2,-2,-2,0.937504216DMA,0.219039301,0.49523913,0.842306035,0.707176724,0.836967593,0.871658768,0.863866667,0.803846154,0.815280173,-2,0.854505208,0.846402715,0.870833333,0.857435898,0.885176471,0.774741379,0.802681159,0.81640625,0.8455,0.857581522,0.769754464,0.829439462,0.782222223,0.796190476,0.799380342,0.784871244,0.804195652,0.791666667,0.788254311,0.743211207,0.797262931,0.776764706,0.755,0.748384279,0.82139738,0.322586956,0.611816239,0.44526087,0.44526087,0.440717391,0.349888393,-2,0.619915254,-2,0.504326087,-2,0.473376068,0.399422222,0.657790179,0.617913044,0.682545045,-2,-2,0.458891305,-2,0.716185345,0.752198067,-2,-2,-2,0.771416309,-2,-2,0.5225,0.779166667,0.68592511,-2,0.715753425,0.725567685,-2,-2,-2,0.717869565,0.725567685,-2,-2,-2,0.588668122,0.604282609,0.54976087,0.554304348,0.520218341,0.790685841,0.801380368,0.803846154,0.726523809,0.868380281,0.779245689,0.840543478,0.780070422,0.806415525,0.843849765,0.820416666,0.807707423,0.775901287,0.796190476,0.811781116,0.769047619,0.825960699,0.81380531,0.787202643,0.827291667,0.842306035,0.825960699,0.809507042,0.815381166,0.747083334,0.820416666,0.765416666,0.788254311,0.820416666,0.795108695,0.814346847,0.741904762,-2,0.738790697,0.803466982,0.753153153,0.755758929,0.756561086,-2,0.825887097,0.756724138,0.752219827,0.764033018,0.747755556,0.785503355,0.788415179,0.798822115,0.80561674,0.743211207,0.791666667,0.761228448,0.795733945,-2,0.767847826,0.583571428,0.735536481,0.790448718,0.7425,0.807075893,0.809761905,0.369911505,0.806271552,0.768788546,0.791806167,0.799380342,0.79325,0.78489083,0.80561674,0.728333333,-2,-2,-2,-2,-2,0.749070796,0.745770925,-2,-2,-2,0.486152174,0.683095238,0.802083334,0.77258547,0.814413146,0.764896907,0.811781116,0.80873913,0.809761905,0.823053097,0.763653846,0.741763393,0.741167401,0.801767241,0.818429204,0.817826087,0.790448718,0.777051282,-2,0.622456522,0.811187215,0.631543478,0.787328768,0.855859729,-2,-2,0.779245689,-2,-2,-2,-2,-2,0.837926267GRD,0.152826087,0.508156863,0.926344621,0.797553816,0.931606383,0.954130435,0.962164634,0.910029354,0.938450981,0.854505208,-2,0.993074534,0.990686071,0.985810547,0.986944444,0.88,0.910555555,0.91572165,0.92625,0.885,0.84555666,0.891966527,0.915472689,0.918772277,0.890786407,0.871513672,0.903004246,0.90511811,0.888148148,0.836409002,0.902128906,0.901521739,0.890441501,0.861919292,0.946573146,0.381311637,0.659466019,0.473129922,0.483415354,0.486712329,0.410908184,-2,0.497619047,-2,0.588326772,-2,0.503223301,0.442195609,0.793117529,0.670029412,0.807404427,-2,-2,0.495652174,-2,0.862278979,0.852205882,-2,-2,-2,0.865740741,-2,-2,0.666496063,0.853661971,0.8075,-2,0.837271806,0.840996015,-2,-2,-2,0.834763314,0.838478261,-2,-2,-2,0.665749507,0.666496063,0.584212598,0.586269685,0.565869565,0.892073171,0.906449438,0.894467641,0.908453333,0.917690356,0.876111111,0.915911764,0.870833333,0.904124749,0.913846154,0.882490158,0.907777778,0.86405642,0.917178111,0.917209073,0.870147637,0.930479452,0.916448413,0.885201207,0.9075,0.935759369,0.929347826,0.856225807,0.913854582,0.854623762,0.904124749,0.866033464,0.884699029,0.918772277,0.907882703,0.917935011,0.855,-2,0.822122736,0.904761905,0.86290099,0.851169355,0.888144016,-2,0.920595238,0.878375984,0.868090551,0.890888889,0.863810484,0.910895884,0.896312625,0.891323529,0.918843058,0.833536346,0.898658777,0.835581162,0.89074844,-2,0.861333333,0.68027451,0.844589041,0.912333984,0.841923077,0.895119522,0.91076087,0.308702595,0.915658153,0.868380281,0.887620482,0.913605108,0.904531568,0.892775591,0.904124749,0.837259036,-2,-2,-2,-2,-2,0.843554217,0.847354125,-2,-2,-2,0.53484252,0.800687622,0.887935872,0.888757282,0.906377551,0.914097664,0.889882813,0.877717392,0.918703704,0.928888889,0.914047619,0.844444444,0.83182,0.902407407,0.935564681,0.924742064,0.903617647,0.868784314,-2,0.627411418,0.929601227,0.682238659,0.885121951,0.925327199,-2,-2,0.920347913,-2,-2,-2,-2,-2,0.941790124LCA,0.14902921,0.521612904,0.931451613,0.837771186,0.965214153,0.976224863,0.974089286,0.940853041,0.956290323,0.846402715,0.993074534,-2,1.008139329,0.984983109,1.007086168,0.921851852,0.933035714,0.951826923,0.938823529,0.910916497,0.887979275,0.910402505,0.938659492,0.942830189,0.918758389,0.906252101,0.9253,0.938003413,0.919670609,0.853387097,0.93379223,0.935326733,0.898541667,0.89011925,0.945389948,0.388754266,0.661015101,0.480521368,0.493025641,0.493225807,0.415460069,-2,0.602884615,-2,0.610923077,-2,0.512840337,0.44990566,0.833468858,0.680671768,0.844738676,-2,-2,0.507264151,-2,0.861947279,0.909103139,-2,-2,-2,0.907546374,-2,-2,0.677017094,0.894939446,0.849957191,-2,0.874200351,0.899311532,-2,-2,-2,0.893162393,0.896481164,-2,-2,-2,0.677017094,0.674597603,0.598418804,0.591273504,0.585343643,0.937587108,0.943312629,0.934894636,0.915081081,0.957916667,0.921845754,0.950967742,0.916963963,0.941228223,0.943226087,0.899020443,0.954130435,0.909537037,0.908964497,0.9405,0.922372449,0.959983051,0.936522492,0.922163544,0.95,0.948703071,0.958666093,0.902677239,0.920250865,0.903880342,0.941588542,0.897491496,0.927129629,0.948538462,0.935847603,0.946450178,0.891376068,-2,0.864134615,0.939347427,0.895456897,0.897534843,0.9075,-2,0.9796875,0.904361158,0.917258064,0.935192645,0.902996515,0.951966874,0.92641844,0.943485714,0.945217014,0.874966102,0.934625213,0.878301886,0.910642857,-2,0.901426087,0.677117347,0.877305743,0.930261825,0.880576923,0.932906574,0.932461538,0.295482759,0.945476191,0.898046875,0.928888889,0.936957627,0.940683012,0.931258504,0.927074653,0.882283737,-2,-2,-2,-2,-2,0.864134615,0.900862069,-2,-2,-2,0.543042735,0.826403062,0.918003472,0.916574074,0.939223386,0.920595238,0.930261825,0.914820819,0.93574199,0.957460732,0.950440835,0.895456897,0.882166096,0.933979764,0.954531802,0.95,0.940676819,0.905313029,-2,0.659153846,0.958224382,0.696070205,0.933035714,0.952685512,-2,-2,0.935094827,-2,-2,-2,-2,-2,0.9535625VCT,0.144692307,0.532192243,0.93443686,0.831770657,0.956636029,0.988671003,0.968898757,0.925971524,0.949679054,0.870833333,0.990686071,1.008139329,-2,0.980016807,0.998033708,0.908467337,0.915643204,0.939038462,0.936261023,0.914899598,0.876797945,0.89545053,0.944131274,0.936590136,0.91066778,0.897718121,0.92471223,0.931644068,0.913277311,0.852592905,0.927327731,0.916164384,0.88952919,0.882050848,0.951310345,0.393870968,0.664682805,0.497619047,0.50295068,0.506613175,0.425541237,-2,0.634936709,-2,0.622023809,-2,0.520752508,0.464245283,0.820172118,0.689593908,0.843968804,-2,-2,0.524277211,-2,0.87787037,0.890099558,-2,-2,-2,0.894715719,-2,-2,0.689557824,0.897766323,0.842397959,-2,0.870226481,0.878587329,-2,-2,-2,0.872610545,0.875877342,-2,-2,-2,0.6658092,0.672930154,0.606028912,0.598920068,0.581549657,0.925467937,0.943731959,0.926072761,0.899316354,0.934552845,0.908539519,0.937322635,0.903178571,0.927074653,0.936896552,0.89090678,0.936709845,0.896214406,0.906210938,0.932217538,0.908238255,0.947913852,0.931098616,0.915943397,0.927685665,0.945645161,0.946752137,0.889609665,0.92290378,0.89168634,0.928089501,0.884907408,0.915469012,0.937504216,0.926330509,0.936261023,0.881496599,-2,0.854173913,0.9253,0.884230769,0.882564766,0.893630017,-2,0.928888889,0.892935703,0.900740741,0.914375,0.893393783,0.938584521,0.915759717,0.934258189,0.931098616,0.865252951,0.921435811,0.872924528,0.904080561,-2,0.893393783,0.686057529,0.876111111,0.920720268,0.876276042,0.927685665,0.924149659,0.303212435,0.934166667,0.899311532,0.915275862,0.923406408,0.935192645,0.915922165,0.915275862,0.871132075,-2,-2,-2,-2,-2,0.859947917,0.883123924,-2,-2,-2,0.56337585,0.818671743,0.906506025,0.908695652,0.926457243,0.923178506,0.915251678,0.908387097,0.938045302,0.945217014,0.936244344,0.880475779,0.867242268,0.922470687,0.947833333,0.936590136,0.931222781,0.895462963,-2,0.650459184,0.949499121,0.683611584,0.912896227,0.957606762,-2,-2,0.929481292,-2,-2,-2,-2,-2,0.967042629ATG,0.138881686,0.523336,0.956785715,0.846032,0.953010563,0.961916962,0.993722504,0.946666666,0.972873194,0.857435898,0.985810547,0.984983109,0.980016807,-2,0.983395197,0.920595238,0.940022831,0.943305369,0.944722222,0.903510639,0.893526059,0.893192568,0.93275926,0.9453958,0.927602848,0.915,0.935660377,0.930755627,0.92352707,0.86944,0.930183122,0.936629629,0.920859929,0.897154341,0.966196721,0.388719806,0.666352848,0.477906602,0.488003221,0.492355769,0.418341503,-2,0.604337349,-2,0.622624799,-2,0.511735341,0.449315961,0.828499184,0.697784912,0.852182867,-2,-2,0.503085622,-2,0.88255609,0.911878981,-2,-2,-2,0.907106518,-2,-2,0.700032207,0.889869494,0.851169355,-2,0.873432836,0.890875203,-2,-2,-2,0.886819646,0.889935484,-2,-2,-2,0.697790322,0.697790322,0.602431562,0.592334943,0.582625608,0.936361386,0.946647059,0.932432675,0.895714286,0.96255424,0.921655738,0.951368,0.919245763,0.93671875,0.939983525,0.895474276,0.945639344,0.910214968,0.918510242,0.941169872,0.917724359,0.959864217,0.925278232,0.920351307,0.932912541,0.945716586,0.95184765,0.905176056,0.917145187,0.906567043,0.942044335,0.900977564,0.927042926,0.95931672,0.935443548,0.937504216,0.896677419,-2,0.865363637,0.941408695,0.898631921,0.899861111,0.914156928,-2,0.958941177,0.917109501,0.9208748,0.927350994,0.906237705,0.936826172,0.936655518,0.930374771,0.942044335,0.879472,0.937475884,0.882142857,0.915033613,-2,0.902811475,0.698341346,0.871666666,0.925191082,0.882636363,0.932119476,0.933758064,0.297107843,0.94100321,0.901568627,0.923567921,0.934824281,0.939461921,0.926097757,0.930596405,0.884493464,-2,-2,-2,-2,-2,0.88171875,0.899861111,-2,-2,-2,0.55363124,0.838683788,0.927181373,0.912511886,0.936181819,0.929689655,0.931485623,0.91227492,0.933688394,0.95734375,0.951655773,0.895222405,0.883577235,0.933688394,0.964615385,0.953836833,0.943170927,0.901437699,-2,0.647866345,0.964883333,0.694419355,0.937092391,0.963800675,-2,-2,0.935718955,-2,-2,-2,-2,-2,0.94824074KNA,0.154988764,0.489050773,0.923274726,0.821236203,0.96313364,0.970528735,0.966446469,0.921520787,0.945586284,0.885176471,0.986944444,1.007086168,0.998033708,0.983395197,-2,0.889507659,0.927833333,0.940972851,0.957125,0.944213197,0.857975392,0.931831797,0.946647059,0.921922222,0.890185185,0.884934354,0.925855107,0.920154867,0.893417582,0.832770419,0.925833333,0.922539063,0.870399003,0.878539823,0.941207675,0.349888393,0.66251634,0.443191964,0.454854911,0.460077434,0.386862302,-2,0.638611111,-2,0.564486607,-2,0.463176856,0.405733634,0.819242761,0.682733333,0.844943694,-2,-2,0.468850446,-2,0.863958333,0.878971962,-2,-2,-2,0.88335512,-2,-2,0.655457589,0.882804878,0.840644444,-2,0.866061644,0.862242153,-2,-2,-2,0.855,0.858808464,-2,-2,-2,0.673288591,0.683448661,0.5878125,0.5878125,0.572762864,0.913778539,0.930951776,0.914047619,0.881496599,0.949002625,0.911146067,0.930416666,0.895034168,0.914077449,0.923975501,0.895055187,0.932533633,0.884934354,0.942254197,0.925571429,0.894080963,0.934758242,0.942136466,0.89604677,0.916993319,0.943498896,0.937700893,0.882174419,0.926037946,0.875043956,0.936097561,0.86625,0.908398693,0.937054945,0.91233853,0.920366973,0.863463252,-2,0.840236486,0.919894366,0.871986755,0.868902439,0.918475337,-2,0.88,0.883520972,0.890781938,0.91292683,0.874340045,0.931881443,0.906449438,0.927469437,0.931258504,0.851651983,0.915530974,0.859065315,0.891605504,-2,0.881866516,0.646463414,0.851651983,0.898973799,0.861708429,0.910844595,0.910311111,0.315382883,0.925571429,0.877138009,0.903144797,0.916101321,0.9215,0.908292683,0.902823129,0.852255556,-2,-2,-2,-2,-2,0.843125,0.868876404,-2,-2,-2,0.513169643,0.790685841,0.90441704,0.892461874,0.906621005,0.904817074,0.898654267,0.892748345,0.925833333,0.938367347,0.925321229,0.864909297,0.854358109,0.910087527,0.931307871,0.930703125,0.927868132,0.874669603,-2,0.632131696,0.951739131,0.677964206,0.905321783,0.949783599,-2,-2,0.929657837,-2,-2,-2,-2,-2,0.945128205MEX,0.122644694,0.476055556,0.925523349,0.950452381,0.964333334,0.938479789,0.94681208,0.973900316,0.963463375,0.774741379,0.88,0.921851852,0.908467337,0.920595238,0.889507659,-2,0.899794989,0.968494177,0.901224832,0.856096154,0.999418417,0.835648149,0.975972477,0.969639423,0.98922292,1.006909667,0.988032368,0.981565496,1.007030016,0.94381746,0.995473934,0.919907919,0.878833922,0.956666666,0.944747968,0.343881789,0.626671899,0.439033547,0.43235623,0.431955485,0.39123987,-2,0.541385542,-2,0.597619808,-2,0.458419811,0.395040388,0.901270227,0.668933122,0.920351307,-2,-2,0.460536859,-2,0.850620032,1.0076,-2,-2,-2,1.00544164,-2,-2,0.697779552,0.992580906,0.922944,-2,0.927932455,0.974437299,-2,-2,-2,0.97321885,0.976448,-2,-2,-2,0.67716,0.673816,0.57591853,0.552547924,0.542660772,1.005598361,1.020650485,1.007811387,0.860277778,0.977514677,0.999121951,0.976992064,0.99910473,1.00908347,0.983428805,0.843333333,1.000604575,1.002077409,0.879188192,0.981868044,1.000071656,0.982068146,0.92095935,0.995803572,0.972931035,0.924616,0.972757235,0.9975,0.896437803,0.99635634,0.980325733,1.000143084,1.00214511,0.993168,0.976338141,0.980016807,0.983136,-2,0.971336066,1.019688582,0.99266559,1.000749186,0.847437811,-2,1.020411764,0.949848243,0.993415605,0.95390625,1.007617886,0.98626938,0.973946931,1.008965517,0.98362969,0.981968254,0.989912141,0.974323672,0.987525,-2,1.00245114,0.706081081,0.967286392,0.970710901,0.983226602,0.977142857,0.974776,0.254051863,0.968455414,0.968784441,1.005982143,0.962194928,0.99180624,0.990174881,0.965397082,0.982130081,-2,-2,-2,-2,-2,0.939306688,0.987321429,-2,-2,-2,0.489113418,0.948487261,0.977142857,0.992338582,0.993606557,0.955683761,0.985380349,0.978226837,0.969179811,0.980008183,0.993088553,0.980220228,0.969153226,0.988958991,0.952998339,0.969639423,0.996973058,0.990348653,-2,0.625998403,0.963683774,0.65208,1.018544303,0.960555555,-2,-2,0.902268293,-2,-2,-2,-2,-2,0.891477463BLZ,0.156627635,0.521298851,0.931831797,0.813847926,0.927704082,0.920025446,0.940244499,0.930740319,0.953078704,0.802681159,0.910555555,0.933035714,0.915643204,0.940022831,0.927833333,0.899794989,-2,0.921768868,0.893915663,0.88,0.860730858,0.879206731,0.908189415,0.933726852,0.904875,0.879241379,0.913055556,0.912569124,0.894347826,0.847557604,0.916164384,0.885735294,0.891085271,0.865995371,0.946415094,0.363689095,0.657875,0.467946636,0.465522042,0.469282407,0.397394366,-2,0.579156626,-2,0.608573086,-2,0.483223235,0.426728538,0.783138173,0.699884526,0.817718676,-2,-2,0.497041763,-2,0.828382688,0.896635802,-2,-2,-2,0.887892938,-2,-2,0.681310905,0.866764018,0.804965197,-2,0.833990385,0.879358974,-2,-2,-2,0.875278422,0.879744186,-2,-2,-2,0.707981439,0.707197674,0.61099768,0.594025522,0.597837209,0.917194245,0.904388379,0.903257979,0.864430147,0.930164835,0.895011764,0.903589449,0.8875,0.901616279,0.901948956,0.858738426,0.917441314,0.884415137,0.901275071,0.903589449,0.903913043,0.920652174,0.91529274,0.903589449,0.901616279,0.909849885,0.91008216,0.875610973,0.89812212,0.883675115,0.920890736,0.877608696,0.899130434,0.917384792,0.899186046,0.911862981,0.868414352,-2,0.834014251,0.9169875,0.875278422,0.876062355,0.8575,-2,0.983529412,0.877703017,0.900862069,0.90795082,0.879087677,0.9169875,0.89318402,0.912094763,0.909764706,0.857620689,0.89845977,0.859871795,0.884045976,-2,0.885925059,0.675750577,0.853695652,0.889920092,0.865429594,0.888738318,0.904046512,0.293676815,0.90119266,0.86712766,0.902723004,0.894002293,0.910642857,0.900862069,0.897816902,0.869598109,-2,-2,-2,-2,-2,0.860880953,0.887034883,-2,-2,-2,0.562505801,0.806073903,0.902723004,0.895375,0.909350962,0.916197674,0.896739131,0.87847575,0.916164384,0.91529274,0.90900685,0.878583139,0.860730858,0.906621005,0.92972422,0.906476744,0.92755734,0.884415137,-2,0.649791184,0.939021227,0.686160093,0.931050532,0.920413626,-2,-2,0.913461538,-2,-2,-2,-2,-2,0.89607488GTM,0.147008474,0.504966443,0.939444444,0.88624374,0.982071168,0.958238008,0.97484099,0.966494157,0.960697479,0.81640625,0.91572165,0.951826923,0.939038462,0.943305369,0.940972851,0.968494177,0.921768868,-2,0.945651408,0.892124249,0.937685185,0.878833922,0.968339769,0.969224283,0.96181592,0.952382943,0.963185053,0.97135906,0.9614,0.900200334,0.982195325,0.966017442,0.90320632,0.929278524,0.957470085,0.374722223,0.651608623,0.468932773,0.470689076,0.472613066,0.418709677,-2,0.580555556,-2,0.611193278,-2,0.498197674,0.431129032,0.855483051,0.679689076,0.876509434,-2,-2,0.496947724,-2,0.855637584,0.964977477,-2,-2,-2,0.95095,-2,-2,0.697252101,0.939606837,0.879907563,-2,0.899861111,0.929872881,-2,-2,-2,0.929084033,0.932407407,-2,-2,-2,0.676176471,0.680833334,0.588361344,0.572554622,0.559569257,0.976059028,0.980626283,0.977962265,0.912256757,0.991355236,0.969587629,0.983632551,0.963185053,0.983741379,0.982585325,0.893703703,0.994725086,0.957916667,0.91462963,0.983632551,0.964480737,0.985385906,0.939606837,0.957619454,0.976652324,0.958505068,0.993460884,0.943747715,0.932844975,0.95,0.95,0.938758333,0.970108333,0.994067227,0.970610169,0.985918728,0.930261825,-2,0.907595156,0.974443431,0.939965929,0.944622641,0.860480769,-2,1.019512195,0.928888889,0.958941177,0.955223368,0.942478485,0.985888888,0.968269231,0.979063098,0.987641509,0.922265101,0.9796875,0.920383305,0.961108203,-2,0.942830189,0.721840337,0.922675585,0.964883333,0.923656846,0.971635274,0.967199661,0.296290322,0.969478991,0.939245283,0.973178695,0.973352843,0.969196891,0.964210084,0.96254717,0.929284498,-2,-2,-2,-2,-2,0.922271157,0.941393163,-2,-2,-2,0.532159663,0.875493311,0.948538462,0.96327787,0.969065744,0.948275862,0.967981574,0.936109243,0.964883333,0.981939655,0.980286697,0.93888124,0.922580645,0.978816667,0.969964974,0.983008474,0.983735343,0.948726968,-2,0.63402521,0.967257785,0.665,0.975597723,0.960518454,-2,-2,0.925520478,-2,-2,-2,-2,-2,0.927460457HND,0.16339347,0.528688663,0.928690068,0.821830509,0.944183673,0.943376147,0.941241135,0.91811973,0.920806451,0.8455,0.92625,0.938823529,0.936261023,0.944722222,0.957125,0.901224832,0.893915663,0.945651408,-2,0.941971831,0.870232759,0.916010733,0.931368932,0.923321918,0.897964824,0.891427365,0.919371585,0.911935484,0.905784148,0.837771186,0.921851852,0.9514786,0.897678571,0.865195911,0.925467937,0.38697099,0.67741206,0.4921843,0.4921843,0.493225807,0.436473137,-2,0.593456791,-2,0.625930034,-2,0.518993288,0.450431035,0.81037133,0.694889455,0.83673077,-2,-2,0.513553082,-2,0.858709678,0.87751693,-2,-2,-2,0.891944445,-2,-2,0.690127986,0.880475779,0.834213675,-2,0.858,0.876219932,-2,-2,-2,0.875588737,0.878871795,-2,-2,-2,0.689521368,0.696666667,0.618796929,0.60274744,0.591509434,0.915740418,0.92090625,0.917122371,0.90547684,0.916819126,0.909168111,0.935372251,0.900018018,0.924843206,0.933752181,0.888870968,0.929490501,0.892201681,0.898658777,0.931835872,0.902823129,0.942618243,0.91010327,0.906267241,0.933752181,0.941746167,0.95,0.882444444,0.913474138,0.88932363,0.921845754,0.878225806,0.909537037,0.938367347,0.925520478,0.932634408,0.872022185,-2,0.843686515,0.919907919,0.879526679,0.884369603,0.876333333,-2,0.944277109,0.895967742,0.903064516,0.9025,0.885069565,0.9405,0.921516755,0.909574469,0.939591305,0.859025423,0.922163544,0.863339071,0.892254902,-2,0.887979275,0.686612903,0.86847973,0.914595279,0.864450262,0.920250865,0.91459829,0.313318891,0.926330509,0.891057192,0.908932292,0.919881957,0.9185,0.903305085,0.918661486,0.864827586,-2,-2,-2,-2,-2,0.855331588,0.882001733,-2,-2,-2,0.559948805,0.810408163,0.900363322,0.908238255,0.922596154,0.905027523,0.905548986,0.892419355,0.923611111,0.932517361,0.929423963,0.87875,0.863025862,0.927327731,0.941790124,0.936034188,0.933604061,0.892935703,-2,0.66337884,0.938104056,0.700239316,0.914875479,0.923359789,-2,-2,0.916822828,-2,-2,-2,-2,-2,0.934901786SLV,0.167690802,0.530632296,0.876650295,0.788297872,0.899861111,0.903604651,0.899979592,0.878201923,0.882037037,0.857581522,0.885,0.910916497,0.914899598,0.903510639,0.944213197,0.856096154,0.88,0.892124249,0.941971831,-2,0.825,0.946897959,0.874827981,0.865740741,0.860115385,0.844893617,0.885073376,0.876908915,0.863085106,0.804001938,0.877234043,0.905044643,0.841370449,0.841296296,0.888353057,0.391111111,0.673221154,0.492962963,0.488888889,0.494036965,0.439891305,-2,0.632160494,-2,0.600925926,-2,0.525520231,0.442273622,0.770326087,0.683740234,0.799850895,-2,-2,0.51537037,-2,0.81976699,0.825417722,-2,-2,-2,0.84566474,-2,-2,0.662037037,0.835585318,0.793955078,-2,0.810450902,0.835177165,-2,-2,-2,0.834775391,0.838454012,-2,-2,-2,0.655166016,0.669453125,0.623333333,0.600925926,0.595097847,0.872906746,0.864476885,0.864748908,0.884744409,0.890704698,0.865326087,0.884699029,0.856170431,0.87571,0.879354208,0.868122569,0.888043479,0.847297297,0.863576389,0.882984496,0.848174757,0.892815534,0.888353057,0.860588236,0.874931373,0.924814814,0.890718504,0.839461697,0.891871288,0.835185185,0.880547809,0.828304264,0.867471042,0.887534246,0.868122569,0.877884616,0.829852941,-2,0.801444223,0.870095339,0.833120078,0.82936508,0.848269231,-2,0.944277109,0.831527237,0.856291262,0.863619329,0.840996015,0.891605504,0.877205284,0.876600441,0.878797216,0.822228682,0.871513672,0.823271119,0.843630831,-2,0.838885601,0.653125,0.822228682,0.873523166,0.826767069,0.86326087,0.863703703,0.328369565,0.870495146,0.844277228,0.860466269,0.85868217,0.8648998,0.853891051,0.86290099,0.820777559,-2,-2,-2,-2,-2,0.809301397,0.839695482,-2,-2,-2,0.533703704,0.771067962,0.850099206,0.852076923,0.872906746,0.84378882,0.859042553,0.85481409,0.871170213,0.873962076,0.859097035,0.836,0.821218075,0.86712766,0.874344758,0.875264188,0.885319149,0.840058252,-2,0.670185185,0.88825,0.698703703,0.869369748,0.881784989,-2,-2,0.883127451,-2,-2,-2,-2,-2,0.887505092NIC,0.094067104,0.443743922,0.90578125,0.982637097,0.935989208,0.909676259,0.915499139,0.960589661,0.941011419,0.769754464,0.84555666,0.887979275,0.876797945,0.893526059,0.857975392,0.999418417,0.860730858,0.937685185,0.870232759,0.825,-2,0.802185887,0.94304878,0.936074918,0.970958132,0.995803572,0.975455342,0.955089286,0.982737521