1991,USA,CAN,BHS,CUB,HTI,DOM,JAM,TTO,BRB,DMA,GRD,LCA,VCT,ATG,KNA,MEX,BLZ,GTM,HND,SLV,NIC,CRI,PAN,COL,VEN,GUY,SUR,ECU,PER,BRA,BOL,PRY,CHL,ARG,URY,GBR,IRL,NLD,BEL,LUX,FRA,MCO,LIE,CHE,ESP,AND,PRT,DEU,POL,AUT,HUN,CZE,SVK,ITA,SMR,MLT,ALB,MNE,MKD,HRV,SRB,BIH,SVN,GRC,CYP,BGR,MDA,ROU,RUS,EST,LVA,LTU,UKR,BLR,ARM,GEO,AZE,FIN,SWE,NOR,DNK,ISL,CPV,STP,GNB,GNQ,GMB,MLI,SEN,BEN,MRT,NER,CIV,GIN,BFA,LBR,SLE,GHA,TGO,CMR,NGA,GAB,CAF,TCD,COG,COD,UGA,KEN,TZA,BDI,RWA,SOM,DJI,ETH,ERI,AGO,MOZ,ZMB,ZWE,MWI,ZAF,NAM,LSO,BWA,SWZ,MDG,COM,MUS,SYC,MAR,DZA,TUN,LBY,SDN,SSD,IRN,TUR,IRQ,EGY,SYR,LBN,JOR,ISR,SAU,YEM,KWT,BHR,QAT,ARE,OMN,AFG,TKM,TJK,KGZ,UZB,KAZ,CHN,MNG,TWN,PRK,KOR,JPN,IND,BTN,PAK,BGD,MMR,LKA,MDV,NPL,THA,KHM,LAO,VNM,MYS,SGP,BRN,PHL,IDN,TLS,AUS,PNG,NZL,VUT,SLB,KIR,TUV,FJI,TON,NRU,MHL,PLW,FSM,WSMUSA,-2,0.384401114,0.226190476,0.08,0.213855422,0.242647059,0.215909091,0.213450292,0.209059233,0.267924528,0.233870968,0.208609272,0.242647059,0.233009709,0.229885057,0.184357542,0.22392638,0.220735786,0.239766082,0.26056338,0.224242424,0.254601227,0.268221574,0.188732394,0.2,0.219101124,0.225626741,0.226890756,0.21971831,0.193277311,0.231428571,0.24852071,0.241477273,0.286516854,0.250712251,0.586592179,0.338935574,0.420168067,0.412256267,0.409470752,0.47008547,0.41011236,0.333333333,-2,0.357541899,0.445945946,0.384401114,0.421787709,0.370786517,0.346368715,0.394202899,0.407582938,0.395121951,0.407821229,0.357142857,0.315492958,0.310714286,-2,0.299019608,0.367924528,0.123287671,0.294478528,0.365019011,0.328690808,0.207865169,0.365168539,0.349264706,0.372159091,0.330532213,0.326219512,0.375776398,0.343195266,0.234636872,0.235294118,0.302904564,0.40625,0.256916996,0.359331476,0.348189415,0.376068376,0.381615599,0.374301676,0.221854305,0.170542636,0.182186235,0.3125,0.212121212,0.192982456,0.200598802,0.185185185,0.18128655,0.180232558,0.190615836,0.197530864,0.177514793,0.170542636,0.174496644,0.1625,0.171830986,0.168571429,0.168115942,0.201201201,0.178403756,0.156716418,0.203636364,0.208,0.166666667,0.193452381,0.151975684,0.176056338,0.236966825,0.06557377,0.187878788,0.16519174,0.329545455,0.163265306,0.206081081,0.207430341,0.158640227,0.222591362,0.277027027,0.185758514,0.181818182,0.21971831,0.210059172,0.198555957,0.182978723,0.21958457,0.180451128,0.200589971,0.173184358,0.190340909,0.138810198,0.135135135,-2,0.16374269,0.315492958,0.113360324,0.197101449,0.12979351,0.162079511,0.181818182,0.685393258,0.197101449,0.164037855,0.226086957,0.193548387,0.197640118,0.202346041,0.195783133,0.188087774,0.294117647,0.313432836,0.271428571,0.363636364,0.261029412,0.124637681,0.269230769,-2,0.092105263,0.247863248,0.349162011,0.104225352,0.193979933,0.17877095,0.191428571,0.106382979,0.159217877,0.202816901,0.213068182,0.179271709,0.290322581,0.11550152,0.102639296,0.173669468,0.208913649,0.169491525,0.182072829,0.152112676,-2,0.317548747,0.234113712,0.304469274,0.217573222,0.312252964,-2,-2,0.25625,-2,-2,0.313782991,0.5,0.3,0.285714286CAN,0.384401114,-2,0.584569733,0.447293447,0.611445783,0.536764706,0.620396601,0.577259475,0.597222222,0.645283019,0.600806452,0.613861386,0.602941176,0.593548387,0.574712644,0.576601671,0.616564417,0.543333333,0.609329446,0.564912281,0.586102719,0.596330275,0.644314869,0.561797753,0.575842697,0.585434174,0.594444444,0.589385475,0.575842697,0.592178771,0.615384615,0.639053254,0.620396601,0.756302521,0.619318182,0.727019499,0.849162011,0.907821229,0.877777778,0.916666667,0.775568182,0.769662921,0.832402235,-2,0.832869081,0.878378378,0.886111111,0.905292479,0.890756303,0.855153203,0.893063584,0.895734597,0.882926829,0.91643454,0.869047619,0.775280899,0.814946619,-2,0.799019608,0.825471698,0.472972973,0.73006135,0.863117871,0.788888889,0.574229692,0.904761905,0.856617647,0.88101983,0.664804469,0.869300912,0.817337461,0.852507375,0.693593315,0.697947214,0.755186722,0.713541667,0.656126482,0.916666667,0.872222222,0.897727273,0.902777778,0.905292479,0.590759076,0.523076923,0.548387097,0.4375,0.515151515,0.556851312,0.567164179,0.571022727,0.527696793,0.533333333,0.561403509,0.544615385,0.536873156,0.546153846,0.543624161,0.526479751,0.556179775,0.561253561,0.514450867,0.556886228,0.551401869,0.531598513,0.586956522,0.496,0.52,0.575667656,0.5,0.526315789,0.516587678,0.451612903,0.561933535,0.564705882,0.613636364,0.495934959,0.528619529,0.561728395,0.525423729,0.629139073,0.682432432,0.49691358,0.537216828,0.578651685,0.592920354,0.553956835,0.50212766,0.587537092,0.556390977,0.555882353,0.532033426,0.549575071,0.495750708,0.48048048,-2,0.501457726,0.744382022,0.439516129,0.549132948,0.491176471,0.527439024,0.535087719,0.487394958,0.552023121,0.520504732,0.578034682,0.558479532,0.558823529,0.567251462,0.552552553,0.545454545,0.745098039,0.694029851,0.628571429,0.74025974,0.738970588,0.497109827,0.635782748,-2,0.447368421,0.6875,0.838440111,0.466292135,0.505016722,0.52367688,0.538461538,0.505300353,0.512534819,0.556179775,0.57223796,0.541899441,0.580645161,0.5,0.488304094,0.533519553,0.588888889,0.523943662,0.533519553,0.505617978,-2,0.816666667,0.605351171,0.835654596,0.594142259,0.696850394,-2,-2,0.604361371,-2,-2,0.662756598,0.5,0.620689655,0.680379747BHS,0.226190476,0.584569733,-2,0.757575758,0.914012739,0.854014599,0.907462687,0.920245399,0.955555556,0.848605578,0.93442623,0.923875433,0.930501931,0.95221843,0.925287356,0.876106195,0.922829582,0.889679715,0.888198758,0.883895131,0.891238671,0.849358974,0.836419753,0.875,0.881656805,0.926035503,0.920821114,0.87202381,0.910179641,0.883928571,0.900302115,0.884375,0.88253012,0.62202381,0.839879154,0.4375,0.634218289,0.56547619,0.537091988,0.575667656,0.492401216,0.748571429,0.584070796,-2,0.648809524,0.657342657,0.601173021,0.556547619,0.577844311,0.648809524,0.593846154,0.618357488,0.62,0.574404762,0.595238095,0.706231454,0.636363636,-2,0.685,0.639423077,0.921052632,0.835616438,0.636363636,0.623145401,0.834319527,0.571856287,0.608,0.566666667,0.573134328,0.615635179,0.572847682,0.594936709,0.775147929,0.754716981,0.676595745,0.5,0.747863248,0.605341246,0.646884273,0.616314199,0.611275964,0.610119048,0.917491749,0.965217391,0.892241379,0.774193548,0.893518519,0.864197531,0.880503145,0.874251497,0.855828221,0.860182371,0.80625,0.854489164,0.856697819,0.956521739,0.883561644,0.836990596,0.851632047,0.873873874,0.837920489,0.879746835,0.881516588,0.876984127,0.887272727,0.85483871,0.833333333,0.847761194,0.826625387,0.847750865,0.87628866,0.9375,0.881789137,0.860248447,0.802325581,0.816593886,0.864768683,0.87254902,0.821428571,0.856643357,0.832167832,0.830065359,0.83171521,0.893175074,0.8625,0.887596899,0.882882883,0.846394984,0.940740741,0.844720497,0.844117647,0.861861862,0.805389222,0.78164557,-2,0.808641975,0.610119048,0.827309237,0.86969697,0.814814815,0.84516129,0.852307692,0.282738095,0.844512195,0.866666667,0.862804878,0.867692308,0.866459627,0.87037037,0.87037037,0.850993377,0.823529412,0.73880597,0.739130435,0.753246753,0.728,0.771604938,0.861016949,-2,0.774647887,0.721212121,0.599406528,0.760479042,0.829181495,0.841176471,0.84984985,0.818867925,0.844117647,0.872403561,0.883928571,0.867256637,0.895604396,0.810289389,0.795665635,0.85,0.897360704,0.848664688,0.84660767,0.819526627,-2,0.652818991,0.857627119,0.697329377,0.869369369,0.824701195,-2,-2,0.846875,-2,-2,0.670846395,0.5,0.697580645,0.769491525CUB,0.08,0.447293447,0.757575758,-2,0.830769231,0.676470588,0.768115942,0.827380952,0.785964912,0.655172414,0.760330579,0.791946309,0.737827715,0.722772277,0.735294118,0.857549858,0.764890282,0.802721088,0.80952381,0.76344086,0.793209877,0.734375,0.695522388,0.83908046,0.82183908,0.828080229,0.815340909,0.808571429,0.786743516,0.848571429,0.78425656,0.749244713,0.808139535,0.479885057,0.705539359,0.311428571,0.485714286,0.42,0.396011396,0.435897436,0.387755102,0.564705882,0.442857143,-2,0.514285714,0.442857143,0.460227273,0.414285714,0.436781609,0.482857143,0.43620178,0.426470588,0.426395939,0.428571429,0.375,0.57183908,0.457875458,-2,0.47979798,0.416666667,0.893333333,0.75483871,0.421259843,0.484330484,0.813753582,0.433908046,0.439393939,0.426086957,0.401146132,0.44375,0.391719745,0.448484848,0.646723647,0.605421687,0.579831933,0.301075269,0.706122449,0.458689459,0.498575499,0.470930233,0.472934473,0.465714286,0.841216216,0.893129771,0.845528455,0.4,0.82300885,0.854599407,0.875,0.814492754,0.860534125,0.843657817,0.733532934,0.8375,0.856716418,0.847328244,0.846416382,0.845425868,0.8252149,0.825581395,0.84660767,0.803680982,0.788732394,0.873134328,0.782287823,0.764227642,0.877742947,0.781155015,0.891975309,0.831541219,0.779411765,0.952380952,0.888888889,0.826865672,0.604651163,0.850622407,0.845360825,0.8375,0.887283237,0.772881356,0.780141844,0.871069182,0.81,0.824712644,0.761329305,0.88,0.865800866,0.809090909,0.902985075,0.861445783,0.9002849,0.866666667,0.916184971,0.908256881,-2,0.898507463,0.55907781,0.906504065,0.867256637,0.92238806,0.878504673,0.87761194,0.163323782,0.870588235,0.914012739,0.846153846,0.874626866,0.876876877,0.87761194,0.874233129,0.868589744,0.69,0.5234375,0.556390977,0.458333333,0.59245283,0.917159763,0.761437908,-2,0.947368421,0.627906977,0.471428571,0.896551724,0.797945205,0.897435897,0.868804665,0.935714286,0.889204545,0.833333333,0.826086957,0.840909091,0.748603352,0.921450151,0.961764706,0.88034188,0.8125,0.882183908,0.845714286,0.925501433,-2,0.507122507,0.729452055,0.555555556,0.81779661,0.638211382,-2,-2,0.700636943,-2,-2,0.498498498,0.25,0.509727626,0.61038961HTI,0.213855422,0.611445783,0.914012739,0.830769231,-2,0.841269841,0.923780488,0.950155763,0.940074906,0.833333333,0.928571429,0.926315789,0.914728682,0.897959184,0.915662651,0.937125749,0.926517572,0.928825623,0.959119497,0.943820225,0.951298701,0.891803279,0.859375,0.939393939,0.93373494,0.966966967,0.955223881,0.939759036,0.948484848,0.942598187,0.93030303,0.921135647,0.956923077,0.627272727,0.873846154,0.46223565,0.645645646,0.580060423,0.554216867,0.596385542,0.532307692,0.784883721,0.598802395,-2,0.682779456,0.669014085,0.617910448,0.580060423,0.592705167,0.652567976,0.60815047,0.630541872,0.621212121,0.589123867,0.5875,0.731927711,0.633204633,-2,0.67839196,0.633165829,0.952380952,0.892405063,0.64,0.641566265,0.901197605,0.592705167,0.604651163,0.573619632,0.540785498,0.618421053,0.576666667,0.614649682,0.783783784,0.746031746,0.699115044,0.489247312,0.777777778,0.61746988,0.653614458,0.627692308,0.63253012,0.625377644,0.978571429,0.982608696,0.934210526,0.666666667,0.939814815,0.937694704,0.958860759,0.920972644,0.925465839,0.929012346,0.815286624,0.92384106,0.925,0.957627119,0.923076923,0.909395973,0.903323263,0.917431193,0.891304348,0.906451613,0.903061224,0.93625498,0.906976744,0.901785714,0.891089109,0.882165605,0.87987013,0.902255639,0.934343434,0.962962963,0.958598726,0.903726708,0.835294118,0.891774892,0.913357401,0.946843854,0.887878788,0.911032028,0.923076923,0.897009967,0.888888889,0.948640483,0.886435331,0.953125,0.92920354,0.921875,0.96875,0.91509434,0.922155689,0.932926829,0.884848485,0.870253165,-2,0.885093168,0.682779456,0.881057269,0.932515337,0.890965732,0.913461538,0.919003115,0.277108434,0.919504644,0.95,0.938080495,0.92879257,0.93125,0.937888199,0.935897436,0.920792079,0.823529412,0.706766917,0.777777778,0.701298701,0.755813953,0.853125,0.910958904,-2,0.853146853,0.753846154,0.613293051,0.827272727,0.882142857,0.904191617,0.90881459,0.893536122,0.889552239,0.912386707,0.939209726,0.912912913,0.931818182,0.889967638,0.874213836,0.907462687,0.940298507,0.906344411,0.891891892,0.894578313,-2,0.662650602,0.875,0.707831325,0.933035714,0.843881857,-2,-2,0.848993289,-2,-2,0.664576803,0.333333333,0.666666667,0.785714286DOM,0.242647059,0.536764706,0.854014599,0.676470588,0.841269841,-2,0.838235294,0.832061069,0.854014599,0.869918699,0.876190476,0.830882353,0.854014599,0.850393701,0.823529412,0.795620438,0.826771654,0.831932773,0.854961832,0.824074074,0.834586466,0.888059701,0.804511278,0.772058824,0.807407407,0.824817518,0.810218978,0.810218978,0.807407407,0.788321168,0.838235294,0.856060606,0.827067669,0.666666667,0.850746269,0.397058824,0.6,0.514705882,0.522058824,0.522058824,0.477272727,0.836363636,0.580882353,-2,0.562962963,0.47826087,0.562043796,0.514705882,0.525925926,0.595588235,0.534351145,0.576271186,0.542372881,0.522058824,0.607142857,0.607407407,0.541176471,-2,0.775862069,0.625,0.860465116,0.657894737,0.622222222,0.566176471,0.744525547,0.52238806,0.604395604,0.511278195,0.647058824,0.578125,0.581395349,0.571428571,0.766423358,0.73880597,0.662650602,0.469387755,0.617977528,0.544117647,0.573529412,0.558823529,0.566176471,0.551470588,0.849206349,0.880597015,0.827868852,-2,0.834645669,0.777777778,0.782945736,0.844444444,0.75,0.77037037,0.787878788,0.796875,0.759398496,0.826666667,0.766129032,0.786259542,0.817518248,0.830769231,0.757352941,0.833333333,0.829059829,0.781954887,0.894736842,0.904109589,0.736434109,0.839416058,0.733333333,0.756521739,0.789473684,0.828571429,0.801587302,0.775193798,0.285714286,0.793103448,0.829059829,0.811965812,0.727941176,0.883333333,-2,0.757352941,0.786764706,0.794117647,0.801526718,0.788135593,0.778688525,0.770992366,0.875,0.782945736,0.75,0.772727273,0.727272727,0.713178295,-2,0.75,0.481481481,0.720930233,0.787878788,0.730769231,0.766666667,0.755725191,0.367647059,0.789473684,0.76984127,0.801526718,0.803149606,0.786259542,0.8,0.796875,0.785714286,0.871794872,0.842105263,0.731707317,-2,0.659340659,0.671875,0.714285714,-2,0.726495726,0.62962963,0.558823529,0.711111111,0.75,0.751824818,0.751824818,0.76,0.737226277,0.759124088,0.835820896,0.766423358,0.855072464,0.704545455,0.696296296,0.715328467,0.832116788,0.731343284,0.727941176,0.713235294,-2,0.632352941,0.9,0.654411765,0.816901408,0.793478261,-2,-2,0.830769231,-2,-2,0.71969697,-2,0.710743802,0.776785714JAM,0.215909091,0.620396601,0.907462687,0.768115942,0.923780488,0.838235294,-2,0.914956012,0.930795848,0.841509434,0.895582329,0.907590759,0.904059041,0.899350649,0.91954023,0.892957746,0.920489297,0.872053872,0.90560472,0.889679715,0.893292683,0.895705521,0.864705882,0.892045455,0.898016997,0.921126761,0.915966387,0.886363636,0.905714286,0.892045455,0.910662824,0.904191617,0.913793103,0.633522727,0.852601156,0.465909091,0.647887324,0.588068182,0.563739377,0.603399433,0.51884058,0.722543353,0.611267606,-2,0.676136364,0.645833333,0.630252101,0.582386364,0.591428571,0.664772727,0.611764706,0.631067961,0.638190955,0.596590909,0.614457831,0.728045326,0.641304348,-2,0.69,0.621359223,0.881578947,0.851851852,0.629343629,0.651558074,0.838983051,0.58974359,0.634328358,0.580924855,0.555555556,0.630769231,0.589341693,0.633633634,0.788135593,0.767164179,0.688034188,0.50802139,0.76,0.628895184,0.660056657,0.632947977,0.634560907,0.627840909,0.91503268,0.931818182,0.884,0.6875,0.871794872,0.879765396,0.891566265,0.876790831,0.876832845,0.88372093,0.807692308,0.881987578,0.87797619,0.931818182,0.875420875,0.849056604,0.884180791,0.890804598,0.860058309,0.876876877,0.901869159,0.877777778,0.882783883,0.850393701,0.854037267,0.862275449,0.850152905,0.870629371,0.870192308,0.90625,0.896656535,0.890532544,0.885057471,0.840816327,0.877966102,0.897515528,0.843304843,0.87,0.874125874,0.850931677,0.843137255,0.909348442,0.878698225,0.905454545,0.88559322,0.869436202,0.911111111,0.857988166,0.856741573,0.883190883,0.819484241,0.801204819,-2,0.832352941,0.639204545,0.822580645,0.884057971,0.836795252,0.865443425,0.858823529,0.265714286,0.851744186,0.882165605,0.871720117,0.8820059,0.881305638,0.884955752,0.875757576,0.852664577,0.85,0.702290076,0.760869565,0.723684211,0.744360902,0.797058824,0.893890675,-2,0.796666667,0.724637681,0.631728045,0.777142857,0.850498339,0.853932584,0.862857143,0.834507042,0.864788732,0.878186969,0.882857143,0.878873239,0.895604396,0.832317073,0.817647059,0.864788732,0.896358543,0.863636364,0.878873239,0.838526912,-2,0.668555241,0.86779661,0.71388102,0.895833333,0.844,-2,-2,0.865203762,-2,-2,0.686567164,0.75,0.701550388,0.803858521TTO,0.213450292,0.577259475,0.920245399,0.827380952,0.950155763,0.832061069,0.914956012,-2,0.931654676,0.810077519,0.923387097,0.932659933,0.898876404,0.900662252,0.906432749,0.915942029,0.936908517,0.924137931,0.936363636,0.910071942,0.91588785,0.874213836,0.848484848,0.918128655,0.927113703,0.962427746,0.971181556,0.912280702,0.93255132,0.912536443,0.931952663,0.884146341,0.934718101,0.604105572,0.824925816,0.435672515,0.623188406,0.564327485,0.533527697,0.574344023,0.492537313,0.747058824,0.573913043,-2,0.637426901,0.633802817,0.593659942,0.552631579,0.567647059,0.632653061,0.581818182,0.596059113,0.595959596,0.56851312,0.546666667,0.697674419,0.615671642,-2,0.653266332,0.635,0.947368421,0.877419355,0.608,0.618075802,0.898255814,0.563049853,0.604562738,0.562130178,0.524926686,0.591772152,0.553398058,0.590769231,0.773913043,0.75,0.706896552,0.468085106,0.809917355,0.594752187,0.629737609,0.614243323,0.606413994,0.602339181,0.962711864,0.992424242,0.939271255,0.71875,0.92920354,0.931137725,0.96,0.908823529,0.930513595,0.934328358,0.80733945,0.945512821,0.93883792,0.9453125,0.934707904,0.912621359,0.906705539,0.911504425,0.902077151,0.913846154,0.879807692,0.953846154,0.89298893,0.872,0.911392405,0.861538462,0.89968652,0.905797101,0.93,0.984375,0.965732087,0.914634146,0.872093023,0.891666667,0.924914676,0.93968254,0.903508772,0.913043478,0.93006993,0.902208202,0.875420875,0.950437318,0.881458967,0.95505618,0.96069869,0.935582822,0.955555556,0.924012158,0.921965318,0.947058824,0.882352941,0.86377709,-2,0.890909091,0.66374269,0.874476987,0.943452381,0.893617021,0.921875,0.927710843,0.272727273,0.92238806,0.954098361,0.945945946,0.951515152,0.942771084,0.951515152,0.940993789,0.909967846,0.852941176,0.717557252,0.764705882,0.727272727,0.739299611,0.857575758,0.904290429,-2,0.852739726,0.729166667,0.590643275,0.823529412,0.90625,0.913294798,0.920821114,0.893382353,0.916184971,0.947674419,0.947058824,0.930434783,0.928571429,0.895899054,0.873111782,0.922190202,0.948126801,0.921282799,0.92173913,0.89244186,-2,0.635568513,0.852739726,0.67638484,0.943965517,0.824489796,-2,-2,0.831210191,-2,-2,0.652439024,0.5,0.673387097,0.751655629BRB,0.209059233,0.597222222,0.955555556,0.785964912,0.940074906,0.854014599,0.930795848,0.931654676,-2,0.864864865,0.973544974,0.919354839,0.930555556,0.963855422,0.915254237,0.910344828,0.95202952,0.915662651,0.902173913,0.908695652,0.913857678,0.877394636,0.848375451,0.905923345,0.913194444,0.941580756,0.945205479,0.91349481,0.91958042,0.902439024,0.911347518,0.901818182,0.911032028,0.636363636,0.846428571,0.447916667,0.627586207,0.579861111,0.538194444,0.583333333,0.503546099,0.806722689,0.579310345,-2,0.662020906,0.662790698,0.602739726,0.565972222,0.592982456,0.638888889,0.600719424,0.645390071,0.613138686,0.581881533,0.619047619,0.730103806,0.627272727,-2,0.726618705,0.617449664,0.921052632,0.863636364,0.635897436,0.621527778,0.858131488,0.58041958,0.614634146,0.565371025,0.559440559,0.63740458,0.583969466,0.621818182,0.789655172,0.75464684,0.680232558,0.456,0.74611399,0.618055556,0.638888889,0.627659574,0.618055556,0.621527778,0.931726908,0.954887218,0.908,0.709677419,0.915,0.895683453,0.908424908,0.901754386,0.892086331,0.896797153,0.816849817,0.884615385,0.890510949,0.962406015,0.896694215,0.857692308,0.882352941,0.908450704,0.877697842,0.907407407,0.911764706,0.893382353,0.906542056,0.833333333,0.849420849,0.866171004,0.852830189,0.872807018,0.89119171,0.9375,0.912087912,0.890909091,0.811320755,0.857819905,0.892241379,0.915708812,0.853658537,0.875502008,0.886075949,0.853281853,0.86746988,0.906574394,0.90070922,0.912133891,0.916666667,0.864468864,0.931623932,0.881294964,0.879725086,0.898245614,0.842105263,0.821561338,-2,0.863309353,0.633217993,0.844559585,0.90070922,0.848920863,0.876865672,0.88172043,0.254355401,0.873239437,0.89453125,0.890070922,0.902527076,0.896428571,0.896428571,0.889298893,0.879844961,0.842105263,0.756410256,0.772727273,0.652173913,0.748768473,0.805054152,0.887550201,-2,0.821862348,0.723776224,0.609756098,0.807017544,0.864,0.872852234,0.875,0.835714286,0.865979381,0.899653979,0.905594406,0.900343643,0.916666667,0.846715328,0.833333333,0.880136986,0.910958904,0.878892734,0.868965517,0.858131488,-2,0.642361111,0.882352941,0.697916667,0.916666667,0.838541667,-2,-2,0.85546875,-2,-2,0.692307692,0.5,0.709803922,0.782608696DMA,0.267924528,0.645283019,0.848605578,0.655172414,0.833333333,0.869918699,0.841509434,0.810077519,0.864864865,-2,0.87,0.872093023,0.9,0.884297521,0.868965517,0.78358209,0.837944664,0.793721973,0.810810811,0.855855856,0.827309237,0.845528455,0.801526718,0.782771536,0.782771536,0.821561338,0.821561338,0.812030075,0.818867925,0.781954887,0.851145038,0.852140078,0.822393822,0.650190114,0.804597701,0.464150943,0.641791045,0.603773585,0.566037736,0.61509434,0.498069498,0.733333333,0.606741573,-2,0.643939394,0.666666667,0.63197026,0.603773585,0.606060606,0.671698113,0.640316206,0.680272109,0.643835616,0.617424242,0.704918033,0.662921348,0.652173913,-2,0.719178082,0.688311688,0.711864407,0.762711864,0.671717172,0.596226415,0.780669145,0.617424242,0.674876847,0.597701149,0.671698113,0.651639344,0.577868852,0.639534884,0.719101124,0.713178295,0.714285714,0.518518519,0.670157068,0.622641509,0.652830189,0.65,0.645283019,0.643939394,0.823788546,0.788990826,0.774193548,0.4,0.806930693,0.77992278,0.792828685,0.805970149,0.762452107,0.769811321,0.776470588,0.774590164,0.763358779,0.810810811,0.789915966,0.759036145,0.765799257,0.809160305,0.769230769,0.796078431,0.88,0.759433962,0.808823529,0.804347826,0.729508197,0.800796813,0.724696356,0.771300448,0.7875,0.68,0.807228916,0.80155642,0.74137931,0.725806452,0.757990868,0.801619433,0.715355805,0.804255319,0.819148936,0.719665272,0.763948498,0.787313433,0.817829457,0.804761905,0.777202073,0.76744186,0.850877193,0.75984252,0.75,0.771863118,0.714828897,0.704280156,-2,0.727626459,0.558490566,0.730569948,0.77480916,0.728682171,0.77016129,0.759689922,0.328301887,0.770992366,0.765957447,0.794573643,0.7890625,0.788235294,0.792156863,0.793522267,0.771084337,0.794520548,0.729166667,0.78,0.826923077,0.72,0.678431373,0.800847458,-2,0.694323144,0.667938931,0.632575758,0.669201521,0.729257642,0.750929368,0.753731343,0.731132075,0.73880597,0.77238806,0.795454545,0.769516729,0.884057971,0.728,0.7,0.739776952,0.795539033,0.743396226,0.737827715,0.72761194,-2,0.641509434,0.876146789,0.690566038,0.79787234,0.824742268,-2,-2,0.836820084,-2,-2,0.724806202,0.333333333,0.702564103,0.825726141GRD,0.233870968,0.600806452,0.93442623,0.760330579,0.928571429,0.876190476,0.895582329,0.923387097,0.973544974,0.87,-2,0.92920354,0.922705314,0.928571429,0.94,0.892,0.945833333,0.901869159,0.900826446,0.884615385,0.882845188,0.85042735,0.833333333,0.890688259,0.883534137,0.944,0.948412698,0.907258065,0.907258065,0.895582329,0.919354839,0.900414938,0.885714286,0.637096774,0.819672131,0.437246964,0.64,0.576612903,0.524193548,0.580645161,0.487704918,0.796992481,0.576,-2,0.663967611,0.706896552,0.615079365,0.570850202,0.591836735,0.649193548,0.600840336,0.6625,0.647058824,0.580645161,0.59375,0.688,0.614130435,-2,0.694805195,0.666666667,0.931818182,0.867256637,0.639175258,0.60483871,0.852589641,0.583673469,0.60199005,0.572016461,0.578947368,0.628318584,0.568888889,0.600858369,0.738955823,0.741666667,0.727272727,0.486486486,0.754010695,0.612903226,0.657258065,0.629032258,0.633064516,0.631578947,0.924778761,0.964285714,0.916167665,0.615384615,0.91954023,0.884297521,0.918803419,0.891129032,0.887550201,0.893442623,0.829166667,0.889830508,0.885714286,0.964705882,0.905405405,0.846808511,0.869047619,0.879518072,0.866935484,0.892116183,0.899371069,0.919075145,0.895238095,0.819277108,0.826446281,0.849593496,0.817427386,0.870192308,0.906666667,0.941176471,0.926406926,0.878661088,0.734375,0.813186813,0.880733945,0.885964912,0.824701195,0.866359447,0.880733945,0.826086957,0.85840708,0.900398406,0.898734177,0.928961749,0.922651934,0.858921162,0.951923077,0.879166667,0.880478088,0.894308943,0.829268293,0.800847458,-2,0.846473029,0.619433198,0.840425532,0.898785425,0.832635983,0.87826087,0.875,0.311740891,0.865853659,0.901869159,0.89626556,0.9,0.891666667,0.904166667,0.89787234,0.868644068,0.806818182,0.692982456,0.767241379,0.763888889,0.743718593,0.790794979,0.863013699,-2,0.821100917,0.709016393,0.596774194,0.785425101,0.861904762,0.876494024,0.875,0.825396825,0.864541833,0.896,0.910931174,0.888446215,0.928057554,0.828947368,0.809917355,0.868525896,0.896825397,0.879032258,0.852,0.844,-2,0.641129032,0.875,0.698795181,0.888198758,0.824858757,-2,-2,0.848739496,-2,-2,0.7,0.333333333,0.733333333,0.778801843LCA,0.208609272,0.613861386,0.923875433,0.791946309,0.926315789,0.830882353,0.907590759,0.932659933,0.919354839,0.872093023,0.92920354,-2,0.955555556,0.917910448,0.952380952,0.895081967,0.917857143,0.885375494,0.901694915,0.884773663,0.89122807,0.886925795,0.848797251,0.897689769,0.904605263,0.931372549,0.931596091,0.901315789,0.913333333,0.894736842,0.94,0.883161512,0.902684564,0.635761589,0.827702703,0.473509934,0.655737705,0.59602649,0.564356436,0.607260726,0.515151515,0.805970149,0.606557377,-2,0.676567657,0.685714286,0.631921824,0.589403974,0.599337748,0.665562914,0.618243243,0.62962963,0.6125,0.603960396,0.618421053,0.716171617,0.658227848,-2,0.666666667,0.642424242,0.932432432,0.861313869,0.640186916,0.636963696,0.875409836,0.596666667,0.621145374,0.579124579,0.57615894,0.621428571,0.587188612,0.632302405,0.763934426,0.744755245,0.728723404,0.476190476,0.779904306,0.620462046,0.653465347,0.64983165,0.646864686,0.639072848,0.937984496,0.915384615,0.885321101,0.454545455,0.886462882,0.898305085,0.922807018,0.900662252,0.885135135,0.89,0.800687285,0.886120996,0.886597938,0.930769231,0.897810219,0.852398524,0.862745098,0.883333333,0.853333333,0.864111498,0.898550725,0.898734177,0.875536481,0.871287129,0.856630824,0.835664336,0.843971631,0.874509804,0.850828729,0.921875,0.929577465,0.860544218,0.763636364,0.836448598,0.880952381,0.895306859,0.844884488,0.888888889,0.940594059,0.854545455,0.873605948,0.895081967,0.868965517,0.89958159,0.88209607,0.892733564,0.946153846,0.875,0.879084967,0.89632107,0.85,0.833333333,-2,0.86440678,0.646864686,0.842553191,0.905405405,0.85472973,0.89084507,0.884745763,0.284768212,0.885521886,0.895522388,0.901694915,0.903780069,0.906896552,0.914089347,0.918149466,0.875886525,0.806818182,0.740740741,0.733333333,0.8,0.734234234,0.80887372,0.872659176,-2,0.832713755,0.735099338,0.627062706,0.803986711,0.845238095,0.882352941,0.875,0.860759494,0.869281046,0.895081967,0.897009967,0.892156863,0.910344828,0.845070423,0.831649832,0.86970684,0.895765472,0.874587459,0.86557377,0.859477124,-2,0.646864686,0.884,0.696369637,0.894230769,0.851162791,-2,-2,0.848920863,-2,-2,0.663230241,0.333333333,0.678899083,0.79704797VCT,0.242647059,0.602941176,0.930501931,0.737827715,0.914728682,0.854014599,0.904059041,0.898876404,0.930555556,0.9,0.922705314,0.955555556,-2,0.936708861,0.947674419,0.865454545,0.916996047,0.873417722,0.875,0.868544601,0.88976378,0.876865672,0.842911877,0.871323529,0.868131868,0.901459854,0.913043478,0.871323529,0.904059041,0.864468864,0.907063197,0.873134328,0.872659176,0.682656827,0.827067669,0.498154982,0.642335766,0.586715867,0.599264706,0.599264706,0.541353383,0.823529412,0.638686131,-2,0.667896679,0.636363636,0.619565217,0.58302583,0.590405904,0.660516605,0.61509434,0.62406015,0.595419847,0.595588235,0.636363636,0.695970696,0.645631068,-2,0.666666667,0.602941176,0.873239437,0.818181818,0.625668449,0.669117647,0.846153846,0.598513011,0.611111111,0.573033708,0.592592593,0.621513944,0.623015873,0.620155039,0.744525547,0.729411765,0.670807453,0.538461538,0.724324324,0.602941176,0.636029412,0.638376384,0.636029412,0.623616236,0.913043478,0.896825397,0.864583333,0.5,0.874458874,0.851711027,0.881889764,0.874538745,0.846153846,0.847583643,0.784615385,0.847389558,0.834615385,0.921875,0.863453815,0.808333333,0.836363636,0.866171004,0.833948339,0.848249027,0.917073171,0.857843137,0.861904762,0.82,0.798387097,0.834645669,0.800766284,0.831111111,0.847826087,0.881355932,0.885375494,0.842911877,0.727272727,0.79245283,0.845528455,0.857723577,0.791208791,0.853448276,0.85915493,0.816176471,0.828,0.868613139,0.852713178,0.867579909,0.854077253,0.842307692,0.93129771,0.841698842,0.836363636,0.854477612,0.8,0.789272031,-2,0.810606061,0.588235294,0.816239316,0.864661654,0.806818182,0.844621514,0.836501901,0.323529412,0.838345865,0.865612648,0.856060606,0.858237548,0.857142857,0.865900383,0.872,0.83984375,0.777777778,0.740740741,0.721153846,0.783333333,0.690721649,0.748091603,0.851694915,-2,0.778242678,0.707407407,0.613970588,0.743494424,0.824,0.836956522,0.838235294,0.809756098,0.825454545,0.850364964,0.863468635,0.869090909,0.92481203,0.801587302,0.777358491,0.829710145,0.873188406,0.834558824,0.824817518,0.814545455,-2,0.669117647,0.886877828,0.683823529,0.841530055,0.85,-2,-2,0.857723577,-2,-2,0.689393939,0.666666667,0.672043011,0.81512605ATG,0.233009709,0.593548387,0.95221843,0.722772277,0.897959184,0.850393701,0.899350649,0.900662252,0.963855422,0.884297521,0.928571429,0.917910448,0.936708861,-2,0.925170068,0.856230032,0.930555556,0.871595331,0.869565217,0.882129278,0.878472222,0.856140351,0.852459016,0.858064516,0.864951768,0.900958466,0.914012739,0.852090032,0.892857143,0.861290323,0.888888889,0.881756757,0.865131579,0.633116883,0.829508197,0.453074434,0.637820513,0.569579288,0.535483871,0.580645161,0.485148515,0.732142857,0.587859425,-2,0.640776699,0.631205674,0.608280255,0.566343042,0.586319218,0.64516129,0.595317726,0.625,0.605128205,0.582524272,0.602739726,0.70096463,0.636734694,-2,0.670050761,0.626865672,0.897959184,0.83125,0.638211382,0.606451613,0.821086262,0.583061889,0.615686275,0.5625,0.580645161,0.615120275,0.577854671,0.616161616,0.759615385,0.757377049,0.671171171,0.47826087,0.73553719,0.609677419,0.641935484,0.621710526,0.622580645,0.618122977,0.904214559,0.95,0.870967742,0.724137931,0.878787879,0.846405229,0.869863014,0.87987013,0.840531561,0.846405229,0.80794702,0.832740214,0.836065574,0.95959596,0.853846154,0.821678322,0.832797428,0.85620915,0.817880795,0.86779661,0.89010989,0.867521368,0.879166667,0.810344828,0.785211268,0.820338983,0.792387543,0.803212851,0.865284974,0.902439024,0.87628866,0.845117845,0.797619048,0.795348837,0.841698842,0.859649123,0.790322581,0.868613139,0.841726619,0.800711744,0.807407407,0.868167203,0.853333333,0.888888889,0.852216749,0.838383838,0.93877551,0.82885906,0.82428115,0.849673203,0.781758958,0.769491525,-2,0.79264214,0.596774194,0.793269231,0.851973684,0.798013245,0.824742268,0.827242525,0.274193548,0.825657895,0.84057971,0.851485149,0.859531773,0.852348993,0.859060403,0.851211073,0.827956989,0.801980198,0.696,0.759124088,0.753246753,0.729411765,0.753333333,0.852941176,-2,0.756653992,0.710526316,0.611650485,0.727272727,0.814671815,0.824840764,0.833333333,0.798353909,0.814696486,0.861736334,0.863636364,0.858974359,0.895953757,0.791666667,0.774834437,0.828025478,0.878980892,0.832258065,0.817891374,0.797427653,-2,0.64516129,0.858237548,0.687096774,0.852216749,0.817391304,-2,-2,0.854609929,-2,-2,0.667785235,0.333333333,0.686363636,0.789855072KNA,0.229885057,0.574712644,0.925287356,0.735294118,0.915662651,0.823529412,0.91954023,0.906432749,0.915254237,0.868965517,0.94,0.952380952,0.947674419,0.925170068,-2,0.863636364,0.933333333,0.883116883,0.875,0.88,0.882352941,0.863905325,0.869047619,0.897727273,0.88,0.903409091,0.920903955,0.867816092,0.902298851,0.88,0.923976608,0.890804598,0.865497076,0.672413793,0.848837209,0.479768786,0.636363636,0.566473988,0.568965517,0.574712644,0.532163743,0.672131148,0.617142857,-2,0.655172414,0.661290323,0.604519774,0.566473988,0.572254335,0.641618497,0.597633136,0.662162162,0.691176471,0.574712644,0.58974359,0.72,0.633093525,-2,0.642857143,0.617021277,0.872727273,0.833333333,0.627118644,0.66091954,0.835227273,0.569767442,0.613445378,0.555555556,0.589595376,0.591194969,0.597484277,0.595092025,0.772727273,0.76969697,0.71,0.594202899,0.761061947,0.603448276,0.649425287,0.624277457,0.620689655,0.61849711,0.916129032,0.911111111,0.884210526,0.8,0.870503597,0.880952381,0.901234568,0.891428571,0.868571429,0.871345029,0.803571429,0.877192982,0.876470588,0.935483871,0.891566265,0.819277108,0.858757062,0.896551724,0.845714286,0.867816092,0.946969697,0.887850467,0.90070922,0.851851852,0.804733728,0.861271676,0.788571429,0.85,0.87628866,0.863636364,0.906832298,0.861445783,0.818181818,0.809859155,0.886075949,0.844311377,0.795454545,0.865248227,0.861111111,0.806818182,0.802469136,0.886363636,0.853658537,0.885245902,0.881944444,0.864705882,0.945054945,0.856287425,0.846590909,0.865497076,0.802325581,0.774390244,-2,0.81871345,0.597701149,0.808917197,0.877906977,0.821428571,0.854545455,0.852071006,0.333333333,0.859649123,0.886792453,0.894117647,0.894117647,0.875739645,0.899408284,0.903614458,0.841463415,0.847457627,0.724137931,0.785714286,0.80952381,0.728813559,0.761904762,0.933333333,-2,0.783783784,0.722543353,0.591954023,0.74566474,0.878980892,0.853107345,0.856321839,0.831858407,0.840909091,0.897142857,0.907514451,0.892045455,0.934065934,0.810126582,0.795180723,0.853107345,0.90960452,0.850574713,0.852272727,0.818181818,-2,0.66091954,0.889655172,0.683908046,0.874125874,0.849206349,-2,-2,0.898809524,-2,-2,0.676646707,1,0.715789474,0.778481013MEX,0.184357542,0.576601671,0.876106195,0.857549858,0.937125749,0.795620438,0.892957746,0.915942029,0.910344828,0.78358209,0.892,0.895081967,0.865454545,0.856230032,0.863636364,-2,0.887195122,0.883333333,0.903790087,0.884615385,0.891891892,0.844984802,0.805797101,0.938202247,0.93575419,0.927576602,0.919889503,0.921787709,0.909859155,0.946927374,0.892045455,0.867256637,0.911931818,0.591036415,0.817663818,0.430167598,0.605555556,0.544692737,0.520891365,0.559888579,0.498575499,0.724719101,0.558333333,-2,0.636871508,0.614864865,0.580110497,0.539106145,0.553370787,0.594972067,0.547826087,0.585714286,0.578431373,0.553072626,0.571428571,0.689944134,0.571428571,-2,0.607843137,0.545023697,0.946666667,0.834355828,0.561068702,0.598885794,0.857938719,0.550561798,0.546125461,0.536931818,0.512605042,0.56402439,0.52173913,0.559171598,0.757660167,0.723529412,0.658333333,0.439790576,0.745098039,0.587743733,0.621169916,0.590909091,0.590529248,0.583798883,0.934640523,0.96969697,0.9,0.5625,0.888888889,0.910144928,0.916913947,0.90960452,0.898550725,0.902017291,0.794721408,0.899082569,0.903225806,0.931818182,0.897009967,0.885448916,0.902234637,0.892351275,0.873563218,0.869047619,0.852534562,0.918819188,0.866425993,0.88976378,0.883792049,0.861356932,0.879518072,0.891986063,0.886255924,0.984126984,0.921921922,0.880116959,0.75862069,0.875502008,0.89632107,0.917177914,0.901685393,0.884868421,0.891156463,0.889570552,0.870967742,0.927170868,0.870588235,0.913669065,0.890756303,0.879056047,0.926470588,0.885964912,0.908587258,0.907042254,0.876056338,0.862686567,-2,0.872463768,0.633053221,0.868525896,0.925287356,0.885964912,0.903323263,0.89244186,0.247191011,0.905172414,0.91875,0.902298851,0.904069767,0.903508772,0.909883721,0.901492537,0.885093168,0.754901961,0.619402985,0.7,0.636363636,0.701107011,0.858381503,0.863057325,-2,0.861386139,0.717948718,0.586592179,0.856741573,0.850498339,0.878453039,0.88101983,0.89122807,0.894736842,0.888268156,0.892957746,0.891666667,0.870967742,0.888217523,0.895348837,0.891666667,0.908839779,0.887955182,0.880555556,0.877094972,-2,0.626740947,0.848993289,0.676880223,0.892116183,0.790513834,-2,-2,0.804347826,-2,-2,0.611764706,0.5,0.623076923,0.723809524BLZ,0.22392638,0.616564417,0.922829582,0.764890282,0.926517572,0.826771654,0.920489297,0.936908517,0.95202952,0.837944664,0.945833333,0.917857143,0.916996047,0.930555556,0.933333333,0.887195122,-2,0.901060071,0.905063291,0.895131086,0.908794788,0.873754153,0.866666667,0.883435583,0.889908257,0.93902439,0.942424242,0.886503067,0.90797546,0.883435583,0.928571429,0.898089172,0.903726708,0.635802469,0.84423676,0.475460123,0.655487805,0.603076923,0.567484663,0.610429448,0.526645768,0.759259259,0.609756098,-2,0.68,0.690647482,0.624242424,0.590769231,0.59752322,0.664615385,0.61341853,0.647668394,0.647058824,0.603076923,0.607594937,0.724770642,0.643410853,-2,0.671957672,0.641025641,0.939393939,0.875816993,0.647773279,0.647239264,0.862385321,0.603076923,0.619607843,0.578125,0.546296296,0.640264026,0.579124579,0.621794872,0.774390244,0.762987013,0.705882353,0.502793296,0.774468085,0.63190184,0.665644172,0.648902821,0.641104294,0.64,0.927083333,0.957983193,0.896551724,0.612903226,0.881818182,0.873817035,0.905537459,0.883076923,0.880503145,0.8875,0.79047619,0.879598662,0.875,0.966942149,0.893992933,0.855218855,0.868902439,0.894409938,0.864779874,0.884615385,0.897435897,0.893280632,0.879377432,0.826446281,0.841059603,0.851132686,0.836065574,0.854477612,0.865,0.945454545,0.911764706,0.888178914,0.850574713,0.826839827,0.882352941,0.906040268,0.836923077,0.886524823,0.902985075,0.831649832,0.828070175,0.899390244,0.882539683,0.909090909,0.891891892,0.891719745,0.952755906,0.869009585,0.872340426,0.891975309,0.830246914,0.810289389,-2,0.851735016,0.643076923,0.814977974,0.890282132,0.838095238,0.869281046,0.873817035,0.283076923,0.871069182,0.889655172,0.896551724,0.904458599,0.897435897,0.904153355,0.892156863,0.875409836,0.854166667,0.73015873,0.779411765,0.783783784,0.757936508,0.793650794,0.909090909,-2,0.798586572,0.728125,0.618461538,0.780185759,0.857142857,0.869300912,0.877675841,0.838951311,0.857142857,0.902140673,0.895061728,0.884146341,0.913793103,0.837748344,0.819620253,0.872727273,0.903030303,0.871165644,0.875379939,0.844036697,-2,0.662576687,0.872791519,0.705521472,0.911111111,0.861471861,-2,-2,0.859060403,-2,-2,0.669811321,0.5,0.699186992,0.793103448GTM,0.220735786,0.543333333,0.889679715,0.802721088,0.928825623,0.831932773,0.872053872,0.924137931,0.915662651,0.793721973,0.901869159,0.885375494,0.873417722,0.871595331,0.883116883,0.883333333,0.901060071,-2,0.923875433,0.934693878,0.916967509,0.894545455,0.836236934,0.91638796,0.89632107,0.92,0.933774834,0.903333333,0.922818792,0.882943144,0.914965986,0.879432624,0.911564626,0.632996633,0.843003413,0.45,0.59,0.53,0.533333333,0.536666667,0.5,0.712328767,0.57,-2,0.615384615,0.526785714,0.562913907,0.526666667,0.555555556,0.593333333,0.565972222,0.56626506,0.534591195,0.536666667,0.567567568,0.682274247,0.586206897,-2,0.6375,0.564705882,0.953846154,0.884615385,0.564220183,0.623333333,0.886287625,0.538461538,0.582608696,0.534013605,0.5,0.580882353,0.583643123,0.575438596,0.754152824,0.71886121,0.670103093,0.52,0.773584906,0.556666667,0.593333333,0.574829932,0.57,0.575250836,0.949612403,0.991666667,0.948356808,0.75,0.938967136,0.924398625,0.929078014,0.912457912,0.924398625,0.922033898,0.81533101,0.911439114,0.927083333,0.966942149,0.942084942,0.858208955,0.887043189,0.901360544,0.890034364,0.95035461,0.891304348,0.948275862,0.899563319,0.898148148,0.881918819,0.88172043,0.870036101,0.90212766,0.944444444,0.962264151,0.938848921,0.909407666,0.8875,0.869955157,0.941634241,0.897435897,0.882943144,0.879377432,0.814814815,0.89084507,0.895348837,0.903333333,0.895104895,0.933884298,0.933014354,0.890459364,0.958333333,0.930313589,0.900332226,0.93220339,0.861016949,0.836298932,-2,0.857638889,0.654362416,0.846511628,0.938356164,0.860627178,0.902527076,0.924137931,0.276666667,0.921232877,0.932142857,0.944636678,0.948096886,0.926829268,0.944636678,0.939285714,0.899253731,0.835164835,0.681034483,0.804878049,0.59375,0.709251101,0.84083045,0.870229008,-2,0.836575875,0.74829932,0.568561873,0.814814815,0.917293233,0.893687708,0.915540541,0.881147541,0.897009967,0.916666667,0.956228956,0.916943522,0.927272727,0.891304348,0.853146853,0.897009967,0.920529801,0.912751678,0.913333333,0.879598662,-2,0.643333333,0.862903226,0.646666667,0.93,0.810945274,-2,-2,0.851851852,-2,-2,0.670175439,0.75,0.656108597,0.755725191HND,0.239766082,0.609329446,0.888198758,0.80952381,0.959119497,0.854961832,0.90560472,0.936363636,0.902173913,0.810810811,0.900826446,0.901694915,0.875,0.869565217,0.875,0.903790087,0.905063291,0.923875433,-2,0.956521739,0.936908517,0.90851735,0.868902439,0.91202346,0.917888563,0.944606414,0.942028986,0.93