1992,USA,CAN,BHS,CUB,HTI,DOM,JAM,TTO,BRB,DMA,GRD,LCA,VCT,ATG,KNA,MEX,BLZ,GTM,HND,SLV,NIC,CRI,PAN,COL,VEN,GUY,SUR,ECU,PER,BRA,BOL,PRY,CHL,ARG,URY,GBR,IRL,NLD,BEL,LUX,FRA,MCO,LIE,CHE,ESP,AND,PRT,DEU,POL,AUT,HUN,CZE,SVK,ITA,SMR,MLT,ALB,MNE,MKD,HRV,SRB,BIH,SVN,GRC,CYP,BGR,MDA,ROU,RUS,EST,LVA,LTU,UKR,BLR,ARM,GEO,AZE,FIN,SWE,NOR,DNK,ISL,CPV,STP,GNB,GNQ,GMB,MLI,SEN,BEN,MRT,NER,CIV,GIN,BFA,LBR,SLE,GHA,TGO,CMR,NGA,GAB,CAF,TCD,COG,COD,UGA,KEN,TZA,BDI,RWA,SOM,DJI,ETH,ERI,AGO,MOZ,ZMB,ZWE,MWI,ZAF,NAM,LSO,BWA,SWZ,MDG,COM,MUS,SYC,MAR,DZA,TUN,LBY,SDN,SSD,IRN,TUR,IRQ,EGY,SYR,LBN,JOR,ISR,SAU,YEM,KWT,BHR,QAT,ARE,OMN,AFG,TKM,TJK,KGZ,UZB,KAZ,CHN,MNG,TWN,PRK,KOR,JPN,IND,BTN,PAK,BGD,MMR,LKA,MDV,NPL,THA,KHM,LAO,VNM,MYS,SGP,BRN,PHL,IDN,TLS,AUS,PNG,NZL,VUT,SLB,KIR,TUV,FJI,TON,NRU,MHL,PLW,FSM,WSMUSA,-2,0.365181058,0.214880952,0.076,0.203162651,0.230514706,0.205113636,0.202777777,0.198606271,0.254528302,0.22217742,0.198178808,0.230514706,0.221359224,0.218390804,0.175139665,0.212730061,0.209698997,0.227777778,0.247535211,0.213030303,0.241871166,0.254810495,0.179295774,0.19,0.208146068,0.214345404,0.215546218,0.208732395,0.183613445,0.219857142,0.236094675,0.229403409,0.272191011,0.238176638,0.55726257,0.321988795,0.399159664,0.391643454,0.388997214,0.446581197,0.389606742,0.316666666,-2,0.339664804,0.423648649,0.365181058,0.400698324,0.352247191,0.329050279,0.374492754,0.387203791,0.375365853,0.387430168,0.339285714,0.29971831,0.295178572,-2,0.284068628,0.349528302,0.117123287,0.279754602,0.34676806,0.312256268,0.197471911,0.346910112,0.331801471,0.353551136,0.314005602,0.309908536,0.356987578,0.326035503,0.222905028,0.223529412,0.287759336,0.3859375,0.244071146,0.341364902,0.330779944,0.357264957,0.362534819,0.355586592,0.21076159,0.162015504,0.173076923,0.296875,0.201515151,0.183333333,0.190568862,0.175925926,0.172222223,0.17122093,0.181085044,0.187654321,0.168639053,0.162015504,0.165771812,0.154375,0.163239437,0.160142858,0.159710145,0.191141141,0.169483568,0.148880597,0.193454546,0.1976,0.158333334,0.183779762,0.1443769,0.167253521,0.225118484,0.062295082,0.178484849,0.156932153,0.313068182,0.155102041,0.195777027,0.197058824,0.150708216,0.211461794,0.263175676,0.176470588,0.172727273,0.208732395,0.199556213,0.188628159,0.173829787,0.208605342,0.171428572,0.190560472,0.16452514,0.180823864,0.131869688,0.128378378,-2,0.155555556,0.29971831,0.107692308,0.187246377,0.123303835,0.153975535,0.172727273,0.651123595,0.187246377,0.155835962,0.214782609,0.183870968,0.187758112,0.192228739,0.185993976,0.178683385,0.279411765,0.297761194,0.257857142,0.345454546,0.247977941,0.118405797,0.255769231,-2,0.0875,0.235470086,0.33170391,0.099014084,0.184280936,0.169832403,0.181857142,0.10106383,0.151256983,0.192676056,0.202414773,0.170308124,0.275806452,0.109726444,0.097507331,0.164985995,0.198467967,0.161016949,0.172969188,0.144507042,-2,0.30167131,0.222408026,0.28924581,0.206694561,0.296640316,-2,-2,0.2434375,-2,-2,0.298093841,0.475,0.285,0.271428572CAN,0.365181058,-2,0.555341246,0.424928775,0.580873494,0.509926471,0.589376771,0.548396501,0.567361111,0.613018868,0.570766129,0.583168317,0.572794117,0.563870968,0.545977012,0.547771587,0.585736196,0.516166666,0.578862974,0.536666667,0.556797583,0.566513761,0.612099126,0.533707865,0.547050562,0.556162465,0.564722222,0.559916201,0.547050562,0.562569832,0.584615384,0.607100591,0.589376771,0.718487395,0.588352273,0.690668524,0.80670391,0.862430168,0.833888889,0.870833334,0.736789773,0.731179775,0.790782123,-2,0.791225627,0.834459459,0.841805555,0.860027855,0.846218488,0.812395543,0.848410405,0.850947867,0.838780488,0.870612813,0.825595238,0.736516854,0.774199288,-2,0.759068628,0.784198113,0.449324324,0.693558283,0.819961977,0.749444445,0.545518207,0.85952381,0.813786765,0.836968839,0.631564246,0.825835866,0.776470588,0.809882006,0.658913649,0.663049853,0.717427386,0.677864584,0.623320158,0.870833334,0.828611111,0.852840909,0.857638889,0.860027855,0.561221122,0.496923077,0.520967742,0.415625,0.489393939,0.529008746,0.53880597,0.542471591,0.501311953,0.506666666,0.533333334,0.517384616,0.510029498,0.518846154,0.516442953,0.500155763,0.528370786,0.533190883,0.488728324,0.529041917,0.523831776,0.505018587,0.557608696,0.4712,0.494,0.546884273,0.475,0.5,0.490758294,0.429032258,0.533836858,0.536470588,0.582954546,0.471138211,0.502188553,0.533641975,0.499152543,0.597682119,0.64831081,0.472067901,0.510355987,0.549719101,0.563274336,0.526258993,0.477021277,0.558160237,0.528571428,0.528088235,0.505431755,0.522096317,0.470963173,0.456456456,-2,0.47638484,0.707162921,0.417540323,0.521676301,0.466617647,0.501067073,0.508333333,0.46302521,0.524421965,0.494479495,0.549132948,0.530555555,0.530882353,0.538888889,0.524924925,0.518181818,0.707843137,0.659328358,0.597142858,0.703246753,0.702022059,0.472254336,0.603993611,-2,0.425,0.653125,0.796518105,0.442977528,0.479765886,0.497493036,0.511538461,0.480035335,0.486908078,0.528370786,0.543626062,0.514804469,0.551612903,0.475,0.463888889,0.506843575,0.559444445,0.497746479,0.506843575,0.480337079,-2,0.775833334,0.575083612,0.793871866,0.564435146,0.662007874,-2,-2,0.574143302,-2,-2,0.629618768,0.475,0.589655172,0.64636076BHS,0.214880952,0.555341246,-2,0.71969697,0.868312102,0.811313869,0.862089553,0.874233129,0.907777778,0.806175299,0.887704919,0.877681661,0.883976834,0.904607509,0.879022988,0.832300885,0.876688103,0.845195729,0.84378882,0.839700374,0.846676737,0.806891025,0.794598765,0.83125,0.837573965,0.879733728,0.874780058,0.82842262,0.864670659,0.839732142,0.855287009,0.84015625,0.838403614,0.59092262,0.797885196,0.415625,0.602507375,0.537202381,0.510237389,0.546884273,0.467781155,0.711142858,0.554867256,-2,0.616369048,0.624475524,0.57111437,0.528720238,0.548952095,0.616369048,0.564153846,0.587439614,0.589,0.545684524,0.56547619,0.670919881,0.604545454,-2,0.65075,0.607451923,0.875,0.793835616,0.604545454,0.591988131,0.792603551,0.543263473,0.5776,0.538333334,0.544477612,0.58485342,0.544205298,0.565189874,0.736390533,0.716981132,0.642765958,0.475,0.710470086,0.575074184,0.614540059,0.585498489,0.580712166,0.579613096,0.871617162,0.916956521,0.84762931,0.735483871,0.848842593,0.820987654,0.836477988,0.830538922,0.81303681,0.817173252,0.7659375,0.811764706,0.813862928,0.908695652,0.839383562,0.795141066,0.809050445,0.83018018,0.796024465,0.835759493,0.837440759,0.833134921,0.842909091,0.812096775,0.791666666,0.805373134,0.785294118,0.805363322,0.832474227,0.890625,0.83769968,0.817236025,0.762209302,0.775764192,0.821530249,0.828921569,0.780357142,0.813811189,0.79055944,0.788562091,0.79012945,0.84851632,0.819375,0.843217054,0.838738739,0.804075235,0.893703704,0.802484472,0.801911765,0.818768769,0.765119761,0.742563292,-2,0.768209876,0.579613096,0.785943775,0.826212122,0.774074074,0.802903226,0.809692307,0.26860119,0.802286585,0.823333334,0.819664634,0.824307693,0.823136646,0.826851852,0.826851852,0.808443708,0.782352941,0.701865672,0.702173913,0.715584415,0.6916,0.733024691,0.817966102,-2,0.735915493,0.685151515,0.569436202,0.72245509,0.78772242,0.799117647,0.807357358,0.777924529,0.801911765,0.828783383,0.839732142,0.823893805,0.850824176,0.76977492,0.755882353,0.8075,0.852492669,0.806231454,0.804277287,0.778550296,-2,0.620178041,0.814745763,0.662462908,0.825900901,0.783466135,-2,-2,0.80453125,-2,-2,0.637304075,0.475,0.662701613,0.731016949CUB,0.076,0.424928775,0.71969697,-2,0.789230769,0.642647059,0.729710145,0.786011904,0.746666666,0.622413793,0.72231405,0.752348994,0.700936329,0.686633663,0.698529412,0.814672365,0.726645768,0.762585034,0.76904762,0.725268817,0.753549383,0.69765625,0.660746269,0.797126437,0.780747126,0.786676218,0.774573864,0.768142858,0.74740634,0.806142858,0.745043732,0.711782477,0.767732558,0.455890804,0.670262391,0.295857142,0.461428572,0.399,0.376210826,0.414102564,0.368367347,0.536470588,0.420714286,-2,0.488571428,0.420714286,0.437215909,0.393571428,0.414942529,0.458714286,0.414391691,0.405147059,0.405076142,0.407142858,0.35625,0.543247126,0.434981685,-2,0.455808081,0.395833334,0.848666666,0.717096775,0.400196851,0.46011396,0.773065903,0.412212644,0.417424242,0.404782609,0.381088825,0.4215625,0.372133758,0.426060606,0.614387465,0.575150603,0.550840336,0.286021506,0.670816327,0.435754986,0.473646724,0.447383721,0.449287749,0.442428572,0.799155405,0.848473282,0.803252032,0.38,0.781858408,0.811869437,0.83125,0.773768116,0.817507419,0.801474926,0.696856287,0.795625,0.813880597,0.804961832,0.804095563,0.803154575,0.783954155,0.784302325,0.804277287,0.763496933,0.749295774,0.829477612,0.743173432,0.72601626,0.8338558,0.742097264,0.847376544,0.789964158,0.740441177,0.904761904,0.844444445,0.785522388,0.574418605,0.808091287,0.803092784,0.795625,0.842919075,0.734237288,0.741134752,0.827515723,0.7695,0.783477012,0.72326284,0.836,0.822510823,0.768636364,0.857835821,0.818373494,0.855270655,0.823333334,0.870375722,0.862844037,-2,0.85358209,0.53112392,0.861178862,0.823893805,0.876268657,0.834579439,0.833731343,0.155157593,0.827058823,0.868312102,0.803846154,0.830895523,0.833033033,0.833731343,0.830521473,0.825160257,0.6555,0.497265625,0.528571428,0.435416666,0.562830189,0.871301775,0.723366013,-2,0.9,0.596511628,0.447857142,0.851724138,0.758047945,0.852564102,0.825364432,0.888928572,0.844744318,0.791666666,0.784782609,0.798863636,0.711173184,0.875377643,0.913676471,0.836324786,0.771875,0.838074713,0.803428572,0.879226361,-2,0.481766382,0.692979452,0.527777778,0.77690678,0.606300813,-2,-2,0.665605096,-2,-2,0.473573573,0.2375,0.484241245,0.57987013HTI,0.203162651,0.580873494,0.868312102,0.789230769,-2,0.799206349,0.877591464,0.902647975,0.893071161,0.791666666,0.882142858,0.88,0.868992248,0.853061225,0.869879518,0.890269462,0.880191693,0.882384342,0.911163522,0.896629214,0.903733766,0.847213115,0.81640625,0.892424242,0.887048193,0.918618619,0.907462687,0.892771084,0.901060606,0.895468278,0.883787879,0.875078865,0.909076923,0.595909091,0.830153846,0.439123868,0.613363364,0.551057402,0.526506024,0.566566265,0.505692307,0.745639535,0.568862275,-2,0.648640483,0.635563381,0.587014926,0.551057402,0.563069909,0.619939577,0.577742947,0.599014778,0.590151515,0.559667674,0.558125,0.695331325,0.601544401,-2,0.644472362,0.601507538,0.904761904,0.84778481,0.608,0.609487952,0.856137725,0.563069909,0.574418605,0.54493865,0.513746223,0.5875,0.547833334,0.583917198,0.744594595,0.708730159,0.664159292,0.464784946,0.738888889,0.586596386,0.620933735,0.596307693,0.600903614,0.594108762,0.929642858,0.933478261,0.8875,0.633333334,0.892824074,0.890809969,0.910917721,0.874924012,0.879192547,0.882561729,0.774522293,0.877649007,0.87875,0.909745763,0.876923077,0.863926174,0.8581571,0.871559633,0.846739131,0.861129032,0.857908163,0.889442231,0.861627907,0.856696428,0.846534654,0.838057325,0.835876624,0.857142857,0.887626262,0.914814815,0.91066879,0.858540373,0.793529412,0.847186147,0.867689531,0.899501661,0.843484849,0.865480427,0.876923077,0.852159469,0.844444445,0.901208459,0.842113564,0.90546875,0.882743363,0.87578125,0.9203125,0.869339623,0.876047905,0.886280488,0.840606061,0.826740507,-2,0.84083851,0.648640483,0.837004406,0.88588957,0.846417445,0.867788461,0.873052959,0.263253012,0.873529412,0.9025,0.89117647,0.882352942,0.8846875,0.890993789,0.889102564,0.874752475,0.782352941,0.671428571,0.738888889,0.666233766,0.718023255,0.81046875,0.865410959,-2,0.81048951,0.716153846,0.582628398,0.785909091,0.838035714,0.858982036,0.863373861,0.848859316,0.845074627,0.866767372,0.89224924,0.867267267,0.885227273,0.845469256,0.830503144,0.862089553,0.893283582,0.86102719,0.847297297,0.849849397,-2,0.629518072,0.83125,0.672439759,0.886383928,0.801687764,-2,-2,0.806543625,-2,-2,0.631347963,0.316666666,0.633333334,0.746428572DOM,0.230514706,0.509926471,0.811313869,0.642647059,0.799206349,-2,0.796323529,0.790458016,0.811313869,0.826422764,0.832380952,0.789338235,0.811313869,0.807874016,0.782352941,0.755839416,0.785433071,0.790336134,0.81221374,0.78287037,0.792857143,0.843656716,0.764285714,0.733455883,0.767037037,0.783576642,0.769708029,0.769708029,0.767037037,0.74890511,0.796323529,0.813257576,0.785714286,0.633333334,0.808208956,0.377205883,0.57,0.488970588,0.495955883,0.495955883,0.453409091,0.794545454,0.551838235,-2,0.534814815,0.454347827,0.533941606,0.488970588,0.49962963,0.565808823,0.507633588,0.547457627,0.515254237,0.495955883,0.576785714,0.577037037,0.514117647,-2,0.737068966,0.59375,0.81744186,0.625,0.591111111,0.537867647,0.70729927,0.496268657,0.574175824,0.485714285,0.614705883,0.54921875,0.552325582,0.542857142,0.72810219,0.701865672,0.629518072,0.445918367,0.587078652,0.516911765,0.544852941,0.530882353,0.537867647,0.523897059,0.806746032,0.836567164,0.786475409,-2,0.792913386,0.738888889,0.743798449,0.802222222,0.7125,0.731851852,0.748484849,0.75703125,0.721428571,0.785333334,0.72782258,0.746946565,0.776642336,0.789230769,0.719485294,0.791666666,0.787606838,0.742857143,0.85,0.85890411,0.699612404,0.797445255,0.696666666,0.718695652,0.75,0.787142858,0.761507937,0.736434108,0.271428572,0.753448276,0.787606838,0.771367521,0.691544117,0.839166666,-2,0.719485294,0.747426471,0.754411765,0.761450382,0.748728813,0.739754099,0.732442748,0.83125,0.743798449,0.7125,0.734090909,0.690909091,0.67751938,-2,0.7125,0.457407407,0.684883721,0.748484849,0.694230769,0.728333334,0.717938931,0.349264706,0.75,0.731349207,0.761450382,0.762992126,0.746946565,0.76,0.75703125,0.746428572,0.828205128,0.8,0.695121951,-2,0.626373626,0.63828125,0.678571428,-2,0.69017094,0.598148149,0.530882353,0.675555555,0.7125,0.714233577,0.714233577,0.722,0.700364963,0.721167884,0.794029851,0.72810219,0.812318841,0.669318182,0.661481481,0.679562044,0.790510949,0.69477612,0.691544117,0.677573529,-2,0.600735294,0.855,0.621691177,0.776056338,0.753804348,-2,-2,0.789230769,-2,-2,0.683712122,-2,0.675206612,0.737946428JAM,0.205113636,0.589376771,0.862089553,0.729710145,0.877591464,0.796323529,-2,0.869208211,0.884256056,0.799433962,0.850803213,0.862211221,0.858856089,0.854383117,0.873563219,0.848309859,0.874464832,0.828451178,0.860324484,0.845195729,0.848628049,0.850920245,0.821470588,0.847443182,0.853116147,0.875070423,0.870168068,0.842045454,0.860428572,0.847443182,0.865129683,0.858982036,0.868103448,0.601846591,0.809971098,0.442613636,0.615492958,0.558664773,0.535552408,0.573229461,0.492898551,0.686416185,0.580704226,-2,0.642329546,0.613541666,0.598739496,0.553267046,0.561857142,0.631534091,0.581176471,0.599514563,0.606281407,0.566761364,0.583734939,0.69164306,0.609239131,-2,0.6555,0.590291262,0.8375,0.809259259,0.597876448,0.61898017,0.797033898,0.560256411,0.60261194,0.551878612,0.527777778,0.599230769,0.559874608,0.601951952,0.748728813,0.72880597,0.653632479,0.482620321,0.722,0.597450425,0.627053824,0.601300578,0.602832862,0.596448864,0.869281046,0.885227273,0.8398,0.653125,0.828205128,0.835777126,0.846987952,0.832951289,0.832991203,0.839534884,0.767307693,0.837888199,0.834077381,0.885227273,0.831649831,0.806603774,0.839971751,0.846264368,0.817055394,0.833033033,0.856775701,0.833888889,0.838644689,0.807874016,0.811335404,0.819161677,0.80764526,0.827097902,0.826682693,0.8609375,0.851823708,0.846005917,0.840804597,0.798775511,0.834067797,0.852639752,0.801139601,0.8265,0.83041958,0.808385093,0.800980392,0.86388102,0.834763314,0.860181818,0.841313559,0.825964392,0.865555555,0.815088758,0.813904494,0.839031339,0.778510029,0.761144578,-2,0.790735294,0.607244318,0.781451613,0.839855072,0.794955489,0.822171254,0.815882353,0.252428572,0.809156977,0.838057325,0.828134111,0.837905605,0.837240356,0.840707964,0.831969697,0.810031348,0.8075,0.667175572,0.722826087,0.6875,0.707142857,0.757205883,0.849196141,-2,0.756833334,0.688405797,0.600141643,0.738285714,0.807973422,0.811235955,0.819714286,0.79278169,0.821549295,0.834277621,0.838714286,0.834929577,0.850824176,0.790701219,0.776764706,0.821549295,0.851540616,0.820454546,0.834929577,0.796600566,-2,0.635127479,0.82440678,0.678186969,0.851041666,0.8018,-2,-2,0.821943574,-2,-2,0.652238806,0.7125,0.666472869,0.763665595TTO,0.202777777,0.548396501,0.874233129,0.786011904,0.902647975,0.790458016,0.869208211,-2,0.885071942,0.769573643,0.877217742,0.886026936,0.853932584,0.855629139,0.861111112,0.870144928,0.890063091,0.877931034,0.889545454,0.864568345,0.870093458,0.830503144,0.806060606,0.872222222,0.880758018,0.914306359,0.922622478,0.866666667,0.885923754,0.866909621,0.88535503,0.839939024,0.887982196,0.573900293,0.783679525,0.413888889,0.592028986,0.536111111,0.506851312,0.545626822,0.467910447,0.709705883,0.545217391,-2,0.605555556,0.602112676,0.563976945,0.525,0.539264706,0.601020408,0.552727273,0.566256157,0.566161616,0.540087464,0.519333334,0.662790698,0.58488806,-2,0.620603015,0.60325,0.9,0.833548387,0.5776,0.587172012,0.853343023,0.53489736,0.574334601,0.534023669,0.498680352,0.562183544,0.525728155,0.561230769,0.735217391,0.7125,0.671551724,0.444680851,0.769421487,0.565014578,0.598250729,0.583531157,0.576093294,0.572222222,0.914576271,0.94280303,0.892307692,0.6828125,0.882743363,0.884580839,0.912,0.863382353,0.883987915,0.88761194,0.766972478,0.89823718,0.891896024,0.898046875,0.887972509,0.866990291,0.861370262,0.865929204,0.856973293,0.868153846,0.835817307,0.906153846,0.848339484,0.8284,0.865822785,0.818461539,0.854702194,0.860507246,0.8835,0.93515625,0.917445483,0.868902439,0.828488372,0.847083334,0.878668942,0.892698413,0.858333333,0.867391304,0.883566434,0.857097792,0.831649831,0.902915452,0.837386019,0.907303371,0.912663756,0.888803681,0.907777778,0.87781155,0.875867052,0.899705883,0.838235294,0.820588236,-2,0.846363636,0.630555556,0.830753138,0.896279762,0.84893617,0.87578125,0.881325301,0.259090909,0.876268657,0.906393443,0.898648649,0.903939394,0.89563253,0.903939394,0.8939441,0.864469454,0.810294117,0.681679389,0.726470588,0.690909091,0.70233463,0.81469697,0.859075908,-2,0.81010274,0.692708334,0.561111111,0.782352941,0.8609375,0.867630058,0.874780058,0.848713235,0.870375722,0.900290698,0.899705883,0.883913044,0.882142858,0.851104101,0.829456193,0.876080692,0.900720461,0.875218659,0.875652174,0.847819767,-2,0.603790087,0.81010274,0.642565598,0.896767241,0.783265306,-2,-2,0.789649681,-2,-2,0.619817073,0.475,0.639717742,0.714072848BRB,0.198606271,0.567361111,0.907777778,0.746666666,0.893071161,0.811313869,0.884256056,0.885071942,-2,0.821621622,0.924867725,0.873387097,0.884027778,0.915662651,0.869491525,0.864827587,0.904428044,0.869879518,0.857065217,0.863260869,0.868164794,0.833524904,0.805956678,0.860627178,0.867534722,0.894501718,0.897945205,0.86782007,0.873601399,0.857317073,0.865780142,0.856727273,0.865480427,0.604545454,0.804107142,0.425520834,0.596206897,0.550868055,0.511284722,0.554166666,0.478368794,0.766386555,0.550344828,-2,0.628919861,0.629651163,0.57260274,0.537673611,0.563333333,0.606944445,0.570683453,0.613120567,0.582481752,0.552787456,0.588095238,0.693598616,0.595909091,-2,0.69028777,0.586577181,0.875,0.820454546,0.604102564,0.590451389,0.815224914,0.551398601,0.583902439,0.537102474,0.531468531,0.605534351,0.554770993,0.590727273,0.750172413,0.716914498,0.64622093,0.4332,0.708808291,0.587152778,0.606944445,0.596276595,0.587152778,0.590451389,0.885140563,0.907142857,0.8626,0.674193548,0.86925,0.85089928,0.863003663,0.856666667,0.847482014,0.851957295,0.776007326,0.840384616,0.845985402,0.914285714,0.851859504,0.814807693,0.838235294,0.863028169,0.83381295,0.862037037,0.866176471,0.848713235,0.861214953,0.791666666,0.806949807,0.822862454,0.81018868,0.829166667,0.846632125,0.890625,0.866483516,0.846363636,0.770754717,0.81492891,0.84762931,0.869923371,0.81097561,0.831726908,0.841772152,0.81061776,0.824096386,0.861245674,0.855673759,0.866527196,0.870833334,0.821245421,0.885042735,0.837230216,0.835738832,0.853333333,0.8,0.780483271,-2,0.820143885,0.601557093,0.802331606,0.855673759,0.80647482,0.833022388,0.837634409,0.241637631,0.829577465,0.849804688,0.845567376,0.857400722,0.851607142,0.851607142,0.844833948,0.835852713,0.8,0.718589743,0.734090909,0.619565217,0.711330049,0.764801444,0.843172691,-2,0.780769231,0.687587413,0.579268293,0.766666667,0.8208,0.829209622,0.83125,0.793928572,0.822680412,0.85467128,0.860314686,0.855326461,0.870833334,0.804379562,0.791666666,0.836130137,0.865410959,0.834948097,0.825517241,0.815224914,-2,0.610243055,0.838235294,0.663020834,0.870833334,0.796614584,-2,-2,0.812695313,-2,-2,0.657692307,0.475,0.674313726,0.743478261DMA,0.254528302,0.613018868,0.806175299,0.622413793,0.791666666,0.826422764,0.799433962,0.769573643,0.821621622,-2,0.8265,0.828488372,0.855,0.840082645,0.825517241,0.744402986,0.796047431,0.754035874,0.77027027,0.813063063,0.785943775,0.803252032,0.761450382,0.743632959,0.743632959,0.780483271,0.780483271,0.771428571,0.777924529,0.742857143,0.808587786,0.809533074,0.781274131,0.617680608,0.764367816,0.440943396,0.609701493,0.573584906,0.537735849,0.584339623,0.473166023,0.696666666,0.576404494,-2,0.611742424,0.633333334,0.600371747,0.573584906,0.575757576,0.638113207,0.608300396,0.646258504,0.611643835,0.58655303,0.669672131,0.629775281,0.619565217,-2,0.683219178,0.653896104,0.676271187,0.724576271,0.638131313,0.566415094,0.741635688,0.58655303,0.641133005,0.567816092,0.638113207,0.619057377,0.548975409,0.60755814,0.683146068,0.67751938,0.678571428,0.492592593,0.636649215,0.591509434,0.62018868,0.6175,0.613018868,0.611742424,0.782599119,0.749541285,0.735483871,0.38,0.766584158,0.740926641,0.753187251,0.765671642,0.724329502,0.731320755,0.737647059,0.735860656,0.72519084,0.77027027,0.750420168,0.721084338,0.727509294,0.76870229,0.730769231,0.756274509,0.836,0.721462264,0.768382353,0.764130435,0.693032787,0.760756972,0.688461538,0.732735426,0.748125,0.646,0.76686747,0.761478599,0.704310345,0.689516129,0.720091325,0.761538461,0.679588015,0.764042553,0.778191489,0.683682008,0.725751073,0.747947761,0.776937984,0.76452381,0.738341969,0.729069767,0.808333333,0.721850394,0.7125,0.733269962,0.679087452,0.669066148,-2,0.691245136,0.530566038,0.694041451,0.736068702,0.692248062,0.731653226,0.721705426,0.311886793,0.732442748,0.727659575,0.754844961,0.749609375,0.748823529,0.75254902,0.753846154,0.73253012,0.754794521,0.692708334,0.741,0.785576923,0.684,0.644509804,0.760805085,-2,0.659606987,0.634541984,0.60094697,0.635741445,0.69279476,0.7133829,0.716044776,0.694575471,0.701865672,0.733768657,0.755681818,0.731040893,0.839855072,0.6916,0.665,0.702788104,0.755762081,0.706226415,0.700936329,0.691231343,-2,0.609433962,0.83233945,0.656037736,0.757978723,0.783505155,-2,-2,0.79497908,-2,-2,0.688565892,0.316666666,0.667435898,0.784439834GRD,0.22217742,0.570766129,0.887704919,0.72231405,0.882142858,0.832380952,0.850803213,0.877217742,0.924867725,0.8265,-2,0.882743363,0.876570048,0.882142858,0.893,0.8474,0.898541666,0.856775701,0.855785124,0.840384616,0.838702929,0.807905983,0.791666666,0.846153846,0.83935743,0.8968,0.900992063,0.861895162,0.861895162,0.850803213,0.873387097,0.855394191,0.841428572,0.605241935,0.778688524,0.415384616,0.608,0.547782258,0.497983871,0.551612903,0.463319672,0.757142857,0.5472,-2,0.63076923,0.671551724,0.584325397,0.542307692,0.562244898,0.616733871,0.570798319,0.629375,0.614705883,0.551612903,0.5640625,0.6536,0.583423913,-2,0.660064935,0.633333334,0.885227273,0.823893805,0.607216495,0.574596775,0.809960159,0.554489796,0.571890548,0.543415638,0.55,0.596902655,0.540444445,0.570815451,0.702008032,0.704583334,0.690909091,0.462162162,0.71631016,0.582258065,0.624395162,0.597580645,0.60141129,0.6,0.878539823,0.916071428,0.870359282,0.584615384,0.873563219,0.840082645,0.872863248,0.84657258,0.843172691,0.848770492,0.787708334,0.845338983,0.841428572,0.916470588,0.860135135,0.804468085,0.825595238,0.835542168,0.82358871,0.847510374,0.854402516,0.873121388,0.85047619,0.778313253,0.785123967,0.807113821,0.776556017,0.826682693,0.861333334,0.894117647,0.88008658,0.834728034,0.69765625,0.772527472,0.836697248,0.841666666,0.783466135,0.823041475,0.836697248,0.784782609,0.815486726,0.855378486,0.853797468,0.882513662,0.876519337,0.815975104,0.904326923,0.835208334,0.836454184,0.849593496,0.787804878,0.760805085,-2,0.804149378,0.588461538,0.798404255,0.853846154,0.791004184,0.834347827,0.83125,0.296153846,0.822560976,0.856775701,0.851452282,0.855,0.847083334,0.858958334,0.852978723,0.825211865,0.766477273,0.658333333,0.72887931,0.725694445,0.706532663,0.75125523,0.819863014,-2,0.780045871,0.673565573,0.566935484,0.746153846,0.818809524,0.832669323,0.83125,0.784126984,0.821314741,0.8512,0.865384615,0.844023904,0.881654676,0.7875,0.769421487,0.825099601,0.851984127,0.835080645,0.8094,0.8018,-2,0.60907258,0.83125,0.663855422,0.84378882,0.783615819,-2,-2,0.806302521,-2,-2,0.665,0.316666666,0.696666666,0.739861751LCA,0.198178808,0.583168317,0.877681661,0.752348994,0.88,0.789338235,0.862211221,0.886026936,0.873387097,0.828488372,0.882743363,-2,0.907777778,0.872014926,0.904761904,0.850327869,0.871964286,0.841106719,0.856610169,0.84053498,0.846666667,0.842579505,0.806357388,0.852805281,0.859375,0.884803922,0.885016286,0.85625,0.867666666,0.85,0.893,0.839003436,0.857550336,0.60397351,0.786317568,0.449834437,0.62295082,0.566225166,0.536138614,0.57689769,0.489393939,0.765671642,0.576229508,-2,0.642739274,0.651428572,0.600325733,0.559933775,0.569370861,0.632284768,0.587331081,0.598148149,0.581875,0.573762376,0.5875,0.680363036,0.625316456,-2,0.633333334,0.61030303,0.88581081,0.818248176,0.60817757,0.605115511,0.831639344,0.566833334,0.590088105,0.55016835,0.547350993,0.590357142,0.557829181,0.600687285,0.725737705,0.707517483,0.692287234,0.452380952,0.740909091,0.589438944,0.62079208,0.617340068,0.614521452,0.607119206,0.891085271,0.869615384,0.841055046,0.431818182,0.842139738,0.853389831,0.876666667,0.855629139,0.840878378,0.8455,0.760652921,0.841814946,0.842268041,0.884230769,0.852919708,0.809778598,0.819607843,0.839166666,0.810666666,0.820905923,0.853623189,0.853797468,0.831759657,0.827722773,0.813799283,0.793881119,0.801773049,0.830784314,0.808287293,0.87578125,0.883098592,0.817517007,0.725454546,0.794626168,0.836904762,0.850541516,0.802640264,0.844444445,0.893564356,0.811818182,0.829925651,0.850327869,0.825517241,0.854602511,0.837991267,0.848096886,0.898846154,0.83125,0.835130719,0.851505017,0.8075,0.791666666,-2,0.821186441,0.614521452,0.800425531,0.860135135,0.811993244,0.846302817,0.840508475,0.270529801,0.841245792,0.850746269,0.856610169,0.858591066,0.861551724,0.86838488,0.872241993,0.832092199,0.766477273,0.703703704,0.696666666,0.76,0.697522522,0.768430034,0.829026217,-2,0.791078067,0.698344371,0.595709571,0.763787375,0.80297619,0.838235294,0.83125,0.817721519,0.825816994,0.850327869,0.852159469,0.84754902,0.864827587,0.802816902,0.79006734,0.826221498,0.850977198,0.830858086,0.822295082,0.816503268,-2,0.614521452,0.8398,0.661551155,0.849519231,0.808604651,-2,-2,0.80647482,-2,-2,0.630068729,0.316666666,0.644954129,0.757195572VCT,0.230514706,0.572794117,0.883976834,0.700936329,0.868992248,0.811313869,0.858856089,0.853932584,0.884027778,0.855,0.876570048,0.907777778,-2,0.889873418,0.900290698,0.822181818,0.871146245,0.829746836,0.83125,0.825117371,0.845275591,0.833022388,0.800766283,0.827757353,0.824725275,0.856386861,0.867391304,0.827757353,0.858856089,0.821245421,0.861710037,0.829477612,0.829026217,0.648523986,0.785714286,0.473247233,0.610218978,0.557380074,0.569301471,0.569301471,0.514285714,0.782352941,0.606751824,-2,0.634501845,0.604545454,0.588586956,0.553874539,0.560885609,0.627490775,0.584339623,0.592857143,0.565648855,0.565808823,0.604545454,0.661172161,0.613349515,-2,0.633333334,0.572794117,0.829577465,0.777272727,0.594385027,0.635661765,0.803846154,0.56858736,0.580555555,0.544382023,0.562962963,0.590438247,0.591865079,0.589147287,0.70729927,0.692941177,0.63726708,0.511538461,0.688108108,0.572794117,0.604227941,0.606457565,0.604227941,0.592435424,0.867391304,0.851984127,0.821354166,0.475,0.83073593,0.809125476,0.837795276,0.830811808,0.803846154,0.805204461,0.745384616,0.80502008,0.792884616,0.87578125,0.820281124,0.767916666,0.794545454,0.822862454,0.792250922,0.805836576,0.871219512,0.81495098,0.818809524,0.779,0.758467742,0.792913386,0.76072797,0.789555555,0.805434783,0.837288135,0.841106719,0.800766283,0.690909091,0.752830189,0.803252032,0.814837398,0.751648351,0.810775862,0.816197184,0.775367647,0.7866,0.825182482,0.810077519,0.824200914,0.81137339,0.800192307,0.884732825,0.7996139,0.794545454,0.811753731,0.76,0.749808429,-2,0.770075758,0.558823529,0.77542735,0.821428571,0.766477273,0.802390438,0.794676806,0.307352941,0.796428572,0.822332016,0.813257576,0.815325671,0.814285714,0.822605364,0.8284,0.797851563,0.738888889,0.703703704,0.685096154,0.744166666,0.656185567,0.710687023,0.809110169,-2,0.739330544,0.672037037,0.583272059,0.706319703,0.7828,0.795108696,0.796323529,0.769268293,0.784181818,0.807846716,0.820295203,0.825636364,0.878571429,0.761507937,0.738490566,0.788224638,0.829528986,0.792830883,0.783576642,0.773818182,-2,0.635661765,0.842533937,0.649632353,0.799453552,0.8075,-2,-2,0.814837398,-2,-2,0.654924242,0.633333334,0.63844086,0.774369748ATG,0.221359224,0.563870968,0.904607509,0.686633663,0.853061225,0.807874016,0.854383117,0.855629139,0.915662651,0.840082645,0.882142858,0.872014926,0.889873418,-2,0.878911565,0.81341853,0.884027778,0.828015564,0.826086956,0.838022814,0.834548611,0.813333333,0.809836065,0.81516129,0.82170418,0.855910543,0.868312102,0.80948553,0.848214286,0.818225807,0.844444445,0.837668919,0.821875,0.601461039,0.788032787,0.430420712,0.605929487,0.541100324,0.508709677,0.551612903,0.460891089,0.695535714,0.558466454,-2,0.608737864,0.59964539,0.577866242,0.53802589,0.557003257,0.612903226,0.56555184,0.59375,0.574871795,0.553398058,0.57260274,0.665916399,0.604897959,-2,0.636548223,0.595522388,0.853061225,0.7896875,0.606300813,0.576129032,0.780031949,0.553908795,0.584901961,0.534375,0.551612903,0.584364261,0.548961937,0.585353535,0.721634616,0.719508197,0.637612612,0.454347827,0.698760331,0.579193548,0.60983871,0.590625,0.591451613,0.587216828,0.859003831,0.9025,0.827419355,0.687931034,0.834848485,0.804084968,0.826369863,0.835876624,0.798504983,0.804084968,0.767549669,0.791103203,0.794262295,0.911616162,0.811153846,0.780594406,0.791157557,0.813398693,0.776986755,0.82440678,0.845604396,0.8241453,0.835208334,0.769827587,0.745950705,0.779322034,0.752768166,0.763052208,0.822020725,0.857317073,0.832474227,0.802861953,0.757738096,0.755581395,0.7996139,0.816666667,0.750806452,0.825182482,0.799640288,0.760676157,0.767037037,0.824758843,0.810666666,0.844444445,0.809605912,0.796464646,0.891836735,0.787416107,0.783067093,0.807189543,0.74267101,0.731016949,-2,0.753010033,0.566935484,0.753605769,0.809375,0.758112583,0.783505155,0.785880399,0.260483871,0.784375,0.798550725,0.808910892,0.816555184,0.809731543,0.816107383,0.808650519,0.78655914,0.761881188,0.6612,0.721167884,0.715584415,0.692941177,0.715666666,0.810294117,-2,0.718821292,0.675,0.581067961,0.690909091,0.773938224,0.783598726,0.791666666,0.758436214,0.773961662,0.818649517,0.820454546,0.816025641,0.851156069,0.752083334,0.736092715,0.786624204,0.835031847,0.790645162,0.776996805,0.75755627,-2,0.612903226,0.815325671,0.652741935,0.809605912,0.776521739,-2,-2,0.811879433,-2,-2,0.634395973,0.316666666,0.652045454,0.750362318KNA,0.218390804,0.545977012,0.879022988,0.698529412,0.869879518,0.782352941,0.873563219,0.861111112,0.869491525,0.825517241,0.893,0.904761904,0.900290698,0.878911565,-2,0.820454546,0.886666666,0.838961039,0.83125,0.836,0.838235294,0.820710059,0.825595238,0.852840909,0.836,0.858238636,0.874858757,0.824425287,0.857183908,0.836,0.877777778,0.846264368,0.822222222,0.638793103,0.806395349,0.455780347,0.604545454,0.538150289,0.540517241,0.545977012,0.505555556,0.638524591,0.586285714,-2,0.622413793,0.628225807,0.574293785,0.538150289,0.543641618,0.609537572,0.567751479,0.629054054,0.656617647,0.545977012,0.560256411,0.684,0.601438849,-2,0.610714286,0.586170213,0.829090909,0.791666666,0.595762712,0.627873563,0.793465909,0.54127907,0.582773109,0.527777778,0.560115607,0.561635221,0.567610063,0.565337424,0.734090909,0.731212122,0.6745,0.564492754,0.72300885,0.573275862,0.616954023,0.593063584,0.589655172,0.587572255,0.87032258,0.865555555,0.84,0.76,0.826978417,0.836904762,0.85617284,0.846857142,0.825142858,0.827777778,0.763392858,0.833333333,0.832647059,0.888709677,0.846987952,0.778313253,0.815819209,0.851724138,0.803428572,0.824425287,0.899621212,0.843457944,0.855673759,0.809259259,0.764497042,0.818208092,0.749142858,0.8075,0.832474227,0.820454546,0.861490683,0.818373494,0.777272727,0.769366197,0.841772152,0.802095808,0.755681818,0.821985816,0.818055555,0.766477273,0.762345679,0.842045454,0.81097561,0.840983607,0.837847222,0.821470588,0.897802198,0.813473054,0.804261364,0.822222222,0.762209302,0.735670732,-2,0.777777778,0.567816092,0.768471337,0.834011628,0.780357142,0.811818182,0.809467456,0.316666666,0.816666667,0.84245283,0.849411765,0.849411765,0.831952663,0.85443787,0.858433735,0.799390244,0.805084746,0.687931034,0.746428572,0.76904762,0.692372881,0.723809524,0.886666666,-2,0.744594595,0.686416185,0.562356322,0.708381503,0.835031847,0.810451978,0.813505747,0.790265487,0.798863636,0.852285714,0.862138728,0.847443182,0.887362637,0.769620253,0.755421687,0.810451978,0.864124294,0.808045977,0.809659091,0.777272727,-2,0.627873563,0.845172413,0.649712644,0.83041958,0.806746032,-2,-2,0.853869048,-2,-2,0.642814372,0.95,0.68,0.739556962MEX,0.175139665,0.547771587,0.832300885,0.814672365,0.890269462,0.755839416,0.848309859,0.870144928,0.864827587,0.744402986,0.8474,0.850327869,0.822181818,0.81341853,0.820454546,-2,0.842835366,0.839166666,0.858600583,0.840384616,0.847297297,0.802735562,0.765507246,0.891292135,0.888966481,0.881197772,0.873895028,0.875698324,0.864366197,0.899581005,0.847443182,0.823893805,0.866335227,0.561484594,0.776780627,0.408659218,0.575277778,0.5174581,0.494846797,0.53189415,0.473646724,0.688483146,0.530416666,-2,0.605027933,0.584121622,0.551104972,0.512150838,0.525702248,0.565223464,0.520434783,0.556428572,0.549509804,0.525418995,0.542857142,0.655446927,0.542857142,-2,0.57745098,0.517772512,0.899333334,0.792638037,0.533015267,0.568941504,0.815041783,0.523033708,0.518819188,0.510085227,0.48697479,0.535823171,0.495652174,0.531213018,0.719777159,0.687352941,0.625416666,0.417801047,0.707843137,0.558356546,0.59011142,0.561363636,0.561002786,0.554608939,0.887908497,0.921212122,0.855,0.534375,0.844444445,0.864637682,0.87106825,0.864124294,0.853623189,0.856916426,0.754985338,0.854128441,0.858064516,0.885227273,0.852159469,0.84117647,0.857122905,0.847733711,0.829885057,0.825595238,0.809907834,0.872878229,0.823104693,0.845275591,0.839602447,0.818289085,0.835542168,0.84738676,0.841943128,0.934920635,0.875825826,0.836111111,0.720689656,0.831726908,0.851505017,0.871319018,0.856601123,0.840625,0.84659864,0.845092024,0.827419355,0.880812325,0.827058823,0.867985612,0.846218488,0.835103245,0.880147059,0.841666666,0.863157895,0.861690141,0.832253521,0.819552239,-2,0.82884058,0.60140056,0.825099601,0.879022988,0.841666666,0.8581571,0.847819767,0.23483146,0.859913793,0.8728125,0.857183908,0.858866279,0.858333333,0.864389535,0.85641791,0.84083851,0.717156863,0.588432836,0.665,0.604545454,0.66605166,0.815462428,0.819904459,-2,0.818316832,0.682051282,0.55726257,0.813904494,0.807973422,0.834530387,0.836968839,0.846666667,0.85,0.843854748,0.848309859,0.847083334,0.827419355,0.843806647,0.850581395,0.847083334,0.86339779,0.843557423,0.836527778,0.833240223,-2,0.5954039,0.806543625,0.643036212,0.847510374,0.750988142,-2,-2,0.764130435,-2,-2,0.581176471,0.475,0.591923077,0.687619048BLZ,0.212730061,0.585736196,0.876688103,0.726645768,0.880191693,0.785433071,0.874464832,0.890063091,0.904428044,0.796047431,0.898541666,0.871964286,0.871146245,0.884027778,0.886666666,0.842835366,-2,0.856007067,0.859810126,0.850374532,0.863355049,0.830066445,0.823333334,0.839263804,0.845412844,0.892073171,0.89530303,0.842177914,0.862576687,0.839263804,0.882142858,0.853184713,0.858540373,0.604012346,0.802024922,0.451687117,0.622713415,0.572923077,0.53911043,0.579907976,0.50031348,0.721296296,0.579268293,-2,0.646,0.656115108,0.593030303,0.561230769,0.567647059,0.631384616,0.582747604,0.615284974,0.614705883,0.572923077,0.57721519,0.68853211,0.61124031,-2,0.638359788,0.608974359,0.892424242,0.832026143,0.615384615,0.614877301,0.819266055,0.572923077,0.588627451,0.54921875,0.518981481,0.608250825,0.55016835,0.590705128,0.735670732,0.724837662,0.670588235,0.477653631,0.735744681,0.600306748,0.632361963,0.61645768,0.609049079,0.608,0.880729166,0.910084033,0.851724138,0.582258065,0.837727273,0.830126183,0.860260586,0.838923077,0.836477988,0.843125,0.750952381,0.835618729,0.83125,0.918595042,0.849293286,0.812457912,0.825457317,0.849689441,0.82154088,0.840384616,0.852564102,0.8486166,0.83540856,0.785123967,0.799006623,0.808576052,0.794262295,0.811753731,0.82175,0.898181818,0.866176471,0.843769968,0.808045977,0.785497836,0.838235294,0.860738255,0.795076923,0.842198582,0.857835821,0.79006734,0.786666666,0.854420732,0.838412699,0.863636364,0.847297297,0.847133758,0.905118111,0.825559106,0.828723405,0.847376544,0.788734568,0.76977492,-2,0.809148265,0.610923077,0.774229075,0.845768025,0.796190476,0.825816994,0.830126183,0.268923077,0.827515723,0.845172413,0.851724138,0.859235669,0.852564102,0.858945687,0.84754902,0.831639344,0.811458334,0.693650794,0.740441177,0.744594595,0.720039683,0.753968254,0.863636364,-2,0.758657243,0.69171875,0.587538461,0.741176471,0.814285714,0.825835866,0.833792049,0.797003745,0.814285714,0.857033639,0.850308642,0.839939024,0.868103448,0.795860927,0.77863924,0.829090909,0.857878788,0.827607362,0.831610942,0.801834862,-2,0.629447853,0.829151943,0.670245398,0.865555555,0.818398268,-2,-2,0.816107383,-2,-2,0.636320755,0.475,0.664227642,0.753448276GTM,0.209698997,0.516166666,0.845195729,0.762585034,0.882384342,0.790336134,0.828451178,0.877931034,0.869879518,0.754035874,0.856775701,0.841106719,0.829746836,0.828015564,0.838961039,0.839166666,0.856007067,-2,0.877681661,0.887959184,0.871119134,0.849818182,0.794425087,0.870568562,0.851505017,0.874,0.887086092,0.858166666,0.876677852,0.838795987,0.869217687,0.835460993,0.865986395,0.601346801,0.800853242,0.4275,0.5605,0.5035,0.506666666,0.509833334,0.475,0.676712329,0.5415,-2,0.584615384,0.500446428,0.534768212,0.500333334,0.527777778,0.563666666,0.537673611,0.537951807,0.507861635,0.509833334,0.53918919,0.648160535,0.556896552,-2,0.605625,0.536470588,0.906153846,0.840384616,0.536009174,0.592166666,0.841973244,0.511538461,0.553478261,0.507312925,0.475,0.551838235,0.554460967,0.546666666,0.716445183,0.68291815,0.636597938,0.494,0.734905661,0.528833334,0.563666666,0.546088435,0.5415,0.546488294,0.902131783,0.942083334,0.900938968,0.7125,0.892018779,0.878178694,0.882624113,0.866835016,0.878178694,0.875932203,0.77456446,0.865867158,0.880729166,0.918595042,0.894980695,0.815298507,0.84269103,0.856292517,0.845532646,0.90283688,0.846739131,0.900862069,0.854585153,0.853240741,0.837822878,0.837634409,0.826534296,0.857021277,0.897222222,0.914150943,0.891906475,0.863937283,0.843125,0.826457399,0.894552529,0.852564102,0.838795987,0.83540856,0.774074074,0.846302817,0.850581395,0.858166666,0.85034965,0.887190083,0.886363636,0.845936396,0.910416666,0.88379791,0.855315615,0.885593221,0.817966102,0.794483985,-2,0.814756945,0.621644295,0.804186047,0.891438356,0.817595819,0.857400722,0.877931034,0.262833334,0.875171233,0.885535714,0.897404844,0.900692042,0.880487805,0.897404844,0.892321428,0.854291044,0.793406593,0.646982759,0.764634147,0.5640625,0.673788546,0.798788928,0.826717558,-2,0.794747081,0.710884354,0.540133779,0.774074074,0.871428571,0.849003323,0.869763514,0.837090164,0.852159469,0.870833334,0.908417508,0.871096346,0.880909091,0.846739131,0.81048951,0.852159469,0.874503311,0.867114094,0.867666666,0.835618729,-2,0.611166666,0.819758065,0.614333334,0.8835,0.77039801,-2,-2,0.809259259,-2,-2,0.636666667,0.7125,0.623303167,0.717938931HND,0.227777778,0.578862974,0.84378882,0.76904762,0.911163522,0.81221374,0.860324484,0.889545454,0.857065217,0.77027027,0.855785124,0.856610169,0.83125,0.826086956,0.83125,0.858600583,0.859810126,0.87768