1994,USA,CAN,BHS,CUB,HTI,DOM,JAM,TTO,BRB,DMA,GRD,LCA,VCT,ATG,KNA,MEX,BLZ,GTM,HND,SLV,NIC,CRI,PAN,COL,VEN,GUY,SUR,ECU,PER,BRA,BOL,PRY,CHL,ARG,URY,GBR,IRL,NLD,BEL,LUX,FRA,MCO,LIE,CHE,ESP,AND,PRT,DEU,POL,AUT,HUN,CZE,SVK,ITA,SMR,MLT,ALB,MNE,MKD,HRV,SRB,BIH,SVN,GRC,CYP,BGR,MDA,ROU,RUS,EST,LVA,LTU,UKR,BLR,ARM,GEO,AZE,FIN,SWE,NOR,DNK,ISL,CPV,STP,GNB,GNQ,GMB,MLI,SEN,BEN,MRT,NER,CIV,GIN,BFA,LBR,SLE,GHA,TGO,CMR,NGA,GAB,CAF,TCD,COG,COD,UGA,KEN,TZA,BDI,RWA,SOM,DJI,ETH,ERI,AGO,MOZ,ZMB,ZWE,MWI,ZAF,NAM,LSO,BWA,SWZ,MDG,COM,MUS,SYC,MAR,DZA,TUN,LBY,SDN,SSD,IRN,TUR,IRQ,EGY,SYR,LBN,JOR,ISR,SAU,YEM,KWT,BHR,QAT,ARE,OMN,AFG,TKM,TJK,KGZ,UZB,KAZ,CHN,MNG,TWN,PRK,KOR,JPN,IND,BTN,PAK,BGD,MMR,LKA,MDV,NPL,THA,KHM,LAO,VNM,MYS,SGP,BRN,PHL,IDN,TLS,AUS,PNG,NZL,VUT,SLB,KIR,TUV,FJI,TON,NRU,MHL,PLW,FSM,WSMUSA,-2,0.415074458,0.241181658,0.096923077,0.247450587,0.269908435,0.229166667,0.235389641,0.239145001,0.280513988,0.231083394,0.213000288,0.268562794,0.232129855,0.239308011,0.206548273,0.236135376,0.251601659,0.258673077,0.272665796,0.246603971,0.283884244,0.247062594,0.202035814,0.216519174,0.233044538,0.237813371,0.241457426,0.227853256,0.228991597,0.253438837,0.256392487,0.261271181,0.29428482,0.263080677,0.570422189,0.376212655,0.440966387,0.431128134,0.432676553,0.478405567,0.434158347,0.376106195,-2,0.397888597,0.442557543,0.412788793,0.441099133,0.408922671,0.38789024,0.427870681,0.428791469,0.415208035,0.427440027,0.377078891,0.341178432,0.397894457,-2,0.344120583,0.386089924,0.186643836,0.368667836,0.400610396,0.36864648,0.28135194,0.396869984,0.373706427,0.404368631,0.317632971,0.378678619,0.407400394,0.386936866,0.267760914,0.230742297,0.286008857,0.361019737,0.255909479,0.401073363,0.392569781,0.412374364,0.418080527,0.411853219,0.206082862,0.210271318,0.197930725,0.274174529,0.224704674,0.198464912,0.221194924,0.201488298,0.186231511,0.208064997,0.203667051,0.197511514,0.190609249,0.201271318,0.202632938,0.175,0.194349228,0.185873016,0.185854378,0.189368717,0.179201878,0.166224318,0.209441501,0.181777778,0.185945274,0.19403158,0.163265949,0.183883092,0.254847049,0.032786885,0.203116609,0.191826639,0.263106061,0.18579932,0.209492154,0.225937393,0.177450955,0.248550583,0.276087478,0.182501899,0.243391361,0.225474771,0.231611865,0.219967634,0.174822695,0.232915408,0.231818485,0.216035726,0.179239238,0.20347906,0.156231447,0.166974096,-2,0.177550358,0.352275355,0.056680162,0.204205487,0.123149182,0.155406844,0.188131313,0.719184724,0.203488996,0.185697858,0.238421122,0.202514375,0.206395817,0.206355948,0.203719788,0.201520523,0.304716481,0.298020766,0.267945691,0.375598087,0.282552324,0.137318841,0.263098357,-2,0.069688995,0.2876221,0.356399188,0.125642088,0.184532054,0.185255682,0.206825397,0.138737212,0.185803629,0.220674506,0.208330498,0.200255324,0.254614027,0.118606023,0.112174911,0.19973796,0.216221531,0.193890306,0.197861341,0.177246814,-2,0.355255312,0.223586066,0.343411108,0.254877146,0.299213299,-2,-2,0.246769068,0.125,-2,0.385993663,0.534090909,0.418965517,0.29455993CAN,0.415074458,-2,0.63024783,0.46980057,0.640690212,0.579703108,0.637471028,0.617619966,0.635149573,0.627239211,0.623554352,0.605067339,0.611286539,0.604586694,0.594462921,0.602083827,0.636096778,0.617445888,0.623170061,0.608615081,0.618913429,0.616670476,0.641434543,0.59063339,0.609455272,0.611994196,0.602965465,0.626018039,0.624204535,0.644618798,0.656494703,0.664871973,0.654872857,0.762315484,0.643491427,0.784330864,0.871795082,0.915675321,0.897712419,0.921568628,0.791913885,0.818267993,0.87195333,-2,0.876728658,0.897646163,0.907761438,0.914523073,0.905672269,0.886400131,0.911028834,0.911102593,0.900286944,0.924393741,0.868852168,0.782610864,0.853368832,-2,0.836635553,0.853465333,0.720861487,0.761459247,0.892983268,0.858602151,0.683009274,0.892857143,0.863494009,0.893312275,0.669680341,0.874770217,0.850741901,0.87020649,0.722902852,0.671890274,0.756798254,0.739123775,0.659762588,0.920210167,0.893589117,0.923936951,0.914731998,0.918420049,0.594687497,0.480288462,0.554108079,0.525353774,0.576784797,0.569544077,0.592537314,0.586124861,0.580024867,0.571794872,0.585655315,0.562276345,0.566276084,0.521076923,0.579504388,0.557882733,0.574776635,0.566341066,0.549141601,0.579167752,0.575700935,0.548226035,0.56477871,0.448,0.539850747,0.588732032,0.529585799,0.561085356,0.493142324,0.225806452,0.592675629,0.597737557,0.608484849,0.546578591,0.554632345,0.576102293,0.558662021,0.622412674,0.682932193,0.531475658,0.548750258,0.598635152,0.587599418,0.589238954,0.508310207,0.624098877,0.645452126,0.569607843,0.555722596,0.578941838,0.523324456,0.534008786,-2,0.519247382,0.752130221,0.219758065,0.561768855,0.499633543,0.535871411,0.560753736,0.447566527,0.573851067,0.572961396,0.612280181,0.585886292,0.586987522,0.58697939,0.579957258,0.553101105,0.660837308,0.6426671,0.669657616,0.690704033,0.726852065,0.51031962,0.659996637,-2,0.456411483,0.71875,0.848838824,0.483146068,0.520185129,0.534699797,0.572534073,0.524036607,0.55125266,0.602248909,0.578035148,0.583634087,0.588830043,0.518092106,0.507309942,0.574677665,0.613562092,0.56580664,0.56794672,0.547451846,-2,0.85554741,0.603362871,0.854592004,0.630404463,0.708553815,-2,-2,0.595401025,0.416666667,-2,0.659551674,0.534090909,0.606896552,0.717898852BHS,0.241181658,0.63024783,-2,0.767497557,0.930070343,0.905578728,0.918810709,0.923085663,0.966188374,0.898139999,0.936065574,0.910982303,0.943646027,0.937274264,0.937262968,0.890213592,0.936331179,0.896018309,0.905637841,0.921399621,0.897916156,0.890971622,0.874459877,0.884704969,0.897350142,0.928749839,0.91685655,0.902888877,0.916509574,0.89397667,0.920463558,0.896590016,0.893425554,0.699900794,0.853169391,0.519675926,0.673590626,0.614007445,0.601363332,0.620651166,0.541866243,0.695714286,0.640332612,-2,0.668058013,0.669296329,0.644239762,0.611607143,0.632575407,0.674249963,0.633879599,0.651284007,0.649009288,0.629307644,0.662398922,0.750311989,0.650881438,-2,0.677923198,0.672092491,0.879881155,0.777067479,0.659796725,0.650587852,0.778270875,0.61822628,0.629242719,0.61873706,0.629734866,0.632738725,0.610233365,0.623555311,0.769926906,0.782342914,0.687172471,0.586038961,0.771890808,0.636003957,0.679923618,0.644576853,0.646687365,0.645121636,0.908923811,0.888858696,0.877231801,0.800140253,0.902899611,0.874078288,0.881061542,0.872817067,0.858683342,0.863246266,0.839607085,0.865755909,0.866660598,0.873218853,0.887504506,0.851725112,0.854838106,0.869280172,0.851772745,0.872457687,0.869329723,0.860905857,0.852514868,0.798205872,0.849616858,0.845998977,0.834365325,0.85970431,0.82095683,0.46875,0.8931972,0.875637044,0.838022859,0.848730156,0.875337362,0.877063984,0.851228755,0.881762974,0.855712399,0.847375914,0.872692138,0.904000786,0.864036885,0.923718128,0.867367368,0.8713107,0.961279462,0.854399084,0.850851393,0.877805931,0.819098397,0.825197785,-2,0.818282027,0.656497224,0.413654619,0.865882968,0.804017577,0.837054329,0.868645859,0.256994048,0.865621794,0.901643193,0.887098642,0.880048686,0.88705147,0.880872086,0.886798088,0.862996689,0.791394336,0.737584803,0.75092115,0.679123377,0.735287129,0.76815541,0.909741702,-2,0.779776774,0.699668561,0.650011906,0.741350632,0.834729637,0.828973329,0.868498593,0.80726678,0.860330429,0.897863123,0.874776786,0.883938878,0.893114698,0.820661936,0.819065694,0.874074074,0.873063068,0.860864852,0.867229069,0.845700814,-2,0.689063817,0.860392507,0.729469642,0.87350325,0.872483488,-2,-2,0.855729167,0.402173913,-2,0.610183581,0.476190476,0.56155628,0.822841001CUB,0.096923077,0.46980057,0.767497557,-2,0.822601111,0.714448886,0.785645273,0.806181944,0.778504342,0.709939148,0.782522192,0.822683252,0.754989807,0.773150845,0.769201463,0.841082622,0.78622521,0.765306122,0.79881395,0.777553764,0.763988451,0.746886748,0.756278544,0.834400911,0.821136259,0.830706781,0.813698824,0.805229111,0.780368662,0.808544974,0.785210041,0.742960915,0.791066672,0.543019452,0.713271247,0.361868132,0.510549451,0.446923077,0.438746439,0.457146249,0.40904783,0.516980773,0.476846528,-2,0.505599647,0.467534491,0.479344406,0.445604396,0.466847595,0.496058201,0.460336915,0.461692084,0.46319797,0.461199295,0.4578125,0.605795317,0.45638871,-2,0.497760625,0.463110404,0.801505376,0.627419355,0.456735841,0.495896586,0.699184484,0.457579023,0.46482684,0.45917351,0.508026482,0.451434749,0.418616283,0.454892579,0.625219409,0.651620501,0.59982012,0.385927245,0.719040606,0.46934473,0.510826211,0.47854204,0.482621083,0.476607143,0.848405942,0.790314886,0.837178642,0.579901961,0.85427551,0.855134755,0.843456113,0.836278635,0.849956182,0.846153233,0.787478441,0.846854575,0.863423144,0.789210341,0.827248595,0.869753433,0.842987197,0.82807309,0.861983081,0.826934124,0.822937626,0.87954962,0.795905817,0.768477458,0.869373404,0.801235815,0.890260101,0.840501793,0.682013575,0.476190476,0.876338132,0.820484118,0.729661222,0.856220295,0.84018883,0.81875,0.886638361,0.775329567,0.776716885,0.875077075,0.787352941,0.831914682,0.750301616,0.8775,0.842674869,0.802021795,0.891307353,0.856047567,0.883988604,0.865010352,0.914205338,0.896675025,-2,0.900866635,0.58624817,0.453252033,0.871128319,0.917569869,0.870173389,0.858420118,0.148640084,0.862713473,0.913146721,0.842124542,0.859535655,0.87970828,0.857595779,0.872807883,0.868118402,0.668809524,0.570474511,0.586891141,0.418910256,0.591605953,0.906272189,0.774267341,-2,0.951461989,0.581140989,0.495714286,0.875744998,0.805662744,0.883702469,0.869733563,0.93070544,0.88113478,0.836538462,0.834427127,0.830671264,0.801762816,0.923935778,0.95739242,0.863247863,0.804398148,0.871432512,0.854321318,0.91290648,-2,0.522792023,0.784368885,0.566358025,0.788726631,0.676008048,-2,-2,0.734528998,0.369565218,-2,0.427242777,0.196428572,0.366963457,0.638528139HTI,0.247450587,0.640690212,0.930070343,0.822601111,-2,0.905406494,0.931989912,0.939616889,0.943813677,0.898702595,0.931413742,0.929028202,0.934185533,0.919969353,0.933895156,0.937517123,0.947301339,0.912994372,0.948551997,0.950249463,0.924512987,0.920005225,0.889820391,0.933512759,0.932327997,0.971816817,0.944644908,0.950011969,0.934898162,0.940151553,0.940234572,0.90924332,0.945458238,0.699257279,0.879167302,0.526869459,0.680665961,0.617899064,0.601698598,0.624990157,0.558917004,0.70968324,0.642024149,-2,0.675815958,0.670033359,0.646660142,0.620095571,0.634057502,0.670546283,0.635222776,0.654615199,0.643939394,0.630627508,0.653021523,0.764656666,0.64337397,-2,0.667529314,0.659392279,0.918498169,0.788510224,0.655526316,0.656848707,0.810075927,0.619784927,0.625454833,0.616318013,0.612498012,0.624825145,0.603333334,0.624318305,0.760312945,0.76374435,0.709625782,0.560950187,0.789610911,0.6388003,0.681382393,0.647179488,0.652866367,0.644925664,0.95010661,0.891304348,0.917809489,0.762981575,0.93904321,0.925051732,0.938176254,0.917008061,0.913009163,0.921402725,0.852274185,0.916937831,0.9181314,0.860631742,0.910482124,0.898219581,0.899994965,0.894701756,0.887512639,0.905033036,0.909863946,0.912073679,0.873778227,0.809716387,0.894104226,0.87629875,0.877228795,0.890354339,0.865476802,0.481481482,0.94596603,0.897441586,0.869604355,0.906264805,0.907033311,0.922185178,0.904555833,0.911024489,0.913997478,0.897805683,0.904589372,0.950908871,0.876316257,0.961731992,0.905279736,0.919409261,0.984375,0.902564352,0.910258173,0.930039574,0.877206851,0.890424596,-2,0.875993683,0.699016847,0.440528635,0.913101523,0.862450375,0.890064103,0.910349015,0.256103886,0.918515209,0.965601504,0.935483201,0.915738567,0.936908784,0.926571218,0.938938479,0.918945263,0.802240897,0.724670587,0.7627421,0.63491331,0.745962532,0.821644467,0.924762729,-2,0.843577475,0.705826732,0.653051755,0.7890462,0.873798701,0.876437914,0.918103665,0.862886482,0.89887448,0.923989964,0.919935989,0.910554817,0.915377176,0.884322055,0.881756365,0.909613697,0.89965745,0.908909911,0.901391491,0.904242799,-2,0.690802425,0.889351852,0.734243532,0.92687028,0.872295539,-2,-2,0.851236571,0.441860465,-2,0.596695181,0.337121212,0.529559749,0.824829932DOM,0.269908435,0.579703108,0.905578728,0.714448886,0.905406494,-2,0.877450981,0.870084589,0.895299983,0.90370935,0.89494803,0.862043118,0.901583571,0.878167148,0.869779973,0.852998898,0.882928974,0.871190267,0.88153497,0.883539628,0.87843313,0.918519647,0.844839371,0.829157374,0.87037037,0.88397274,0.849243567,0.881186044,0.868326345,0.856424735,0.890409513,0.877549534,0.871081005,0.710691824,0.882719106,0.450887903,0.623113208,0.552164262,0.555840733,0.555840733,0.480342525,0.693181818,0.604120422,-2,0.590443746,0.546273292,0.592342653,0.554522753,0.573389504,0.613831854,0.567175573,0.598562134,0.574503976,0.569086284,0.633714969,0.67037037,0.555471957,-2,0.683604112,0.630461165,0.852107558,0.658359133,0.619167983,0.590379902,0.68830051,0.562141898,0.591032754,0.556586965,0.637815127,0.573043083,0.570890911,0.573809524,0.724443907,0.747974414,0.670434212,0.532193878,0.682004637,0.569228635,0.612236404,0.583657048,0.5920505,0.580497199,0.864493885,0.784048508,0.837598548,0.413669065,0.872768379,0.825757576,0.831949059,0.855058043,0.809615385,0.806753813,0.814731473,0.83226103,0.812535069,0.784545455,0.816737986,0.8217012,0.832568648,0.831200942,0.80929848,0.842592593,0.855706385,0.807106476,0.841307815,0.805388128,0.799433986,0.833583627,0.779402516,0.791646697,0.808198381,0.414285715,0.857646443,0.81343422,0.57753051,0.820081136,0.839287196,0.856231662,0.798643955,0.883225108,0.424170616,0.799858737,0.831477591,0.851385747,0.849039221,0.87371896,0.807613494,0.835015414,0.9375,0.812792665,0.804245283,0.833732058,0.769433465,0.784818813,-2,0.784313726,0.574899157,0.360465117,0.819420163,0.74304419,0.788945579,0.814137106,0.317794822,0.837236842,0.862574267,0.851982871,0.838468007,0.85125785,0.83872549,0.850698807,0.831788441,0.808446456,0.781052632,0.722996516,0.290780142,0.669571808,0.692069576,0.820378151,-2,0.742659628,0.606680844,0.602524972,0.695178197,0.765625,0.768769552,0.818220102,0.766792453,0.802575403,0.835007589,0.844100924,0.812121632,0.863536232,0.753868472,0.757239057,0.789268007,0.81700179,0.796951263,0.802065826,0.794712885,-2,0.651082131,0.881372549,0.685025788,0.849240178,0.84723418,-2,-2,0.843602438,0.413043479,-2,0.6332475,0.181818182,0.552093213,0.810344077JAM,0.229166667,0.637471028,0.918810709,0.785645273,0.931989912,0.877450981,-2,0.915531698,0.924007196,0.897766212,0.921301099,0.915700142,0.924422159,0.920736418,0.934389405,0.902539479,0.936911315,0.872053872,0.919714125,0.910710165,0.897000952,0.898220408,0.895201238,0.904864191,0.913947523,0.932699604,0.92419941,0.902683376,0.922369338,0.894350995,0.915083734,0.891724292,0.899145792,0.700094697,0.852226504,0.520833334,0.672428511,0.611663271,0.599498868,0.62236841,0.547530046,0.670566549,0.640999657,-2,0.664815903,0.648070041,0.644913285,0.610890152,0.62550152,0.66875,0.630041375,0.645321215,0.651922225,0.626562932,0.657537558,0.743227556,0.643960445,-2,0.686049383,0.644012945,0.880789474,0.763047138,0.642892674,0.656002918,0.772521829,0.615423942,0.646782014,0.61973072,0.620765583,0.625569801,0.602846947,0.627792427,0.784311699,0.784193711,0.705215832,0.578291845,0.771891892,0.635659713,0.672452571,0.640716413,0.641522878,0.638535839,0.918509248,0.840909091,0.903538462,0.770636793,0.888560158,0.892585401,0.899486836,0.882320649,0.882860867,0.882886106,0.856824211,0.897585429,0.897454549,0.877909091,0.881789385,0.866424327,0.89084816,0.903466815,0.86984397,0.897239937,0.92093458,0.885240821,0.880305969,0.819641295,0.882787865,0.877456743,0.867325693,0.886666037,0.842788462,0.453125,0.901250346,0.910234425,0.897855196,0.885196896,0.900777071,0.898104169,0.870697008,0.884019608,0.872842754,0.878387917,0.871568628,0.930058837,0.876037424,0.938838384,0.873565841,0.875894572,0.951130777,0.860303987,0.863021243,0.892515687,0.83234274,0.837911278,-2,0.83522409,0.665514222,0.411290323,0.87914555,0.825064293,0.85429034,0.870494567,0.235934066,0.873324323,0.916861349,0.890547559,0.88162795,0.89833307,0.89200469,0.890259741,0.855943939,0.805733945,0.727271164,0.762913415,0.63611395,0.737876244,0.795185947,0.916690561,-2,0.80318408,0.698710278,0.655257962,0.765471125,0.862537305,0.840076048,0.886397516,0.830363277,0.886662659,0.89335216,0.893589066,0.890656132,0.905917381,0.853233367,0.841255962,0.87633376,0.891948269,0.876940133,0.896623164,0.860981248,-2,0.684277621,0.879702501,0.726241422,0.886188272,0.86259406,-2,-2,0.868141951,0.440476191,-2,0.601245366,0.556818182,0.5433547,0.819910333TTO,0.235389641,0.617619966,0.923085663,0.806181944,0.939616889,0.870084589,0.915531698,-2,0.932610555,0.879176691,0.914818549,0.920721859,0.902854351,0.918344594,0.914556581,0.899339093,0.945072964,0.890640394,0.919543686,0.917129834,0.895206283,0.886126526,0.882714185,0.903326623,0.925975152,0.946445661,0.935243556,0.913093994,0.917415725,0.905614627,0.923072041,0.869942023,0.916539379,0.665244969,0.833254987,0.497966551,0.642213096,0.589353285,0.573953391,0.596618266,0.519144474,0.66804996,0.609432092,-2,0.632438941,0.630016163,0.613823435,0.585762044,0.602450981,0.64205943,0.604634581,0.615023021,0.618826704,0.601250024,0.61379386,0.742974018,0.619374283,-2,0.64735685,0.6425,0.890350877,0.778125736,0.620993464,0.624078552,0.792776116,0.589721648,0.61309218,0.598058553,0.582724781,0.597866274,0.58068574,0.598316212,0.754603581,0.756578948,0.686212781,0.54590696,0.787205055,0.606822348,0.647116362,0.631225896,0.619167909,0.614284345,0.914562039,0.929545455,0.909901114,0.762756643,0.911660594,0.898296135,0.918943895,0.884920239,0.892631099,0.905666853,0.843738218,0.914337167,0.913104967,0.873482697,0.900801051,0.895052402,0.888783233,0.887492827,0.883157781,0.90270621,0.876074059,0.909481217,0.85537297,0.808093024,0.885737355,0.861916772,0.879119576,0.873486786,0.826538462,0.4921875,0.93078271,0.913099386,0.878698841,0.89252451,0.911038899,0.901420218,0.895822183,0.906118513,0.892903818,0.88709026,0.865767992,0.93548356,0.840383463,0.941047404,0.878579434,0.919778166,0.963626835,0.889370944,0.885819261,0.917423802,0.856176471,0.863036086,-2,0.85501086,0.67698919,0.437238494,0.894168435,0.848242203,0.872395834,0.903249361,0.254784689,0.901262523,0.949064106,0.924151424,0.911999187,0.920709867,0.914740627,0.919302356,0.882119602,0.786283672,0.720385769,0.74703184,0.641961487,0.728270495,0.81114082,0.916551994,-2,0.821106705,0.682616121,0.617797208,0.78635754,0.8801323,0.856647399,0.905774796,0.854887898,0.904170917,0.931320203,0.919253096,0.906393862,0.911213089,0.874956827,0.862010437,0.89920585,0.913802814,0.890379962,0.908237986,0.874089783,-2,0.656546472,0.862699451,0.694401571,0.908634342,0.853011449,-2,-2,0.821855096,0.383333334,-2,0.588845775,0.443181818,0.540813399,0.783545936BRB,0.239145001,0.635149573,0.966188374,0.778504342,0.943813677,0.895299983,0.924007196,0.932610555,-2,0.911090969,0.957662898,0.909510196,0.952290765,0.943721731,0.928831307,0.903890363,0.955253515,0.910628529,0.9082854,0.931050335,0.904201567,0.900529379,0.875486427,0.895083859,0.908210125,0.934724804,0.930631937,0.924067667,0.911558699,0.901380284,0.926641501,0.901069863,0.900677305,0.701194639,0.856655844,0.515625,0.669562335,0.613081681,0.593856065,0.616425509,0.545321437,0.723226665,0.630491186,-2,0.667023315,0.664728683,0.637382725,0.608306624,0.63250409,0.661888175,0.629941706,0.65710018,0.638300112,0.625345911,0.662944005,0.755727144,0.639808239,-2,0.687984677,0.651347783,0.882401316,0.751818182,0.652884616,0.647378062,0.780027283,0.614403339,0.630749416,0.610659789,0.613591247,0.639549196,0.614353154,0.6324525,0.764602506,0.772145427,0.687942366,0.554666667,0.763516359,0.634348291,0.668803419,0.648765685,0.642361112,0.6419536,0.911758977,0.914943609,0.881570094,0.773498997,0.910716375,0.885123957,0.895770896,0.884432011,0.871575081,0.87255588,0.846344372,0.873515746,0.880471422,0.87593985,0.889726418,0.852547453,0.869515233,0.882307544,0.86230169,0.8916882,0.875882353,0.866949797,0.85906813,0.784482759,0.851875779,0.863506214,0.843890823,0.862227685,0.818611728,0.46875,0.899342925,0.890270599,0.833982056,0.863120479,0.886393727,0.88692015,0.865367475,0.881265649,0.876908942,0.855694981,0.879387114,0.907535563,0.883801709,0.931066946,0.874333334,0.876496727,0.956196582,0.863466274,0.865907559,0.890681249,0.834167386,0.844437627,-2,0.843321343,0.657668599,0.422279793,0.878693372,0.820220149,0.851104069,0.876715478,0.246918801,0.875808908,0.912210275,0.897022216,0.886907103,0.898380399,0.888013617,0.894144396,0.875566045,0.805311891,0.750846638,0.762987013,0.632209406,0.74424725,0.780340581,0.921889579,-2,0.80180419,0.68494006,0.646224203,0.765688259,0.852577618,0.841264827,0.881944445,0.815293041,0.868681009,0.906202829,0.887862138,0.894082078,0.900322284,0.840325173,0.837244284,0.88397875,0.878556375,0.874930238,0.872794447,0.862722702,-2,0.675347222,0.875242405,0.723556404,0.899891775,0.869270834,-2,-2,0.86702009,0.404255319,-2,0.628033041,0.493902439,0.575051215,0.822742475DMA,0.280513988,0.627239211,0.898139999,0.709939148,0.898702595,0.90370935,0.897766212,0.879176691,0.911090969,-2,0.911608187,0.895584084,0.921153846,0.90726504,0.921662246,0.854434723,0.903820817,0.840960366,0.878559768,0.900655201,0.869350821,0.887280357,0.851630411,0.850923341,0.859593861,0.896329802,0.878616927,0.885783824,0.869204078,0.850515016,0.893595775,0.874046918,0.853725647,0.678543333,0.84770115,0.487822598,0.63986104,0.586369551,0.569146036,0.594903492,0.509150356,0.655010225,0.610842051,-2,0.620820272,0.631021195,0.614835705,0.589243115,0.603608338,0.646193884,0.616135115,0.636113066,0.61789482,0.606399983,0.682918787,0.702150329,0.638188868,-2,0.657276903,0.657021341,0.855932204,0.699064266,0.633546448,0.597325806,0.706426527,0.600619636,0.626912108,0.590758089,0.653768132,0.607796416,0.563788227,0.598503074,0.703481198,0.71578455,0.687445888,0.538671024,0.710078534,0.598677077,0.639633486,0.620977012,0.615744958,0.617946709,0.850205962,0.827828747,0.842320655,0.602542373,0.843941537,0.83996139,0.829940354,0.841220369,0.7958602,0.825765876,0.838527692,0.827414843,0.813632052,0.821135743,0.817577031,0.809750631,0.810645293,0.834404714,0.803220036,0.849531753,0.94,0.807747284,0.832983193,0.764016019,0.792340306,0.828559326,0.790509098,0.778507367,0.787367022,0.34,0.853614458,0.841254401,0.811683444,0.818317239,0.825424006,0.851729962,0.805654781,0.825791782,0.837320133,0.799138995,0.820330414,0.864416951,0.846040477,0.879992893,0.788601037,0.830779754,0.925438597,0.804163684,0.800287357,0.836798611,0.771615632,0.783174561,-2,0.774527515,0.611580613,0.365284974,0.819757521,0.759910706,0.805326044,0.811797624,0.299989094,0.825255219,0.87291161,0.844032384,0.823102679,0.84947479,0.833578432,0.851029426,0.817745559,0.765681327,0.736763785,0.745,0.689777328,0.695403727,0.721399595,0.86533601,-2,0.738006643,0.63282004,0.62088558,0.696669726,0.796981762,0.788255382,0.827732724,0.759244199,0.809058158,0.838289839,0.837033631,0.815394203,0.878028986,0.783871795,0.778571429,0.803796522,0.82018331,0.802333951,0.808220216,0.794441808,-2,0.654088051,0.881406728,0.694994002,0.859113161,0.852026307,-2,-2,0.847422388,0.375,-2,0.65234393,0.382882883,0.585459267,0.823782611GRD,0.231083394,0.623554352,0.936065574,0.782522192,0.931413742,0.89494803,0.921301099,0.914818549,0.957662898,0.911608187,-2,0.928536196,0.94542909,0.926079735,0.959361702,0.892945338,0.941666667,0.895185451,0.908588128,0.910617552,0.880983034,0.880640032,0.877578719,0.906509178,0.896605778,0.937798046,0.941479077,0.914413346,0.911693549,0.891339552,0.918827747,0.898259417,0.879750347,0.691538741,0.834029614,0.499973965,0.667266881,0.601209678,0.576612903,0.605435121,0.528642103,0.702550295,0.621870968,-2,0.659403161,0.678690995,0.634959038,0.600537641,0.623337723,0.656854839,0.619775007,0.657056452,0.649895972,0.614516129,0.64477144,0.719806452,0.633065218,-2,0.673701299,0.66885965,0.887784091,0.774369059,0.644830348,0.625128519,0.776777136,0.612225084,0.62665292,0.610201779,0.624425141,0.622356014,0.595919855,0.610718574,0.748118688,0.77405914,0.714806932,0.566090925,0.76297026,0.621564153,0.667857329,0.632844104,0.63646795,0.638370119,0.925624675,0.915476191,0.912212273,0.744240531,0.91682533,0.898134676,0.905830281,0.890747241,0.892972962,0.88990313,0.867603468,0.898248588,0.895002358,0.896146045,0.897908182,0.864962697,0.878072197,0.892139989,0.862039171,0.899546464,0.913100169,0.906204239,0.886939436,0.808448078,0.85943828,0.87122532,0.852079389,0.885915826,0.858095239,0.470588236,0.913715409,0.88966167,0.821891333,0.856031609,0.900297286,0.893324922,0.858838892,0.867222277,0.867786328,0.861497087,0.886567881,0.907715543,0.888556278,0.947883364,0.881325967,0.86757133,0.975961539,0.875394145,0.875722915,0.903323303,0.837331515,0.838935056,-2,0.839624475,0.658553809,0.420212766,0.888935196,0.82158115,0.866716642,0.885833334,0.256847644,0.875494397,0.923661852,0.89862783,0.892434211,0.901131347,0.902083334,0.903785669,0.869645417,0.810271836,0.720323004,0.760813672,0.66287228,0.725811187,0.787332974,0.893173516,-2,0.81606227,0.682939569,0.631184525,0.765293196,0.863923396,0.852486494,0.893526059,0.819450824,0.885647123,0.901642384,0.906764289,0.892610205,0.919757944,0.85174967,0.840672963,0.879600569,0.88389657,0.883064516,0.877298702,0.863368078,-2,0.669439114,0.890227273,0.717139526,0.874534162,0.852084551,-2,-2,0.868814193,0.411111111,-2,0.608278146,0.375968992,0.555311355,0.80716408LCA,0.213000288,0.605067339,0.910982303,0.822683252,0.929028202,0.862043118,0.915700142,0.920721859,0.909510196,0.895584084,0.928536196,-2,0.95308642,0.938054903,0.968537415,0.904062723,0.923214286,0.864721646,0.906567015,0.901290941,0.876465099,0.877425162,0.891483265,0.914469885,0.913361822,0.939040507,0.948376443,0.908071144,0.900766046,0.88817839,0.922681388,0.863802978,0.892336071,0.675023652,0.832090345,0.492966147,0.646191834,0.584617607,0.570340212,0.594003034,0.515388258,0.685664813,0.60917931,-2,0.635791617,0.639095388,0.615026333,0.583521863,0.598734295,0.638682078,0.60222507,0.613880236,0.605315421,0.599487986,0.630527141,0.733085809,0.631795917,-2,0.644270834,0.630129319,0.837183958,0.757862817,0.617899101,0.609669588,0.78397821,0.588958334,0.61374729,0.587070078,0.615182274,0.591471384,0.573849083,0.597401203,0.744895562,0.759877623,0.703647417,0.533256529,0.790637085,0.600603694,0.638844475,0.619946881,0.620016194,0.616411424,0.951135105,0.832692308,0.916459677,0.671717172,0.911067699,0.932087696,0.923903509,0.921392219,0.914506343,0.912914439,0.866141688,0.920479853,0.925441826,0.893956044,0.906141952,0.890261762,0.903247549,0.907127193,0.882916667,0.909499358,0.908459036,0.919452559,0.898233357,0.844734474,0.899132533,0.881894668,0.889275535,0.904996838,0.838112777,0.4609375,0.935085762,0.885256032,0.854514428,0.881992415,0.920137208,0.898311324,0.883732567,0.905510019,0.90779703,0.898939394,0.903469641,0.920727104,0.870964843,0.941822668,0.868528951,0.88446202,0.968531469,0.893382353,0.897486409,0.926147957,0.866269842,0.871354167,-2,0.867268325,0.677130092,0.421276596,0.914966854,0.852534933,0.89060526,0.911628545,0.233579075,0.893901008,0.940694056,0.909313911,0.915265831,0.926204687,0.928105767,0.931477331,0.891601799,0.799635506,0.729114765,0.741666667,0.6575,0.713143607,0.818767078,0.884882643,-2,0.850319142,0.679461895,0.622537564,0.799508884,0.870354239,0.875551471,0.91693038,0.861843922,0.906690213,0.913670016,0.926492405,0.916390932,0.936847807,0.88781299,0.871151377,0.902244725,0.90285168,0.904583449,0.906224385,0.892121007,-2,0.64330812,0.906788733,0.687748682,0.888291855,0.845313837,-2,-2,0.872377098,0.4,-2,0.563986916,0.337121212,0.503150609,0.790587477VCT,0.268562794,0.611286539,0.943646027,0.754989807,0.934185533,0.901583571,0.924422159,0.902854351,0.952290765,0.921153846,0.94542909,0.95308642,-2,0.9466153,0.961016697,0.883647518,0.948629603,0.889240507,0.889351852,0.907605634,0.906687446,0.894215149,0.884418902,0.886279049,0.893942477,0.920055081,0.940598172,0.904605864,0.906017251,0.873592457,0.925229712,0.871752349,0.87804738,0.703291604,0.848316443,0.53128608,0.676996104,0.609308854,0.614447168,0.615583273,0.549817796,0.710506845,0.653698894,-2,0.64989926,0.632996633,0.628801014,0.607463835,0.616190607,0.664614131,0.628534825,0.63104848,0.613660844,0.615695352,0.677077524,0.713016023,0.640997352,-2,0.648148149,0.626470588,0.936619719,0.736013986,0.63185263,0.652740642,0.742095328,0.614071321,0.613731656,0.59940029,0.618382186,0.613226108,0.617757937,0.616825986,0.745719564,0.766546374,0.68666955,0.587980769,0.74124713,0.620488993,0.667707958,0.629004143,0.630898142,0.630826523,0.916080563,0.906746032,0.880889798,0.685606061,0.890354437,0.88392003,0.897466621,0.890099561,0.878959276,0.864268012,0.842618252,0.876819779,0.878846154,0.869270834,0.890846405,0.845524691,0.862967094,0.878945375,0.845545598,0.868568958,0.91308204,0.881751757,0.880532213,0.795416667,0.851045401,0.85250802,0.83289848,0.862614379,0.830163044,0.440677966,0.897526457,0.871766498,0.812354312,0.849797844,0.879554351,0.888738332,0.848434584,0.901300409,0.855957833,0.854629116,0.880292135,0.897039489,0.875723678,0.919996851,0.827038627,0.849725275,0.957174279,0.847131473,0.841494702,0.883488806,0.817197452,0.848339719,-2,0.817252716,0.597242647,0.408119658,0.863580827,0.791164193,0.834075463,0.867295537,0.275962237,0.853813456,0.902604982,0.880561949,0.872156749,0.887432188,0.88100214,0.885685535,0.858697385,0.795555556,0.732072498,0.722184066,0.681349206,0.694045035,0.745211446,0.897722458,-2,0.785121339,0.643827161,0.638273638,0.690765617,0.830238994,0.809782609,0.875639386,0.794448601,0.866715003,0.887207799,0.879587078,0.891600669,0.929695735,0.841534392,0.818749176,0.871910287,0.866042056,0.867896696,0.865824908,0.854803592,-2,0.675049621,0.890458782,0.718454975,0.876905379,0.896698113,-2,-2,0.89618205,0.431818182,-2,0.6371498,0.572463769,0.582345035,0.864353149ATG,0.232129855,0.604586694,0.937274264,0.773150845,0.919969353,0.878167148,0.920736418,0.918344594,0.943721731,0.90726504,0.926079735,0.938054903,0.9466153,-2,0.944727891,0.884365016,0.944869615,0.859784152,0.890172943,0.906818064,0.878304212,0.869799499,0.894382374,0.889724082,0.896425728,0.928397214,0.921670681,0.886236099,0.899406628,0.875786228,0.900280407,0.868323174,0.880678997,0.686870942,0.834057896,0.498412217,0.651722757,0.587297481,0.568682375,0.593447581,0.513014509,0.660479323,0.612679713,-2,0.630733177,0.625947665,0.617619752,0.587859021,0.606639233,0.642893145,0.604868895,0.625979624,0.615064103,0.603174362,0.639420178,0.736419815,0.63516124,-2,0.658369229,0.633496531,0.828289937,0.743983209,0.631017917,0.608245112,0.762105631,0.592471384,0.620343138,0.59002743,0.62417838,0.601585295,0.582857048,0.601184257,0.754415843,0.767053305,0.683624801,0.544685991,0.766044457,0.60952621,0.649092742,0.618667763,0.623790323,0.619998989,0.915875396,0.88125,0.898038937,0.78477428,0.903890981,0.885531382,0.893792267,0.893009499,0.873145362,0.874553966,0.852025458,0.879032445,0.883830833,0.876492195,0.877254203,0.858458209,0.873541571,0.881592947,0.858307486,0.898049249,0.9144427,0.883760684,0.868828617,0.795977012,0.852065094,0.851993391,0.847297873,0.850531157,0.832642487,0.451219512,0.901720489,0.883723971,0.856001305,0.861044382,0.892133205,0.879488991,0.854968365,0.901248719,0.858167385,0.862402077,0.844880174,0.913448681,0.857814208,0.932298696,0.856877606,0.865051792,0.969387755,0.855606001,0.857281641,0.888444197,0.823786827,0.83285897,-2,0.824659832,0.646774194,0.396634616,0.872189374,0.816532396,0.844037801,0.870072876,0.233311285,0.862009276,0.904218427,0.883941932,0.881688964,0.892303529,0.889077127,0.888023837,0.858153252,0.789878988,0.711839286,0.760413108,0.648900604,0.719010519,0.779487983,0.88738264,-2,0.800082721,0.675452433,0.626137743,0.748011364,0.856458715,0.835376357,0.883438819,0.817672253,0.872757048,0.895153882,0.893963293,0.893437023,0.921798868,0.850537167,0.833597774,0.873387739,0.886365446,0.868959221,0.871209838,0.849971688,-2,0.655393145,0.877517351,0.696212964,0.875260917,0.842028986,-2,-2,0.856633587,0.397727273,-2,0.572602295,0.329457364,0.516940683,0.799080891KNA,0.239308011,0.594462921,0.937262968,0.769201463,0.933895156,0.869779973,0.934389405,0.914556581,0.928831307,0.921662246,0.959361702,0.968537415,0.961016697,0.944727891,-2,0.891209045,0.945724258,0.885707378,0.902173913,0.910744681,0.885620915,0.885077663,0.909013606,0.915700371,0.906836735,0.933938048,0.950195567,0.900402892,0.910540289,0.888979592,0.92899338,0.88642794,0.874372904,0.704227201,0.852990033,0.503843784,0.653207199,0.58272938,0.582952147,0.586848708,0.528836974,0.633362872,0.625830312,-2,0.633708656,0.635773367,0.611904557,0.585267451,0.597351658,0.640606203,0.603944773,0.642305571,0.654261705,0.598580812,0.63415751,0.735,0.64181558,-2,0.635204082,0.630675587,0.936363637,0.767857143,0.62125163,0.624166064,0.747562875,0.589452249,0.609831498,0.583900227,0.613675239,0.581679959,0.581125558,0.583260298,0.748608535,0.768097216,0.696269842,0.609935674,0.767536623,0.601216524,0.657199953,0.616707257,0.617451427,0.615371004,0.931901726,0.91010101,0.908972733,0.83125,0.904001799,0.907867495,0.909591643,0.907054492,0.899129465,0.892048354,0.860969388,0.900134953,0.91684492,0.885217664,0.896814061,0.860920606,0.888769394,0.906609196,0.864183674,0.89069817,0.92085327,0.907954011,0.894410554,0.85016835,0.86479461,0.88216645,0.845816327,0.892213115,0.84814433,0.431818182,0.920807454,0.889485778,0.86940837,0.869841858,0.91362621,0.876456764,0.849009324,0.906909828,0.872179921,0.859693244,0.867580722,0.917540793,0.879210221,0.936212695,0.862024854,0.868250377,0.972527473,0.869942655,0.86491982,0.90454341,0.827864361,0.843827775,-2,0.828627559,0.630429522,0.404458599,0.887140017,0.823635634,0.867813268,0.889953029,0.274358974,0.876348626,0.93176832,0.90758514,0.904953561,0.906619823,0.912667105,0.917596703,0.864761558,0.825044603,0.699278268,0.766351119,0.701964702,0.715688831,0.771815325,0.930584193,-2,0.805353431,0.667394126,0.613235895,0.723086177,0.882993271,0.844502391,0.897233085,0.814406361,0.88238348,0.91962406,0.91785979,0.910125292,0.941522763,0.857726013,0.840447505,0.885944536,0.896426626,0.88192001,0.890422078,0.857808858,-2,0.670561293,0.90316092,0.706749942,0.891085926,0.869354556,-2,-2,0.905926501,0.411764706,-2,0.61409655,0.676470588,0.568568895,0.823250659MEX,0.206548273,0.602083827,0.890213592,0.841082622,0.937517123,0.852998898,0.902539479,0.899339093,0.903890363,0.854434723,0.892945338,0.904062723,0.883647518,0.884365016,0.891209045,-2,0.90717372,0.866991342,0.90207298,0.899261335,0.882152843,0.861994181,0.850187707,0.921903484,0.923629308,0.938185892,0.916025833,0.915713132,0.892982675,0.917581334,0.893627518,0.860054745,0.907149341,0.663553398,0.835478616,0.493676175,0.64002118,0.581169898,0.567798624,0.590238407,0.528048812,0.667313111,0.606600295,-2,0.634612225,0.621972492,0.610643484,0.578937237,0.595803041,0.622486034,0.587522511,0.61197479,0.605392157,0.594183372,0.627505331,0.731066742,0.591684435,-2,0.615298814,0.596220055,0.879583334,0.742177914,0.59804177,0.620231428,0.783808069,0.581828518,0.584791126,0.581150275,0.581746308,0.584407405,0.558125663,0.583420608,0.737237163,0.741228992,0.676261468,0.517108911,0.764705882,0.604722307,0.641963257,0.606304986,0.611980167,0.607375632,0.922337563,0.891098485,0.896581197,0.686910378,0.896421846,0.907375096,0.90472563,0.907256248,0.897804775,0.894598389,0.8354412,0.902519341,0.902230187,0.849909091,0.88440242,0.880224458,0.896900451,0.873159765,0.870913346,0.883799172,0.876267281,0.898740138,0.848011203,0.800437446,0.882194532,0.858822179,0.873190989,0.876044845,0.791612811,0.492063492,0.915074885,0.876981557,0.824310345,0.890876004,0.893321826,0.891922291,0.899440828,0.893414603,0.889365214,0.892898484,0.875200183,0.933555404,0.851433358,0.926183192,0.876537572,0.874963459,0.936686622,0.882797271,0.910175982,0.909010741,0.876650924,0.874963462,-2,0.874503489,0.669110197,0.434262948,0.915024631,0.873403168,0.896281885,0.893751794,0.224785982,0.91709238,0.935963629,0.904321631,0.894633071,0.910845295,0.907685763,0.909335226,0.884135369,0.728802332,0.666223232,0.719834711,0.581339713,0.698515888,0.832131928,0.881993059,-2,0.856147615,0.680402931,0.620275562,0.803370787,0.842757587,0.862530355,0.890960366,0.865968018,0.889846297,0.896733467,0.886598634,0.891261062,0.885732627,0.886542972,0.888463892,0.890114859,0.880890478,0.886455467,0.886865315,0.889440343,-2,0.6491476,0.866077401,0.692851876,0.894617763,0.82290965,-2,-2,0.824207812,0.385416667,-2,0.541176471,0.420454546,0.483952255,0.762833555BLZ,0.236135376,0.636096778,0.936331179,0.78622521,0.947301339,0.882928974,0.936911315,0.945072964,0.955253515,0.903820817,0.941666667,0.923214286,0.948629603,0.944869615,0.945724258,0.90717372,-2,0.891177518,0.919067079,0.925904893,0.898217619,0.894877077,0.903131991,0.903384458,0.915053797,0.949512195,0.947489494,0.917999008,0.919219518,0.900189553,0.937619048,0.891997606,0.907161367,0.702007195,0.855451714,0.525809532,0.682048539,0.622730515,0.606001468,0.628062406,0.553322884,0.6967028,0.644282023,-2,0.672225914,0.677549655,0.646558298,0.618232298,0.632648653,0.673367295,0.634523835,0.656060111,0.65465524,0.633764375,0.660464135,0.759395288,0.648553676,-2,0.668754756,0.655529656,0.931235431,0.77124183,0.656112553,0.650780126,0.783841667,0.623797598,0.634036004,0.615729167,0.61367971,0.633263326,0.60078678,0.624850925,0.765932664,0.783160173,0.712047706,0.568638028,0.793031144,0.638798602,0.680504205,0.650610351,0.651677975,0.650564784,0.923617712,0.916491597,0.902404303,0.735373182,0.897699215,0.889463262,0.910822421,0.893043478,0.888900221,0.89375,0.846251609,0.893407579,0.891424915,0.879123249,0.901060071,0.872609428,0.882437797,0.886229359,0.868631548,0.900641026,0.938079651,0.892586262,0.862188716,0.794175522,0.866529802,0.86244342,0.858232123,0.862267055,0.8075,0.472727273,0.913924311,0.897856581,0.876550895,0.873190029,0.899660225,0.894716247,0.873940991,0.901595745,0.893159204,0.866179526,0.861403509,0.924442597,0.873561508,0.939523996,0.875112613,0.903772331,0.976377953,0.870268682,0.873256306,0.900987655,0.844177511,0.850144695,-2,0.853453715,0.671878598,0.407488987,0.888094086,0.83240502,0.862962202,0.889450891,0.249511884,0.892131813,0.926100994,0.914146169,0.902741245,0.912759045,0.905843801,0.906423259,0.878119426,0.822321429,0.737628385,0.771928105,0.68508561,0.750898079,0.797157623,0.937480608,-2,0.81022446,0.686804975,0.650290372,0.762609436,0.868352451,0.849650456,0.896750379,0.833382941,0.883869442,0.920248419,0.89736364,0.897222672,0.918222519,0.854771608,0.849148362,0.890006021,0.886945615,0.884087806,0.894211709,0.868862203,-2,0.68559298,0.883961303,0.726514889,0.908141763,0.88640969,-2,-2,0.862257474,0.430232558,-2,0.593409062,0.464285715,0.542477391,0.825605778GTM,0.251601659,0.617445888,0.896018309,0.765306122,0.912994372,0.871190267,0.872053872,0.890640394,0.910628529,0.840960366,0.895185451,0.864721646,0.889240507,0.859784152,0.885707378,0.866991342,0.891177518,-2,0.898960618,0.915561225,0.914203312,0.901118882,0.851673285,0.884664568,0.878127962,0.896877077,0.89039488,0.893527132,0.912389788,0.887725644,0.917747894,0.891861527,0.891847887,0.70935546,0.85735697,0.531818182,0.657012987,0.602662338,0.605428882,0.605995671,0.552287582,0.680396466,0.638420196,-2,0.656718282,0.611432073,0.630482928,0.602619048,0.62631198,0.651715527,0.624489379,0.631666732,0.610943806,0.615238871,0.654698817,0.72387328,0.625103449,-2,0.665284654,0.630686275,0.910256411,0.787545788,0.629651075,0.668809524,0.788923034,0.606401822,0.632520564,0.606876084,0.570261438,0.627612229,0.625714179,0.624320605,0.75616138,0.732367899,0.692194404,0.606416383,0.761344425,0.617619048,0.66030303,0.63157081,0.629155844,0.630248369,0.895176572,0.902083334,0.883702214,0.797885572,0.907371767,0.880348779,0.897104797,0.867003367,0.890770741,0.883430742,0.818439916,0.868984863,0.878507653,0.886125942,0.887997489,0.838345402,0.85577325,0.856930272,0.850957776,0.89250014,0.900197629,0.87505959,0.831993198,0.784368192,0.849495995,0.850101139,0.833378706,0.864471651,0.823784722,0.481132076,0.898243905,0.876630744,0.870535715,0.839920545,0.886310078,0.858752551,0.855560