1995,USA,CAN,BHS,CUB,HTI,DOM,JAM,TTO,BRB,DMA,GRD,LCA,VCT,ATG,KNA,MEX,BLZ,GTM,HND,SLV,NIC,CRI,PAN,COL,VEN,GUY,SUR,ECU,PER,BRA,BOL,PRY,CHL,ARG,URY,GBR,IRL,NLD,BEL,LUX,FRA,MCO,LIE,CHE,ESP,AND,PRT,DEU,POL,AUT,HUN,CZE,SVK,ITA,SMR,MLT,ALB,MNE,MKD,HRV,SRB,BIH,SVN,GRC,CYP,BGR,MDA,ROU,RUS,EST,LVA,LTU,UKR,BLR,ARM,GEO,AZE,FIN,SWE,NOR,DNK,ISL,CPV,STP,GNB,GNQ,GMB,MLI,SEN,BEN,MRT,NER,CIV,GIN,BFA,LBR,SLE,GHA,TGO,CMR,NGA,GAB,CAF,TCD,COG,COD,UGA,KEN,TZA,BDI,RWA,SOM,DJI,ETH,ERI,AGO,MOZ,ZMB,ZWE,MWI,ZAF,NAM,LSO,BWA,SWZ,MDG,COM,MUS,SYC,MAR,DZA,TUN,LBY,SDN,SSD,IRN,TUR,IRQ,EGY,SYR,LBN,JOR,ISR,SAU,YEM,KWT,BHR,QAT,ARE,OMN,AFG,TKM,TJK,KGZ,UZB,KAZ,CHN,MNG,TWN,PRK,KOR,JPN,IND,BTN,PAK,BGD,MMR,LKA,MDV,NPL,THA,KHM,LAO,VNM,MYS,SGP,BRN,PHL,IDN,TLS,AUS,PNG,NZL,VUT,SLB,KIR,TUV,FJI,TON,NRU,MHL,PLW,FSM,WSMUSA,-2,0.29055212,0.168827161,0.067846154,0.173215411,0.188935905,0.160416667,0.164772749,0.167401501,0.196359792,0.161758376,0.149100202,0.187993955,0.162490898,0.167515607,0.144583791,0.165294763,0.176121161,0.181071154,0.190866057,0.172622779,0.19871897,0.172943816,0.141425069,0.151563422,0.163131177,0.166469359,0.169020198,0.159497279,0.160294118,0.177407186,0.179474741,0.182889827,0.205999374,0.184156474,0.399295532,0.263348859,0.308676471,0.301789693,0.302873587,0.334883897,0.303910843,0.263274336,-2,0.278522018,0.30979028,0.288952155,0.308769393,0.286245869,0.271523168,0.299509476,0.300154028,0.290645624,0.299208019,0.263955224,0.238824902,0.27852612,-2,0.240884408,0.270262946,0.130650685,0.258067485,0.280427277,0.258052536,0.196946358,0.277808989,0.261594499,0.283058042,0.222343079,0.265075033,0.285180276,0.270855806,0.18743264,0.161519608,0.2002062,0.252713816,0.179136635,0.280751354,0.274798847,0.288662055,0.292656369,0.288297253,0.144258003,0.147189923,0.138551507,0.19192217,0.157293272,0.138925438,0.154836446,0.141041809,0.130362057,0.145645498,0.142566936,0.138258059,0.133426474,0.140889923,0.141843056,0.1225,0.13604446,0.130111111,0.130098065,0.132558102,0.125441315,0.116357023,0.14660905,0.127244445,0.130161692,0.135822106,0.114286164,0.128718164,0.178392934,0.02295082,0.142181626,0.134278647,0.184174243,0.130059524,0.146644507,0.158156175,0.124215668,0.173985408,0.193261235,0.127751329,0.170373952,0.157832339,0.162128305,0.153977343,0.122375887,0.163040786,0.162272939,0.151225008,0.125467467,0.142435342,0.109362013,0.116881867,-2,0.12428525,0.246592748,0.039676113,0.142943841,0.086204427,0.108784791,0.131691919,0.503429307,0.142442297,0.1299885,0.166894785,0.141760063,0.144477072,0.144449163,0.142603851,0.141064366,0.213301537,0.208614536,0.187561983,0.262918661,0.197786626,0.096123188,0.18416885,-2,0.048782297,0.20133547,0.249479431,0.087949462,0.129172438,0.129678977,0.144777778,0.097116048,0.13006254,0.154472154,0.145831349,0.140178726,0.178229819,0.083024216,0.078522438,0.139816572,0.151355071,0.135723214,0.138502938,0.12407277,-2,0.248678718,0.156510246,0.240387775,0.178414002,0.209449309,-2,-2,0.172738348,0.0875,-2,0.270195564,0.373863636,0.293275862,0.206191951CAN,0.29055212,-2,0.441173481,0.328860399,0.448483148,0.405792175,0.44622972,0.432333976,0.444604701,0.439067447,0.436488046,0.423547137,0.427900577,0.423210685,0.416124045,0.421458679,0.445267745,0.432212121,0.436219043,0.426030557,0.4332394,0.431669333,0.44900418,0.413443373,0.42661869,0.428395937,0.422075826,0.438212627,0.436943174,0.451233158,0.459546292,0.465410381,0.458411,0.533620838,0.450443999,0.549031605,0.610256557,0.640972724,0.628398693,0.645098039,0.554339719,0.572787595,0.610367331,-2,0.613710061,0.628352314,0.635433007,0.640166151,0.633970588,0.620480092,0.637720183,0.637771815,0.630200861,0.647075618,0.608196517,0.547827604,0.597358182,-2,0.585644887,0.597425733,0.504603041,0.533021473,0.625088288,0.601021505,0.478106492,0.625,0.604445806,0.625318593,0.468776239,0.612339152,0.595519331,0.609144543,0.506031996,0.470323191,0.529758778,0.517386642,0.461833811,0.644147117,0.625512382,0.646755865,0.640312398,0.642894034,0.416281248,0.336201923,0.387875655,0.367747641,0.403749358,0.398680854,0.414776119,0.410287402,0.406017407,0.40025641,0.409958721,0.393593441,0.396393259,0.364753846,0.405653072,0.390517913,0.402343644,0.396438746,0.384399121,0.405417426,0.402990654,0.383758224,0.395345097,0.3136,0.377895523,0.412112422,0.370710059,0.392759749,0.345199627,0.158064516,0.41487294,0.41841629,0.425939394,0.382605013,0.388242642,0.403271605,0.391063414,0.435688872,0.478052535,0.372032961,0.384125181,0.419044606,0.411319592,0.412467268,0.355817145,0.436869214,0.451816488,0.39872549,0.389005817,0.405259287,0.366327119,0.37380615,-2,0.363473167,0.526491154,0.153830645,0.393238199,0.34974348,0.375109987,0.392527615,0.313296569,0.401695747,0.401072977,0.428596127,0.410120404,0.410891265,0.410885573,0.405970081,0.387170773,0.462586116,0.44986697,0.468760331,0.483492823,0.508796446,0.357223734,0.461997646,-2,0.319488038,0.503125,0.594187177,0.338202247,0.36412959,0.374289858,0.400773851,0.366825625,0.385876862,0.421574236,0.404624603,0.408543861,0.41218103,0.362664474,0.355116959,0.402274366,0.429493464,0.396064648,0.397562704,0.383216292,-2,0.598883187,0.422354009,0.598214403,0.441283124,0.49598767,-2,-2,0.416780717,0.291666667,-2,0.461686171,0.373863636,0.424827586,0.502529196BHS,0.168827161,0.441173481,-2,0.53724829,0.65104924,0.63390511,0.643167496,0.646159964,0.676331862,0.628697999,0.655245902,0.637687612,0.660552219,0.656091984,0.656084077,0.623149514,0.655431825,0.627212816,0.633946488,0.644979734,0.628541309,0.623680135,0.612121914,0.619293478,0.628145099,0.650124887,0.641799585,0.632022214,0.641556701,0.625783669,0.64432449,0.627613011,0.625397888,0.489930556,0.597218573,0.363773148,0.471513438,0.429805212,0.420954332,0.434455816,0.37930637,0.487,0.448232828,-2,0.467640609,0.46850743,0.450967833,0.428125,0.442802785,0.471974974,0.443715719,0.455898805,0.454306502,0.440515351,0.463679245,0.525218392,0.455617007,-2,0.474546238,0.470464744,0.615916808,0.543947235,0.461857708,0.455411496,0.544789612,0.432758396,0.440469903,0.433115942,0.440814406,0.442917108,0.427163356,0.436488718,0.538948834,0.54764004,0.481020729,0.410227273,0.540323565,0.44520277,0.475946533,0.451203797,0.452681155,0.451585145,0.636246667,0.622201087,0.61406226,0.560098177,0.632029727,0.611854801,0.616743079,0.610971947,0.601078339,0.604272386,0.587724959,0.606029136,0.606662419,0.611253197,0.621253154,0.596207578,0.598386674,0.60849612,0.596240921,0.610720381,0.608530806,0.6026341,0.596760408,0.55874411,0.594731801,0.592199284,0.584055728,0.601793017,0.574669781,0.328125,0.62523804,0.612945931,0.586616001,0.594111109,0.612736153,0.613944788,0.595860129,0.617234082,0.598998679,0.59316314,0.610884496,0.63280055,0.60482582,0.64660269,0.607157157,0.60991749,0.672895623,0.598079358,0.595595975,0.614464152,0.573368878,0.57763845,-2,0.572797419,0.459548056,0.289558233,0.606118078,0.562812304,0.58593803,0.608052101,0.179895833,0.605935255,0.631150235,0.620969049,0.61603408,0.620936029,0.61661046,0.620758662,0.604097682,0.553976035,0.516309362,0.525644805,0.475386364,0.51470099,0.537708787,0.636819191,-2,0.545843741,0.489767992,0.455008334,0.518945442,0.584310746,0.58028133,0.607949015,0.565086746,0.6022313,0.628504186,0.61234375,0.618757214,0.625180289,0.574463355,0.573345986,0.611851852,0.611144148,0.602605396,0.607060348,0.591990569,-2,0.482344672,0.602274755,0.510628749,0.611452275,0.610738442,-2,-2,0.599010417,0.281521739,-2,0.427128507,0.333333333,0.393089396,0.5759887CUB,0.067846154,0.328860399,0.53724829,-2,0.575820777,0.50011422,0.549951691,0.56432736,0.544953039,0.496957404,0.547765534,0.575878276,0.528492865,0.541205591,0.538441024,0.588757835,0.550357647,0.535714285,0.559169765,0.544287634,0.534791916,0.522820724,0.529394981,0.584080638,0.574795381,0.581494747,0.569589176,0.563660377,0.546258063,0.565981482,0.549647029,0.52007264,0.55374667,0.380113616,0.499289873,0.253307692,0.357384615,0.312846154,0.307122507,0.320002374,0.286333481,0.361886541,0.33379257,-2,0.353919753,0.327274143,0.335541084,0.311923077,0.326793316,0.347240741,0.322235841,0.323184459,0.324238579,0.322839506,0.32046875,0.424056722,0.319472097,-2,0.348432438,0.324177282,0.561053763,0.439193549,0.319715088,0.34712761,0.489429138,0.320305316,0.325378788,0.321421457,0.355618537,0.316004324,0.293031398,0.318424805,0.437653586,0.456134351,0.419874084,0.270149072,0.503328424,0.328541311,0.357578348,0.334979428,0.337834758,0.333625,0.593884159,0.55322042,0.586025049,0.405931373,0.597992857,0.598594329,0.590419279,0.585395045,0.594969327,0.592307263,0.551234909,0.592798203,0.604396201,0.552447238,0.579074017,0.608827403,0.590091038,0.579651163,0.603388156,0.578853887,0.576056338,0.615684734,0.557134072,0.53793422,0.608561383,0.56086507,0.62318207,0.588351255,0.477409503,0.333333333,0.613436692,0.574338883,0.510762855,0.599354206,0.588132181,0.573125,0.620646853,0.542730697,0.543701819,0.612553952,0.551147059,0.582340277,0.525211131,0.61425,0.589872408,0.561415257,0.623915147,0.599233297,0.618792023,0.605507246,0.639943737,0.627672517,-2,0.630606644,0.410373719,0.317276423,0.609789823,0.642298908,0.609121372,0.600894083,0.104048059,0.603899431,0.639202704,0.589487179,0.601674959,0.615795796,0.600317045,0.610965518,0.607682881,0.468166667,0.399332157,0.410823798,0.293237179,0.414124167,0.634390532,0.541987139,-2,0.666023392,0.406798692,0.347,0.613021499,0.56396392,0.618591728,0.608813494,0.651493808,0.616794346,0.585576923,0.584098989,0.581469885,0.561233971,0.646755045,0.670174694,0.604273504,0.563078704,0.610002758,0.598024922,0.639034536,-2,0.365954416,0.549058219,0.396450618,0.552108642,0.473205634,-2,-2,0.514170299,0.258695652,-2,0.299069944,0.1375,0.25687442,0.446969697HTI,0.173215411,0.448483148,0.65104924,0.575820777,-2,0.633784546,0.652392938,0.657731822,0.660669574,0.629091816,0.651989619,0.650319741,0.653929873,0.643978547,0.653726609,0.656261986,0.663110937,0.63909606,0.663986398,0.665174624,0.647159091,0.644003658,0.622874273,0.653458931,0.652629598,0.680271772,0.661251435,0.665008378,0.654428713,0.658106087,0.6581642,0.636470324,0.661820767,0.489480095,0.615417111,0.368808621,0.476466172,0.432529345,0.421189018,0.43749311,0.391241903,0.496778268,0.449416904,-2,0.47307117,0.469023351,0.452662099,0.4340669,0.443840251,0.469382398,0.444655943,0.458230639,0.450757576,0.441439255,0.457115066,0.535259666,0.450361779,-2,0.467270519,0.461574595,0.642948718,0.551957157,0.458868421,0.459794095,0.567053149,0.433849449,0.437818383,0.431422609,0.428748608,0.437377601,0.422333333,0.437022814,0.532219061,0.534621045,0.496738047,0.392665131,0.552727637,0.44716021,0.476967675,0.453025641,0.457006457,0.451447965,0.665074627,0.623913044,0.642466642,0.534087102,0.657330247,0.647536212,0.656723378,0.641905643,0.639106414,0.644981907,0.596591929,0.641856482,0.64269198,0.602442219,0.637337486,0.628753707,0.629996476,0.626291229,0.621258847,0.633523125,0.636904762,0.638451575,0.611644759,0.566801471,0.625872958,0.613409125,0.614060156,0.623248037,0.605833761,0.337037037,0.662176221,0.62820911,0.608723048,0.634385363,0.634923317,0.645529625,0.633189083,0.637717142,0.639798235,0.628463978,0.63321256,0.665636209,0.61342138,0.673212394,0.633695815,0.643586483,0.6890625,0.631795046,0.637180721,0.651027701,0.614044796,0.623297217,-2,0.613195578,0.489311793,0.308370044,0.639171066,0.603715263,0.623044872,0.637244311,0.17927272,0.642960646,0.675921053,0.65483824,0.641016997,0.655836149,0.648599853,0.657256935,0.643261684,0.561568628,0.507269411,0.53391947,0.444439317,0.522173772,0.575151127,0.64733391,-2,0.590504233,0.494078712,0.457136228,0.55233234,0.611659091,0.61350654,0.642672565,0.604020537,0.629212136,0.646792974,0.643955192,0.637388372,0.640764023,0.619025438,0.617229455,0.636729588,0.629760215,0.636236937,0.630974043,0.632969959,-2,0.483561698,0.622546296,0.513970472,0.648809196,0.610606877,-2,-2,0.5958656,0.309302326,-2,0.417686627,0.235984848,0.370691824,0.577380952DOM,0.188935905,0.405792175,0.63390511,0.50011422,0.633784546,-2,0.614215686,0.609059212,0.626709988,0.632596545,0.626463621,0.603430183,0.631108499,0.614717003,0.608845981,0.597099229,0.618050282,0.609833187,0.617074479,0.618477739,0.614903191,0.642963753,0.59138756,0.580410162,0.609259259,0.618780918,0.594470497,0.616830231,0.607828442,0.599497315,0.623286659,0.614284674,0.609756703,0.497484277,0.617903374,0.315621532,0.436179245,0.386514983,0.389088513,0.389088513,0.336239767,0.485227273,0.422884295,-2,0.413310622,0.382391304,0.414639857,0.388165927,0.401372652,0.429682297,0.397022901,0.418993493,0.402152783,0.398360399,0.443600478,0.469259259,0.38883037,-2,0.478522878,0.441322816,0.596475291,0.460851393,0.433417588,0.413265931,0.481810357,0.393499328,0.413722927,0.389610876,0.446470589,0.401130158,0.399623638,0.401666666,0.507110735,0.523582089,0.469303948,0.372535714,0.477403246,0.398460045,0.428565483,0.408559933,0.41443535,0.406348039,0.60514572,0.548833955,0.586318984,0.289568345,0.610937865,0.578030303,0.582364341,0.59854063,0.566730769,0.564727669,0.570312031,0.582582721,0.568774548,0.549181818,0.57171659,0.57519084,0.582798054,0.581840659,0.566508936,0.589814815,0.59899447,0.564974533,0.588915471,0.56377169,0.55960379,0.583508539,0.545581761,0.554152688,0.565738866,0.29,0.60035251,0.569403954,0.404271357,0.574056795,0.587501037,0.599362163,0.559050769,0.618257576,0.296919431,0.559901116,0.582034314,0.595970023,0.594327455,0.611603272,0.565329445,0.58451079,0.65625,0.568954866,0.562971698,0.58361244,0.538603426,0.549373169,-2,0.549019608,0.40242941,0.252325582,0.573594114,0.520130933,0.552261905,0.569895974,0.222456375,0.586065789,0.603801987,0.59638801,0.586927605,0.595880495,0.587107843,0.595489165,0.582251908,0.565912519,0.546736842,0.506097561,0.203546099,0.468700265,0.484448703,0.574264706,-2,0.519861739,0.42467659,0.42176748,0.486624738,0.5359375,0.538138686,0.572754071,0.536754717,0.561802782,0.584505312,0.590870647,0.568485142,0.604475362,0.52770793,0.53006734,0.552487605,0.571901253,0.557865884,0.561446078,0.55629902,-2,0.455757492,0.616960784,0.479518051,0.594468124,0.593063926,-2,-2,0.590521706,0.289130435,-2,0.44327325,0.127272727,0.386465249,0.567240854JAM,0.160416667,0.44622972,0.643167496,0.549951691,0.652392938,0.614215686,-2,0.640872188,0.646805037,0.628436348,0.644910769,0.640990099,0.647095511,0.644515492,0.654072583,0.631777635,0.655837921,0.61043771,0.643799887,0.637497115,0.627900666,0.628754285,0.626640867,0.633404934,0.639763266,0.652889722,0.646939587,0.631878363,0.645658537,0.626045697,0.640558614,0.624207004,0.629402054,0.490066288,0.596558553,0.364583333,0.470699957,0.428164289,0.419649208,0.435657887,0.383271032,0.469396584,0.44869976,-2,0.465371132,0.453649028,0.451439299,0.427623106,0.437851064,0.468125,0.441028962,0.45172485,0.456345558,0.438594052,0.46027629,0.520259289,0.450772311,-2,0.480234568,0.450809062,0.616552631,0.534132997,0.450024871,0.459202042,0.54076528,0.430796759,0.452747409,0.433811504,0.434535908,0.43789886,0.421992863,0.439454699,0.549018189,0.548935597,0.493651082,0.404804292,0.540324324,0.444961799,0.4707168,0.448501489,0.449066014,0.446975087,0.642956474,0.588636364,0.632476923,0.539445755,0.621992111,0.62480978,0.629640785,0.617624454,0.618002607,0.618020274,0.599776947,0.6283098,0.628218184,0.614536364,0.61725257,0.606497029,0.623593712,0.632426771,0.608890779,0.628067956,0.644654206,0.619668574,0.616214178,0.573748907,0.617951505,0.61421972,0.607127985,0.620666226,0.589951923,0.3171875,0.630875242,0.637164098,0.628498637,0.619637827,0.63054395,0.628672918,0.609487905,0.618813726,0.610989927,0.614871542,0.610098039,0.651041186,0.613226197,0.657186868,0.611496089,0.6131262,0.665791544,0.602212791,0.60411487,0.624760981,0.582639918,0.586537895,-2,0.584656863,0.465859955,0.287903226,0.615401885,0.577545005,0.598003238,0.609346197,0.165153846,0.611327026,0.641802944,0.623383291,0.617139565,0.628833149,0.624403283,0.623181818,0.599160757,0.564013762,0.509089815,0.534039391,0.445279765,0.516513371,0.556630163,0.641683392,-2,0.562228856,0.489097195,0.458680573,0.535829787,0.603776114,0.588053234,0.620478261,0.581254294,0.620663861,0.625346512,0.625512346,0.623459292,0.634142167,0.597263357,0.588879173,0.613433632,0.624363788,0.613858093,0.627636215,0.602686873,-2,0.478994334,0.615791751,0.508368995,0.62033179,0.603815842,-2,-2,0.607699365,0.308333333,-2,0.420871756,0.389772727,0.38034829,0.573937233TTO,0.164772749,0.432333976,0.646159964,0.56432736,0.657731822,0.609059212,0.640872188,-2,0.652827389,0.615423683,0.640372984,0.644505301,0.631998046,0.642841216,0.640189606,0.629537365,0.661551074,0.623448276,0.64368058,0.641990884,0.626644398,0.620288568,0.61789993,0.632328636,0.648182606,0.662511963,0.654670489,0.639165795,0.642191008,0.633930239,0.646150429,0.608959416,0.641577565,0.465671478,0.583278491,0.348576585,0.449549167,0.4125473,0.401767374,0.417632786,0.363401131,0.467634972,0.426602464,-2,0.442707258,0.441011314,0.429676405,0.41003343,0.421715686,0.449441601,0.423244207,0.430516114,0.433178692,0.420875017,0.429655702,0.520081812,0.433561998,-2,0.453149795,0.44975,0.623245614,0.544688015,0.434695425,0.436854986,0.554943281,0.412805154,0.429164526,0.418640987,0.407907347,0.418506392,0.406480018,0.418821348,0.528222506,0.529605263,0.480348947,0.382134872,0.551043538,0.424775643,0.452981453,0.441858127,0.433417536,0.429999041,0.640193427,0.650681818,0.63693078,0.53392965,0.638162415,0.628807295,0.643260726,0.619444167,0.624841769,0.633966797,0.590616753,0.640036017,0.639173477,0.611437888,0.630560736,0.626536681,0.622148263,0.621244979,0.618210447,0.631894347,0.613251841,0.636636852,0.598761079,0.565665116,0.620016149,0.60334174,0.615383703,0.61144075,0.578576923,0.34453125,0.651547897,0.63916957,0.615089189,0.624767157,0.637727229,0.630994152,0.627075528,0.634282959,0.625032672,0.620963182,0.606037594,0.654838492,0.588268424,0.658733182,0.615005603,0.643844716,0.674538784,0.622559661,0.620073482,0.642196661,0.599323529,0.60412526,-2,0.598507602,0.473892433,0.306066945,0.625917904,0.593769542,0.610677083,0.632274553,0.178349282,0.630883766,0.664344874,0.646905997,0.638399431,0.644496907,0.640318439,0.643511649,0.617483721,0.55039857,0.504270038,0.522922288,0.449373041,0.509789347,0.567798574,0.641586396,-2,0.574774694,0.477831284,0.432458045,0.550450278,0.61609261,0.599653179,0.634042357,0.598421529,0.632919642,0.651924142,0.643477167,0.634475703,0.637849162,0.612469779,0.603407306,0.629444095,0.63966197,0.623265973,0.63576659,0.611862848,-2,0.45958253,0.603889616,0.486081099,0.636044039,0.597108014,-2,-2,0.575298567,0.268333333,-2,0.412192042,0.310227273,0.378569379,0.548482155BRB,0.167401501,0.444604701,0.676331862,0.544953039,0.660669574,0.626709988,0.646805037,0.652827389,-2,0.637763678,0.670364029,0.636657137,0.666603536,0.660605212,0.650181915,0.632723254,0.66867746,0.63743997,0.63579978,0.651735235,0.632941097,0.630370565,0.612840499,0.626558701,0.635747088,0.654307363,0.651442356,0.646847367,0.638091089,0.630966198,0.648649051,0.630748904,0.630474113,0.490836247,0.599659091,0.3609375,0.468693634,0.429157177,0.415699245,0.431497856,0.381725006,0.506258665,0.44134383,-2,0.46691632,0.465310078,0.446167907,0.425814637,0.442752863,0.463321722,0.440959194,0.459970126,0.446810078,0.437742138,0.464060804,0.529009001,0.447865767,-2,0.481589274,0.455943448,0.617680921,0.526272727,0.457019231,0.453164643,0.546019098,0.430082337,0.441524591,0.427461852,0.429513873,0.447684437,0.430047208,0.44271675,0.535221754,0.540501799,0.481559656,0.388266667,0.534461451,0.444043804,0.468162393,0.454135979,0.449652778,0.44936752,0.638231284,0.640460526,0.617099065,0.541449298,0.637501462,0.61958677,0.627039627,0.619102407,0.610102556,0.610789116,0.59244106,0.611461022,0.616329995,0.613157895,0.622808493,0.596783217,0.608660663,0.617615281,0.603611183,0.62418174,0.613117647,0.606864858,0.601347691,0.549137931,0.596313045,0.60445435,0.590723576,0.60355938,0.57302821,0.328125,0.629540048,0.623189419,0.583787439,0.604184335,0.620475609,0.620844105,0.605757232,0.616885954,0.613836259,0.598986486,0.61557098,0.635274894,0.618661196,0.651746862,0.612033333,0.613547709,0.669337607,0.604426392,0.606135291,0.623476874,0.58391717,0.591106339,-2,0.59032494,0.460368019,0.295595855,0.61508536,0.574154104,0.595772848,0.613700835,0.172843161,0.613066235,0.638547192,0.627915551,0.620834972,0.628866279,0.621609532,0.625901077,0.612896232,0.563718324,0.525592646,0.534090909,0.442546584,0.520973075,0.546238407,0.645322705,-2,0.561262933,0.479458042,0.452356942,0.535981781,0.596804332,0.588885379,0.617361111,0.570705128,0.608076706,0.63434198,0.621503497,0.625857455,0.630225599,0.588227621,0.586070999,0.618785125,0.614989463,0.612451167,0.610956113,0.603905891,-2,0.472743055,0.612669683,0.506489483,0.629924243,0.608489583,-2,-2,0.606914063,0.282978723,-2,0.439623128,0.345731707,0.40253585,0.575919733DMA,0.196359792,0.439067447,0.628697999,0.496957404,0.629091816,0.632596545,0.628436348,0.615423683,0.637763678,-2,0.638125731,0.626908859,0.644807692,0.635085528,0.645163572,0.598104306,0.632674572,0.588672256,0.614991838,0.63045864,0.608545575,0.62109625,0.596141288,0.595646338,0.601715702,0.627430861,0.615031849,0.620048676,0.608442854,0.595360511,0.625517043,0.611832842,0.597607953,0.474980333,0.593390805,0.341475819,0.447902728,0.410458686,0.398402225,0.416432444,0.356405249,0.458507158,0.427589436,-2,0.43457419,0.441714837,0.430384993,0.41247018,0.422525836,0.452335719,0.43129458,0.445279146,0.432526374,0.424479988,0.478043151,0.49150523,0.446732207,-2,0.460093832,0.459914939,0.599152542,0.489344986,0.443482513,0.418128064,0.494498569,0.420433745,0.438838475,0.413530662,0.457637692,0.425457491,0.394651759,0.418952152,0.492436839,0.501049185,0.481212121,0.377069717,0.497054974,0.419073954,0.44774344,0.434683908,0.431021471,0.432562696,0.595144173,0.579480123,0.589624458,0.421779661,0.590759076,0.587972973,0.580958248,0.588854258,0.55710214,0.578036113,0.586969384,0.57919039,0.569542436,0.57479502,0.572303921,0.566825441,0.567451705,0.5840833,0.562254025,0.594672227,0.658,0.565423099,0.583088235,0.534811213,0.554638214,0.579991528,0.553356368,0.544955157,0.551156915,0.238,0.597530121,0.58887808,0.568178411,0.572822067,0.577796804,0.596210973,0.563958347,0.578054247,0.586124093,0.559397296,0.574231289,0.605091865,0.592228334,0.615995025,0.552020726,0.581545827,0.647807018,0.562914579,0.56020115,0.585759028,0.540130942,0.548222193,-2,0.542169261,0.428106429,0.255699482,0.573830265,0.531937494,0.563728231,0.568258336,0.209992366,0.577678653,0.611038127,0.590822668,0.576171875,0.594632353,0.583504902,0.595720598,0.572421891,0.535976929,0.515734649,0.5215,0.48284413,0.486782609,0.504979716,0.605735207,-2,0.51660465,0.442974028,0.434619906,0.487668808,0.557887233,0.551778767,0.579412906,0.531470939,0.56634071,0.586802887,0.585923542,0.570775942,0.61462029,0.548710257,0.545,0.562657565,0.574128317,0.561633766,0.565754151,0.556109266,-2,0.457861635,0.61698471,0.486495801,0.601379213,0.596418415,-2,-2,0.593195671,0.2625,-2,0.456640751,0.268018018,0.409821487,0.576647827GRD,0.161758376,0.436488046,0.655245902,0.547765534,0.651989619,0.626463621,0.644910769,0.640372984,0.670364029,0.638125731,-2,0.649975337,0.661800363,0.648255814,0.671553191,0.625061736,0.659166667,0.626629815,0.63601169,0.637432286,0.616688123,0.616448022,0.614305103,0.634556425,0.627624045,0.656458632,0.659035354,0.640089342,0.638185484,0.623937686,0.643179423,0.628781592,0.615825243,0.484077118,0.58382073,0.349981775,0.467086817,0.420846774,0.403629032,0.423804584,0.370049472,0.491785206,0.435309677,-2,0.461582212,0.475083696,0.444471326,0.420376349,0.436336406,0.459798387,0.433842505,0.459939516,0.45492718,0.43016129,0.451340008,0.503864516,0.443145652,-2,0.471590909,0.468201755,0.621448864,0.542058341,0.451381243,0.437589963,0.543743995,0.428557559,0.438657044,0.427141245,0.437097598,0.435649209,0.417143898,0.427503001,0.523683082,0.541841398,0.500364852,0.396263648,0.534079182,0.435094907,0.46750013,0.442990872,0.445527565,0.446859083,0.647937272,0.640833333,0.638548591,0.520968372,0.641777731,0.628694273,0.634081197,0.623523068,0.625081073,0.622932191,0.607322427,0.628774011,0.62650165,0.627302231,0.628535727,0.605473888,0.614650538,0.624497992,0.603427419,0.629682524,0.639170118,0.634342967,0.620857605,0.565913655,0.601606796,0.609857724,0.596455572,0.620141078,0.600666667,0.329411765,0.639600786,0.622763169,0.575323933,0.599222126,0.6302081,0.625327445,0.601187224,0.607055594,0.607450429,0.603047961,0.620597517,0.63540088,0.621989394,0.663518355,0.616928177,0.607299931,0.683173077,0.612775901,0.613006041,0.632326312,0.586132061,0.587254539,-2,0.587737132,0.460987666,0.294148936,0.622254637,0.575106805,0.606701649,0.620083333,0.179793351,0.612846078,0.646563296,0.629039481,0.624703947,0.630791943,0.631458333,0.632649968,0.608751792,0.567190285,0.504226102,0.53256957,0.464010596,0.508067831,0.551133081,0.625221461,-2,0.571243589,0.478057698,0.441829167,0.535705237,0.604746377,0.596740546,0.625468241,0.573615577,0.619952986,0.631149669,0.634735002,0.624827143,0.64383056,0.596224769,0.588471074,0.615720398,0.618727599,0.618145161,0.614109091,0.604357655,-2,0.46860738,0.623159091,0.501997668,0.612173913,0.596459186,-2,-2,0.608169935,0.287777778,-2,0.425794702,0.263178294,0.388717949,0.565014856LCA,0.149100202,0.423547137,0.637687612,0.575878276,0.650319741,0.603430183,0.640990099,0.644505301,0.636657137,0.626908859,0.649975337,-2,0.667160494,0.656638432,0.677976191,0.632843906,0.64625,0.605305152,0.63459691,0.630903659,0.613525569,0.614197613,0.624038286,0.640128919,0.639353275,0.657328355,0.66386351,0.6356498,0.630536232,0.621724873,0.645876972,0.604662085,0.62463525,0.472516556,0.582463242,0.345076303,0.452334284,0.409232325,0.399238148,0.415802124,0.36077178,0.479965369,0.426425517,-2,0.445054132,0.447366771,0.430518433,0.408465304,0.419114006,0.447077455,0.421557549,0.429716165,0.423720794,0.41964159,0.441368999,0.513160066,0.442257142,-2,0.450989583,0.441090523,0.586028771,0.530503972,0.43252937,0.426768711,0.548784747,0.412270833,0.429623103,0.410949054,0.430627591,0.414029968,0.401694358,0.418180842,0.521426893,0.531914336,0.492553192,0.37327957,0.553445959,0.420422586,0.447191132,0.433962817,0.434011336,0.431487997,0.665794574,0.582884615,0.641521774,0.47020202,0.637747389,0.652461387,0.646732456,0.644974553,0.64015444,0.639040107,0.606299182,0.644335897,0.647809278,0.625769231,0.634299366,0.623183233,0.632273284,0.634989035,0.618041667,0.636649551,0.635921325,0.643616791,0.62876335,0.591314131,0.629392773,0.617326268,0.622492875,0.633497786,0.586678944,0.32265625,0.654560033,0.619679222,0.598160099,0.617394691,0.644096045,0.628817927,0.618612797,0.633857013,0.635457921,0.629257576,0.632428748,0.644508972,0.60967539,0.659275867,0.607970266,0.619123414,0.677972028,0.625367647,0.628240486,0.64830357,0.606388889,0.609947917,-2,0.607087828,0.473991064,0.294893617,0.640476797,0.596774453,0.623423682,0.638139982,0.163505352,0.625730706,0.658485839,0.636519738,0.640686081,0.648343281,0.649674037,0.652034131,0.624121259,0.559744854,0.510380336,0.519166667,0.46025,0.499200525,0.573136955,0.61941785,-2,0.595223399,0.475623326,0.435776295,0.559656218,0.609247967,0.612886029,0.641851266,0.603290745,0.634683149,0.639569011,0.648544684,0.641473652,0.655793465,0.621469093,0.609805964,0.631571307,0.631996176,0.633208414,0.63435707,0.624484705,-2,0.450315684,0.634752113,0.481424077,0.621804299,0.591719686,-2,-2,0.610663969,0.28,-2,0.394790841,0.235984848,0.352205426,0.553411234VCT,0.187993955,0.427900577,0.660552219,0.528492865,0.653929873,0.631108499,0.647095511,0.631998046,0.666603536,0.644807692,0.661800363,0.667160494,-2,0.66263071,0.672711688,0.618553263,0.664040722,0.622468355,0.622546296,0.635323944,0.634681212,0.625950604,0.619093231,0.620395334,0.625759734,0.644038556,0.65841872,0.633224105,0.634212075,0.61151472,0.647660798,0.610226644,0.614633166,0.492304122,0.59382151,0.371900256,0.473897273,0.426516197,0.430113018,0.430908291,0.384872457,0.497354791,0.457589225,-2,0.454929482,0.443097643,0.440160709,0.425224685,0.431333425,0.465229891,0.439974377,0.441733936,0.42956259,0.430986746,0.473954266,0.499111216,0.448698146,-2,0.453703704,0.438529412,0.655633803,0.51520979,0.442296841,0.456918449,0.51946673,0.429849924,0.429612159,0.419580203,0.43286753,0.429258276,0.432430556,0.43177819,0.522003694,0.536582461,0.480668685,0.411586538,0.518872991,0.434342295,0.46739557,0.4403029,0.441628699,0.441578566,0.641256394,0.634722222,0.616622858,0.479924242,0.623248106,0.618744021,0.628226635,0.623069693,0.615271493,0.604987608,0.589832776,0.613773845,0.615192308,0.608489583,0.623592483,0.591867284,0.604076966,0.615261762,0.591881919,0.607998271,0.639157428,0.61722623,0.616372549,0.556791667,0.59573178,0.596755614,0.583028936,0.603830065,0.58111413,0.308474576,0.62826852,0.610236548,0.568648018,0.59485849,0.615688046,0.622116832,0.593904209,0.630910286,0.599170483,0.598240381,0.616204495,0.627927642,0.613006574,0.643997796,0.578927039,0.594807692,0.670021995,0.592992031,0.589046291,0.618442164,0.572038216,0.593837803,-2,0.572076901,0.418069853,0.285683761,0.604506579,0.553814935,0.583852824,0.607106876,0.193173566,0.597669419,0.631823487,0.616393364,0.610509724,0.621202532,0.616701498,0.619979874,0.60108817,0.556888889,0.512450749,0.505528846,0.476944444,0.485831525,0.521648012,0.62840572,-2,0.549584937,0.450679012,0.446791546,0.483535932,0.581167295,0.566847826,0.61294757,0.556114021,0.606700502,0.621045459,0.615710955,0.624120468,0.650787014,0.589074074,0.573124423,0.610337201,0.606229439,0.607527687,0.606077436,0.598362514,-2,0.472534735,0.623321147,0.502918482,0.613833765,0.627688679,-2,-2,0.627327435,0.302272727,-2,0.44600486,0.400724638,0.407641525,0.605047204ATG,0.162490898,0.423210685,0.656091984,0.541205591,0.643978547,0.614717003,0.644515492,0.642841216,0.660605212,0.635085528,0.648255814,0.656638432,0.66263071,-2,0.661309524,0.619055511,0.66140873,0.601848906,0.62312106,0.634772644,0.614812948,0.608859649,0.626067662,0.622806857,0.627498009,0.64987805,0.645169476,0.620365269,0.62958464,0.613050359,0.630196285,0.607826221,0.616475298,0.480809659,0.583840527,0.348888552,0.45620593,0.411108237,0.398077662,0.415413306,0.359110156,0.462335526,0.428875799,-2,0.441513224,0.438163365,0.432333826,0.411501315,0.424647463,0.450025202,0.423408226,0.438185737,0.430544872,0.422222053,0.447594124,0.515493871,0.444612868,-2,0.46085846,0.443447571,0.579802956,0.520788246,0.441712542,0.425771578,0.533473942,0.414729968,0.434240196,0.413019201,0.436924866,0.421109706,0.407999934,0.42082898,0.52809109,0.536937313,0.478537361,0.381280193,0.53623112,0.426668347,0.454364919,0.433067434,0.436653226,0.433999292,0.641112777,0.616875,0.628627256,0.549341996,0.632723687,0.619871967,0.625654587,0.625106649,0.611201753,0.612187776,0.596417821,0.615322711,0.618681583,0.613544537,0.614077942,0.600920746,0.6114791,0.617115063,0.60081524,0.628634474,0.64010989,0.618632479,0.608180032,0.557183908,0.596445565,0.596395374,0.593108511,0.59537181,0.582849741,0.315853658,0.631204342,0.61860678,0.599200914,0.602731067,0.624493244,0.615642294,0.598477855,0.630874103,0.600717169,0.603681454,0.591416122,0.639414077,0.600469945,0.652609087,0.599814324,0.605536254,0.678571429,0.5989242,0.600097149,0.621910938,0.576650779,0.583001279,-2,0.577261882,0.452741936,0.277644231,0.610532561,0.571572677,0.59082646,0.609051013,0.1633179,0.603406493,0.632952899,0.618759352,0.617182274,0.62461247,0.622353989,0.621616686,0.600707276,0.552915292,0.4982875,0.532289176,0.454230423,0.503307363,0.545641588,0.621167848,-2,0.560057905,0.472816703,0.43829642,0.523607954,0.5995211,0.58476345,0.618407173,0.572370577,0.610929934,0.626607717,0.625774305,0.625405916,0.645259208,0.595376017,0.583518442,0.611371417,0.620455812,0.608271455,0.609846887,0.594980182,-2,0.458775202,0.614262145,0.487349075,0.612682642,0.58942029,-2,-2,0.599643511,0.278409091,-2,0.400821607,0.230620155,0.361858478,0.559356623KNA,0.167515607,0.416124045,0.656084077,0.538441024,0.653726609,0.608845981,0.654072583,0.640189606,0.650181915,0.645163572,0.671553191,0.677976191,0.672711688,0.661309524,-2,0.623846332,0.662006981,0.619995164,0.631521739,0.637521277,0.619934641,0.619554364,0.636309524,0.64099026,0.634785714,0.653756634,0.665136897,0.630282024,0.637378202,0.622285714,0.650295366,0.620499558,0.612061032,0.492959041,0.597093023,0.352690649,0.457245039,0.407910566,0.408066503,0.410794096,0.370185881,0.44335401,0.438081218,-2,0.443596059,0.445041357,0.42833319,0.409687216,0.41814616,0.448424342,0.422761341,0.4496139,0.457983194,0.419006568,0.443910257,0.5145,0.449270906,-2,0.444642857,0.441472911,0.655454546,0.5375,0.434876141,0.436916244,0.523294013,0.412616574,0.426882048,0.408730159,0.429572667,0.407175971,0.406787891,0.408282209,0.524025974,0.537668051,0.487388889,0.426954972,0.537275636,0.420851567,0.460039967,0.43169508,0.432215999,0.430759703,0.652331208,0.637070707,0.636280913,0.581875,0.632801259,0.635507247,0.63671415,0.634938144,0.629390625,0.624433847,0.602678572,0.630094467,0.641791444,0.619652364,0.627769842,0.602644424,0.622138576,0.634626437,0.604928571,0.623488719,0.644597289,0.635567807,0.626087388,0.595117845,0.605356227,0.617516515,0.592071429,0.624549181,0.593701031,0.302272727,0.644565217,0.622640045,0.608585859,0.608889301,0.639538347,0.613519735,0.594306527,0.63483688,0.610525945,0.601785271,0.607306505,0.642278555,0.615447155,0.655348886,0.603417397,0.607775264,0.680769231,0.608959858,0.605443874,0.633180387,0.579505053,0.590679443,-2,0.580039291,0.441300665,0.283121019,0.620998012,0.576544944,0.607469288,0.62296712,0.192051282,0.613444038,0.652237824,0.635309598,0.633467492,0.634633876,0.638866974,0.642317692,0.605333091,0.577531222,0.489494788,0.536445783,0.491375291,0.500982182,0.540270728,0.651408935,-2,0.563747401,0.467175888,0.429265126,0.506160324,0.61809529,0.591151673,0.628063159,0.570084453,0.617668436,0.643736842,0.642501853,0.637087704,0.659065934,0.600408209,0.588313253,0.620161175,0.627498638,0.617344007,0.623295455,0.6004662,-2,0.469392905,0.632212644,0.494724959,0.623760148,0.608548189,-2,-2,0.634148551,0.288235294,-2,0.429867585,0.473529412,0.397998226,0.576275461MEX,0.144583791,0.421458679,0.623149514,0.588757835,0.656261986,0.597099229,0.631777635,0.629537365,0.632723254,0.598104306,0.625061736,0.632843906,0.618553263,0.619055511,0.623846332,-2,0.635021604,0.606893939,0.631451086,0.629482935,0.61750699,0.603395926,0.595131395,0.645332438,0.646540515,0.656730124,0.641218083,0.640999192,0.625087873,0.642306934,0.625539263,0.602038322,0.635004539,0.464487379,0.584835031,0.345573322,0.448014826,0.406818929,0.397459036,0.413166885,0.369634168,0.467119178,0.424620207,-2,0.444228557,0.435380744,0.427450439,0.405256066,0.417062128,0.435740223,0.411265758,0.428382353,0.42377451,0.41592836,0.439253731,0.511746719,0.414179105,-2,0.43070917,0.417354039,0.615708333,0.51952454,0.418629239,0.434161999,0.548665648,0.407279963,0.409353788,0.406805193,0.407222416,0.409085183,0.390687964,0.408394425,0.516066014,0.518860294,0.473383027,0.361976237,0.535294117,0.423305615,0.44937428,0.42441349,0.428386117,0.425162942,0.645636294,0.62376894,0.627606838,0.480837264,0.627495292,0.635162567,0.633307941,0.635079373,0.628463342,0.626218872,0.58480884,0.631763539,0.631561131,0.594936364,0.619081694,0.616157121,0.627830316,0.611211835,0.609639342,0.61865942,0.613387097,0.629118097,0.593607842,0.560306212,0.617536172,0.601175525,0.611233692,0.613231392,0.554128967,0.344444444,0.64055242,0.61388709,0.577017242,0.623613203,0.625325278,0.624345603,0.629608579,0.625390222,0.622555649,0.625028938,0.612640128,0.653488783,0.596003351,0.648328234,0.6135763,0.612474421,0.655680635,0.61795809,0.637123187,0.636307519,0.613655646,0.612474423,-2,0.612152442,0.468377138,0.303984064,0.640517241,0.611382218,0.627397319,0.625626256,0.157350187,0.641964666,0.65517454,0.633025142,0.62624315,0.637591707,0.635380034,0.636534658,0.618894758,0.510161632,0.466356262,0.503884297,0.406937799,0.488961122,0.58249235,0.617395141,-2,0.599303331,0.476282051,0.434192893,0.562359551,0.589930311,0.603771248,0.623672256,0.606177612,0.622892408,0.627713427,0.620619043,0.623882743,0.620012839,0.62058008,0.621924724,0.623080401,0.616623334,0.620518827,0.620805721,0.62260824,-2,0.45440332,0.60625418,0.484996313,0.626232434,0.576036755,-2,-2,0.576945468,0.269791667,-2,0.378823529,0.294318182,0.338766578,0.533983488BLZ,0.165294763,0.445267745,0.655431825,0.550357647,0.663110937,0.618050282,0.655837921,0.661551074,0.66867746,0.632674572,0.659166667,0.64625,0.664040722,0.66140873,0.662006981,0.635021604,-2,0.623824262,0.643346955,0.648133425,0.628752333,0.626413954,0.632192394,0.632369121,0.640537658,0.664658537,0.663242645,0.642599306,0.643453663,0.630132687,0.656333334,0.624398324,0.635012957,0.491405037,0.598816199,0.368066672,0.477433977,0.43591136,0.424201027,0.439643684,0.387326019,0.48769196,0.450997416,-2,0.470558139,0.474284758,0.452590809,0.432762608,0.442854057,0.471357107,0.444166684,0.459242077,0.458258668,0.443635063,0.462324895,0.531576702,0.453987573,-2,0.468128329,0.458870759,0.651864802,0.539869281,0.459278787,0.455546088,0.548689167,0.436658318,0.443825202,0.431010417,0.429575797,0.443284328,0.420550746,0.437395647,0.536152864,0.548212121,0.498433394,0.398046619,0.555121801,0.447159021,0.476352944,0.455427246,0.456174583,0.455395349,0.646532398,0.641544118,0.631683012,0.514761227,0.62838945,0.622624283,0.637575695,0.625130435,0.622230155,0.625625,0.592376126,0.625385305,0.62399744,0.615386274,0.630742049,0.610826599,0.617706458,0.620360551,0.608042083,0.630448718,0.656655755,0.624810383,0.603532101,0.555922865,0.606570861,0.603710394,0.600762486,0.603586938,0.56525,0.330909091,0.639747018,0.628499606,0.613585626,0.61123302,0.629762158,0.626301373,0.611758693,0.631117022,0.625211443,0.606325668,0.602982456,0.647109818,0.611493056,0.657666797,0.612578829,0.632640631,0.683464567,0.609188077,0.611279414,0.630691358,0.590924258,0.595101286,-2,0.597417601,0.470315018,0.285242291,0.62166586,0.582683514,0.604073541,0.622615623,0.174658318,0.624492269,0.648270696,0.639902318,0.631918872,0.638931331,0.634090661,0.634496281,0.614683598,0.575625,0.516339869,0.540349673,0.479559927,0.525628655,0.558010336,0.656236426,-2,0.567157122,0.480763483,0.45520326,0.533826605,0.607846715,0.594755319,0.627725265,0.583368058,0.618708609,0.644173893,0.628154548,0.62805587,0.642755763,0.598340126,0.594403853,0.623004214,0.620861931,0.618861464,0.625948196,0.608203542,-2,0.479915086,0.618772912,0.508560422,0.635699234,0.620486783,-2,-2,0.603580232,0.301162791,-2,0.415386343,0.325,0.379734174,0.577924045GTM,0.176121161,0.432212121,0.627212816,0.535714285,0.63909606,0.609833187,0.61043771,0.623448276,0.63743997,0.588672256,0.626629815,0.605305152,0.622468355,0.601848906,0.619995164,0.606893939,0.623824262,-2,0.629272432,0.640892857,0.639942318,0.630783217,0.596171299,0.619265198,0.614689573,0.627813954,0.623276416,0.625468992,0.638672852,0.62140795,0.642423525,0.624303069,0.624293521,0.496548822,0.600149879,0.372272727,0.459909091,0.421863636,0.423800217,0.42419697,0.386601307,0.476277526,0.446894137,-2,0.459702797,0.428002451,0.441338049,0.421833334,0.438418386,0.456200869,0.437142565,0.442166712,0.427660664,0.43066721,0.458289172,0.506711296,0.437572414,-2,0.465699257,0.441480392,0.637179487,0.551282051,0.440755753,0.468166666,0.552246123,0.424481275,0.442764395,0.424813258,0.399183007,0.43932856,0.437999925,0.437024424,0.529312966,0.512657529,0.484536082,0.424491468,0.532941097,0.432333334,0.462212121,0.442099567,0.440409091,0.441173858,0.6266236,0.631458333,0.618591549,0.5585199,0.635160237,0.616244145,0.627973358,0.606902357,0.623539519,0.618401519,0.572907941,0.608289404,0.614955357,0.620288159,0.621598242,0.586841781,0.599041275,0.59985119,0.595670443,0.624750098,0.63013834,0.612541713,0.582395239,0.549057734,0.594647197,0.595070797,0.583365094,0.605130156,0.576649305,0.336792453,0.628770734,0.61364152,0.609375,0.587944381,0.620417055,0.601126785,0.598892643,0.599448768,0.573821549,0.598819996,0.616003672,0.6140