2000,USA,CAN,BHS,CUB,HTI,DOM,JAM,TTO,BRB,DMA,GRD,LCA,VCT,ATG,KNA,MEX,BLZ,GTM,HND,SLV,NIC,CRI,PAN,COL,VEN,GUY,SUR,ECU,PER,BRA,BOL,PRY,CHL,ARG,URY,GBR,IRL,NLD,BEL,LUX,FRA,MCO,LIE,CHE,ESP,AND,PRT,DEU,POL,AUT,HUN,CZE,SVK,ITA,SMR,MLT,ALB,MNE,MKD,HRV,SRB,BIH,SVN,GRC,CYP,BGR,MDA,ROU,RUS,EST,LVA,LTU,UKR,BLR,ARM,GEO,AZE,FIN,SWE,NOR,DNK,ISL,CPV,STP,GNB,GNQ,GMB,MLI,SEN,BEN,MRT,NER,CIV,GIN,BFA,LBR,SLE,GHA,TGO,CMR,NGA,GAB,CAF,TCD,COG,COD,UGA,KEN,TZA,BDI,RWA,SOM,DJI,ETH,ERI,AGO,MOZ,ZMB,ZWE,MWI,ZAF,NAM,LSO,BWA,SWZ,MDG,COM,MUS,SYC,MAR,DZA,TUN,LBY,SDN,SSD,IRN,TUR,IRQ,EGY,SYR,LBN,JOR,ISR,SAU,YEM,KWT,BHR,QAT,ARE,OMN,AFG,TKM,TJK,KGZ,UZB,KAZ,CHN,MNG,TWN,PRK,KOR,JPN,IND,BTN,PAK,BGD,MMR,LKA,MDV,NPL,THA,KHM,LAO,VNM,MYS,SGP,BRN,PHL,IDN,TLS,AUS,PNG,NZL,VUT,SLB,KIR,TUV,FJI,TON,NRU,MHL,PLW,FSM,WSMUSA,-2,0.386382016,0.18792839,0.091968661,0.202974344,0.217855377,0.174358314,0.184914555,0.182530633,0.205503208,0.206319302,0.153554987,0.20228606,0.160795307,0.220598189,0.178581582,0.180045643,0.211750874,0.215083162,0.215157867,0.213344206,0.231540163,0.179557738,0.156991192,0.160971767,0.176192517,0.179388298,0.190993468,0.187722887,0.195472136,0.214030414,0.202882668,0.223729381,0.2276856,0.201753817,0.481690847,0.346407625,0.389546569,0.383582402,0.38637652,0.42623659,0.398062489,0.356418805,-2,0.372635449,0.368258119,0.376342532,0.388527417,0.387492606,0.361865325,0.388683017,0.381786212,0.37123839,0.382661064,0.346473151,0.330388489,0.420106933,-2,0.34232406,0.346396277,-2,0.390696126,0.371720985,0.358152874,0.318548387,0.370284521,0.325231482,0.372360626,0.235478858,0.364917898,0.376262574,0.373077858,0.250093056,0.158718885,0.212124521,0.288716814,0.179241697,0.374810928,0.365446057,0.381159379,0.388756313,0.381888315,0.136636862,0.166891892,0.151874515,0.175786691,0.162952249,0.148742816,0.170335077,0.15345092,0.137406925,0.16482906,0.161564594,0.147922702,0.142770655,0.1577,0.172351234,0.143767556,0.156382835,0.160450244,0.152745912,0.139931717,0.140097701,0.119548753,0.147301441,0.139948492,0.153546917,0.142654405,0.138796554,0.142120808,0.186261873,0.039583333,0.145669921,0.156088071,0.149379311,0.160248656,0.149920573,0.173164184,0.138066956,0.194136746,0.184519629,0.139467022,0.194369557,0.163417152,0.177344511,0.169922468,0.128991842,0.173514586,0.195956061,0.162284212,0.131556373,0.145470206,0.130250393,0.140057671,-2,0.139364449,0.323058916,0.035040984,0.149191468,0.093123897,0.1200707,0.137854069,0.720660849,0.141236548,0.140808202,0.172781078,0.146762365,0.148765597,0.139280924,0.145901979,0.160118071,0.188115582,0.204321098,0.195361898,0.251286031,0.220435737,0.115157563,0.187028429,-2,0.040723776,0.281553438,0.306937799,0.130547386,0.12695931,0.143113213,0.158480347,0.129167596,0.158779693,0.176906741,0.152262142,0.160351653,0.153402065,0.085496549,0.092253588,0.156077509,0.161593138,0.155288987,0.161190384,0.146409504,-2,0.373737897,0.182085102,0.329306723,0.211068617,0.218330435,0.079166667,-2,0.182397493,0.187402344,0.273049669,0.560796525,0.67180944,0.604155062,0.236305147CAN,0.386382016,-2,0.598735438,0.463203297,0.566353283,0.578332621,0.577339686,0.583570128,0.590139267,0.532391072,0.557448115,0.536097461,0.590766759,0.555397654,0.487339504,0.577272115,0.585739951,0.626047731,0.578108772,0.598347926,0.589990652,0.594365785,0.589651281,0.555163281,0.566839909,0.564965796,0.545705191,0.594955665,0.625491436,0.612144608,0.62739627,0.626649507,0.630802173,0.686900456,0.621731114,0.769224503,0.829922817,0.8620748,0.855156096,0.864654535,0.752778053,0.823148635,0.857545608,-2,0.842348856,0.855117458,0.850907208,0.852749472,0.855066527,0.860743464,0.858736978,0.859502499,0.850187908,0.853822703,0.826407458,0.770834707,0.801476146,-2,0.834230135,0.840768218,-2,0.802972331,0.853479166,0.853589486,0.775891373,0.831092046,0.81738487,0.843785838,0.59872406,0.844534227,0.825195501,0.840872809,0.707580215,0.572608901,0.684962162,0.751105116,0.590114379,0.867602436,0.85154855,0.87722747,0.864897402,0.869985119,0.54215967,0.469547194,0.533558398,0.543314401,0.523538443,0.534536638,0.555436034,0.540582822,0.549105817,0.553760684,0.53622487,0.537020852,0.541423314,0.507645455,0.546000874,0.544096107,0.540700724,0.490659341,0.543587965,0.54940078,0.554075144,0.478748477,0.532933839,0.40705298,0.48700575,0.540366187,0.521786284,0.533682554,0.433429444,0.240638767,0.546479543,0.557827594,0.547287356,0.540759409,0.532018573,0.544512503,0.538582718,0.535091673,0.589715163,0.528720866,0.527616836,0.556764334,0.550975482,0.56186833,0.482717392,0.563366053,0.667143805,0.52602101,0.527234477,0.541123553,0.50383351,0.532054623,-2,0.489814815,0.731606989,0.247154471,0.509022817,0.471400022,0.507747202,0.534112763,0.385840838,0.530169753,0.55168453,0.561419811,0.544735987,0.54499809,0.538615775,0.542722285,0.528424106,0.519932433,0.561197434,0.610916798,0.560672905,0.638925367,0.48751074,0.605945122,-2,0.437276806,0.735451681,0.809248941,0.457137883,0.471580163,0.487378402,0.546867188,0.492648569,0.541485988,0.578606341,0.534264804,0.568855703,0.548538737,0.498764423,0.488939394,0.55053035,0.571008987,0.546045303,0.548242442,0.535986133,-2,0.832185774,0.537123509,0.819210179,0.546422102,0.63455416,0.435416667,-2,0.570101238,0.674153646,0.5556045,0.535693277,0.502819056,0.518460472,0.68226103BHS,0.18792839,0.598735438,-2,0.780748358,0.85293742,0.878136833,0.898169808,0.888096065,0.92722536,0.895599894,0.873514931,0.872180592,0.880216049,0.890652251,0.896806692,0.860858107,0.908075331,0.839900016,0.838540403,0.88924151,0.844745071,0.864719953,0.881497201,0.864396959,0.869112319,0.897535303,0.880159274,0.888757004,0.862303989,0.843982771,0.880799851,0.856757465,0.842350088,0.747476989,0.836941457,0.537432884,0.64642368,0.607880956,0.607396709,0.608810399,0.533932948,0.597896826,0.634825805,-2,0.620183606,0.632765348,0.627967594,0.606473215,0.621395961,0.637308562,0.609915243,0.619047619,0.621393143,0.623652694,0.655645358,0.701966626,0.562130213,-2,0.611616109,0.637803448,-2,0.628972353,0.616623714,0.621766775,0.660659106,0.611677295,0.608216057,0.617286235,0.687236862,0.599111826,0.599486518,0.602957683,0.703934699,0.766174596,0.69340376,0.610510598,0.762166162,0.614595661,0.637991727,0.615060075,0.621400474,0.615366699,0.87628015,0.83508716,0.852888889,0.808016305,0.86448718,0.867281157,0.860862844,0.854978181,0.833052318,0.857307382,0.844788273,0.850691721,0.862781646,0.837255539,0.860739087,0.86096952,0.852794859,0.794500907,0.853364067,0.859927659,0.856544054,0.81773146,0.837705412,0.77268638,0.810108143,0.833090774,0.842485119,0.853371904,0.747135417,0.442760181,0.867263257,0.863796092,0.863949992,0.862824431,0.867063331,0.861235119,0.856406962,0.849886878,0.835590002,0.857522948,0.88152682,0.873120861,0.869928029,0.891471868,0.840195667,0.861501198,0.938915183,0.835210307,0.844409154,0.862665579,0.815449667,0.844863457,-2,0.81401916,0.65346458,0.44279661,0.826864416,0.782688752,0.815003822,0.854001046,0.186640157,0.851942753,0.884925041,0.870600214,0.85365431,0.86501117,0.857853775,0.868371597,0.862792969,0.785533469,0.743626894,0.766626978,0.609611181,0.743055098,0.767127509,0.916525585,-2,0.782477839,0.623225446,0.647586109,0.708440171,0.824581585,0.78332512,0.8597481,0.796054949,0.856224889,0.880371588,0.855097109,0.862040593,0.870362826,0.84161638,0.829644076,0.857926008,0.823355888,0.846140794,0.868455162,0.84390253,-2,0.5975722,0.765097088,0.688327206,0.726428199,0.827606673,0.395833333,-2,0.835050124,0.744616238,0.69485087,0.411675349,0.325560564,0.330806589,0.793631554CUB,0.091968661,0.463203297,0.780748358,-2,0.770620914,0.734649289,0.80541782,0.786896745,0.785615161,0.786211484,0.773155206,0.839132078,0.755568449,0.814509804,0.78196688,0.801735043,0.810061653,0.707918387,0.728761207,0.760210946,0.708552798,0.735714286,0.793077032,0.793829462,0.817205883,0.820184918,0.807181496,0.791743927,0.739208663,0.759080388,0.775456659,0.731593185,0.746013821,0.614485577,0.714514061,0.395562063,0.526892919,0.468666667,0.469606282,0.470862296,0.407205461,0.46184461,0.497789916,-2,0.481630542,0.492276406,0.487273554,0.463357946,0.479658592,0.498290193,0.470354109,0.480319665,0.48984375,0.484352384,0.519475958,0.592953416,0.406078431,-2,0.489997372,0.495100895,-2,0.470017483,0.478786296,0.492116205,0.562422421,0.476950893,0.487337662,0.483537815,0.645250774,0.456962575,0.451183807,0.463403361,0.58805042,0.724758635,0.634871374,0.465438312,0.744695338,0.476295455,0.510251311,0.476565934,0.481495726,0.474460227,0.831181356,0.749148707,0.810232155,0.767584945,0.863034491,0.838134475,0.813436085,0.827904386,0.833865953,0.829586603,0.802660246,0.838934073,0.842744828,0.761259733,0.805446911,0.849040059,0.845532229,0.743370732,0.843972295,0.836688781,0.818253968,0.877564103,0.82518646,0.780650897,0.771184192,0.801236503,0.847920893,0.813577957,0.623146853,0.438950893,0.849293172,0.792427885,0.83192756,0.819986347,0.824574173,0.803280803,0.861796726,0.762475418,0.784654705,0.839787582,0.784580809,0.817349912,0.781696987,0.831059084,0.825267857,0.783301611,0.851413818,0.841884528,0.851968661,0.848239719,0.886530706,0.859622153,-2,0.879855611,0.586492145,0.416115703,0.871679131,0.87817914,0.856185089,0.836673787,0.121792549,0.85984303,0.873303835,0.84005176,0.843539682,0.860180561,0.839516985,0.858791479,0.842601103,0.738840246,0.668945588,0.675953177,0.485784048,0.646959535,0.877103669,0.792464718,-2,0.915098567,0.515146176,0.508789773,0.809372032,0.801120127,0.85127564,0.852026207,0.899691515,0.842475769,0.825267094,0.823963114,0.798583724,0.840333645,0.887195229,0.913246874,0.844444445,0.781517094,0.848638344,0.831810737,0.871433689,-2,0.457983516,0.708772179,0.559967854,0.62208691,0.672216961,0.791666667,-2,0.741223242,0.670907674,0.578167875,0.284401822,0.139686411,0.201184204,0.637569677HTI,0.202974344,0.566353283,0.85293742,0.770620914,-2,0.874011911,0.849842419,0.840844767,0.854499178,0.85103758,0.866160866,0.856567617,0.833337275,0.861318949,0.878791251,0.83968564,0.866549691,0.81318952,0.832689971,0.86156524,0.813681601,0.848645357,0.839159378,0.830039415,0.841813249,0.870653194,0.838625139,0.865901947,0.824184512,0.820037812,0.850954652,0.809398822,0.821649868,0.699970821,0.804450195,0.500086076,0.624102766,0.572370932,0.568615147,0.572770949,0.504247755,0.566283157,0.601984341,-2,0.582065037,0.600074405,0.594087744,0.572394427,0.58534063,0.604132513,0.574199774,0.584053696,0.588095238,0.589668922,0.621472617,0.682701622,0.576433071,-2,0.576437625,0.599325613,-2,0.59396455,0.584065316,0.590894032,0.636964578,0.572409979,0.578191925,0.581200955,0.654066265,0.558142044,0.557558157,0.564242593,0.662874252,0.732823473,0.673992558,0.556740488,0.751274156,0.579335901,0.606861286,0.581026786,0.584920495,0.58139881,0.850126477,0.786678082,0.812211567,0.80957428,0.865502245,0.851915502,0.844995328,0.838063682,0.834905288,0.841580133,0.853935277,0.851664429,0.849366346,0.729155844,0.836896479,0.833582752,0.841186128,0.828818958,0.830384911,0.845883534,0.837563906,0.854660271,0.826775362,0.772396437,0.831860854,0.832656957,0.823387001,0.828292129,0.741478836,0.389236111,0.850886203,0.823223332,0.845164902,0.862545756,0.841207133,0.837519118,0.834890449,0.860660979,0.818992692,0.833767129,0.844982509,0.857501963,0.848819899,0.870069433,0.837966412,0.818564046,0.894260204,0.819802797,0.831036788,0.845502456,0.803884319,0.834785365,-2,0.799740582,0.628557491,0.341666667,0.811852852,0.771800952,0.807985685,0.837885923,0.182993507,0.836837203,0.872379121,0.844488586,0.832879646,0.854251126,0.840233568,0.854993143,0.838421762,0.748743079,0.704877944,0.704951346,0.549174473,0.696037393,0.753038712,0.856671202,-2,0.775516262,0.57697943,0.608995682,0.694511368,0.806054279,0.772251506,0.851705581,0.781874062,0.841363681,0.848446414,0.83453332,0.835708919,0.843890705,0.822518382,0.817496339,0.837192713,0.798211358,0.842531658,0.848121029,0.839628348,-2,0.581830649,0.796654081,0.649449614,0.794240879,0.804503546,0.95,-2,0.790780289,0.777964163,0.698794466,0.398964218,0.281881313,0.317831761,0.765805184DOM,0.217855377,0.578332621,0.878136833,0.734649289,0.874011911,-2,0.846264368,0.847327683,0.86333043,0.846720951,0.846163999,0.831616058,0.843467384,0.842429796,0.87053117,0.853604882,0.86406599,0.863018242,0.854217205,0.896374666,0.865147122,0.894098639,0.846597402,0.82928102,0.84951231,0.863441623,0.826620515,0.881392045,0.873086666,0.832300661,0.870709982,0.830240944,0.840652718,0.724804125,0.852315349,0.493342261,0.61959879,0.57475914,0.57289746,0.575596323,0.48736233,0.560643939,0.60701517,-2,0.592737315,0.607110573,0.60334784,0.576487457,0.593979288,0.610193476,0.578142857,0.593129645,0.594083862,0.596654028,0.627596477,0.675734463,0.557490184,-2,0.582175137,0.608861973,-2,0.616413399,0.591728103,0.598248106,0.619586132,0.585971296,0.574095585,0.587186188,0.6365,0.561879255,0.558281276,0.569216044,0.664227434,0.722395019,0.674660629,0.575589072,0.716939044,0.581534485,0.611104893,0.585908019,0.592239363,0.588746974,0.830693794,0.762521404,0.794660403,0.83144715,0.847429365,0.825502131,0.829934939,0.815197589,0.810488449,0.801827094,0.827556962,0.815577866,0.821670909,0.761679293,0.826932325,0.822428571,0.812476191,0.796239102,0.821662338,0.823082011,0.838885089,0.809425145,0.799842424,0.743268018,0.807586548,0.800521935,0.799435239,0.805625033,0.775163462,0.386333333,0.836250037,0.808295454,0.827535074,0.832606564,0.811699846,0.840485606,0.81434815,0.840784867,0.786247388,0.810093391,0.822665886,0.833081165,0.856837679,0.874338476,0.808348677,0.824550822,0.916582914,0.801334499,0.807641776,0.826714286,0.772544284,0.809683511,-2,0.776459315,0.623406378,0.376041667,0.787963793,0.733269349,0.782096339,0.818687145,0.211015502,0.820671736,0.860715394,0.833845856,0.815829794,0.837144752,0.821571824,0.833874602,0.833523194,0.736917064,0.707534979,0.71587934,0.573408623,0.69158373,0.715611186,0.87242647,-2,0.735522082,0.576846591,0.620940598,0.660777103,0.76437332,0.738285715,0.827720717,0.751783315,0.81749014,0.844339934,0.812225166,0.822083099,0.832088563,0.786967671,0.786648596,0.809669477,0.765995096,0.81049689,0.83029304,0.816971726,-2,0.5886278,0.782382047,0.666068511,0.747596154,0.833021667,0.395833333,-2,0.804314484,0.772391305,0.706676195,0.425466474,0.302483371,0.328309194,0.784628493JAM,0.174358314,0.577339686,0.898169808,0.80541782,0.849842419,0.846264368,-2,0.887531959,0.897879407,0.912623537,0.879803856,0.898350944,0.876622271,0.909221325,0.897947149,0.85847004,0.905910256,0.812836701,0.831675933,0.862826013,0.821739319,0.837951009,0.876597,0.870068445,0.878907982,0.911280128,0.899177807,0.877597908,0.853372768,0.840530498,0.866721603,0.833272059,0.827472961,0.731822034,0.818207216,0.510984849,0.628941962,0.582980015,0.579730675,0.585317077,0.517951427,0.573663965,0.610594728,-2,0.593531804,0.605435253,0.601836554,0.57764678,0.593979691,0.612059579,0.582879437,0.593979691,0.603332303,0.598211246,0.62966821,0.676462779,0.537725381,-2,0.606831671,0.605972616,-2,0.59474612,0.593291298,0.603018636,0.65472907,0.589254653,0.602943491,0.597804878,0.68923383,0.571188894,0.569280264,0.575555035,0.70674023,0.77892398,0.708943399,0.590499525,0.76530325,0.589614792,0.612449923,0.590061553,0.591953816,0.58748066,0.900105425,0.811862245,0.896668609,0.831741083,0.868491124,0.889834331,0.883925495,0.867992317,0.854865534,0.871113397,0.865872285,0.882797428,0.889890957,0.848968807,0.869471154,0.878515509,0.882374007,0.828688798,0.87104757,0.899590236,0.904930233,0.849034335,0.876645745,0.801580331,0.838545554,0.867336401,0.873422492,0.877221284,0.778764979,0.451777778,0.876362931,0.887467546,0.895132812,0.894256877,0.899178325,0.884286492,0.871380343,0.862329497,0.839711287,0.885365794,0.888391089,0.903085973,0.875883308,0.909313594,0.85234031,0.855254011,0.94342146,0.839571498,0.857056351,0.870802804,0.829105916,0.856221523,-2,0.828124824,0.65133694,0.443595042,0.841955652,0.799376811,0.829251258,0.858641843,0.16125641,0.862023238,0.896434064,0.872731223,0.853110795,0.874611053,0.870199161,0.874819212,0.859381068,0.795674521,0.746664082,0.758872629,0.578784853,0.729626747,0.793466565,0.903665369,-2,0.804088729,0.614586111,0.622989214,0.737516468,0.852968531,0.798239982,0.877532997,0.817383043,0.87971872,0.877632698,0.883347112,0.874138762,0.892047659,0.872408589,0.846349272,0.86041098,0.859009926,0.864130058,0.886386876,0.859546675,-2,0.569327195,0.771548578,0.661621581,0.718396068,0.792361608,0.83125,-2,0.829568537,0.776587302,0.675644632,0.38296692,0.265909091,0.297073907,0.757643075TTO,0.184914555,0.583570128,0.888096065,0.786896745,0.840844767,0.847327683,0.887531959,-2,0.899560264,0.906803584,0.857519223,0.882053395,0.855175,0.902587705,0.902947109,0.842760085,0.908184595,0.808733766,0.817029068,0.862556049,0.809991716,0.833100159,0.876919854,0.859105393,0.873782679,0.905760759,0.891575343,0.879767725,0.833524065,0.839379085,0.869539431,0.821385048,0.840069394,0.706143684,0.808506184,0.502234889,0.609921281,0.571815403,0.570664874,0.574209929,0.500923202,0.562709881,0.600266747,-2,0.582761438,0.59694582,0.590090378,0.57000639,0.585734426,0.602501809,0.576293654,0.581952615,0.596471227,0.591188039,0.623290008,0.70316897,0.527901338,-2,0.587996105,0.597638889,-2,0.592674938,0.583915052,0.589876853,0.647299131,0.575558146,0.584337549,0.587540849,0.647537452,0.563730301,0.567284399,0.56859384,0.680367647,0.752425373,0.682272113,0.577153539,0.74925369,0.578696164,0.603135179,0.590104905,0.584327089,0.576625683,0.864555061,0.870173611,0.87565962,0.800943057,0.854805385,0.864758573,0.866243688,0.852316384,0.834130586,0.868343845,0.851898402,0.866283896,0.869480748,0.842083201,0.851102807,0.870662203,0.860552431,0.799079758,0.857406736,0.877053004,0.869331582,0.835263566,0.839684579,0.785606428,0.808710328,0.843347649,0.860393621,0.839373639,0.731659508,0.444495413,0.865178571,0.874685271,0.875489592,0.865555119,0.878676142,0.864044118,0.865660027,0.859324143,0.82210041,0.870303059,0.865607379,0.886370245,0.83567128,0.880854899,0.815040196,0.87035315,0.926813014,0.837041398,0.839591839,0.857350557,0.814603982,0.845124289,-2,0.808879722,0.652182194,0.441666666,0.817815733,0.788098534,0.818095783,0.854367863,0.18502994,0.850939686,0.888973092,0.866753857,0.848914824,0.86122389,0.855057851,0.863308808,0.854390005,0.766243726,0.729210547,0.737044128,0.571331944,0.714413379,0.767969022,0.895008097,-2,0.78902027,0.591322324,0.600796236,0.737807637,0.831579444,0.777477745,0.86327198,0.805338508,0.868218955,0.879653888,0.866184413,0.849673203,0.874962103,0.854524249,0.832435787,0.846630432,0.843998777,0.841339869,0.870575221,0.842357763,-2,0.570500575,0.766535763,0.64805946,0.719986602,0.792061556,0.435416667,-2,0.797109375,0.724247312,0.685383142,0.402550505,0.289614098,0.320159705,0.747229826BRB,0.182530633,0.590139267,0.92722536,0.785615161,0.854499178,0.86333043,0.897879407,0.899560264,-2,0.909172725,0.874396364,0.880684602,0.895440115,0.896800404,0.894702803,0.855043113,0.918213325,0.835645148,0.831665565,0.880822655,0.823247699,0.856338645,0.875543855,0.865328577,0.875925749,0.903089776,0.890775885,0.89365839,0.843571756,0.84677038,0.884021151,0.849715986,0.838704413,0.734082768,0.829883253,0.514583333,0.639745476,0.590031917,0.589585989,0.592960428,0.522676277,0.586466991,0.618042,-2,0.605609277,0.618431373,0.612719681,0.587069193,0.603930319,0.621498014,0.593592508,0.601560627,0.607129525,0.607491435,0.637381233,0.695259126,0.546568967,-2,0.593159659,0.618874156,-2,0.585227437,0.60122745,0.612091156,0.651942873,0.596626939,0.601936652,0.600766739,0.673427419,0.584132918,0.587836826,0.589341978,0.685753629,0.774931653,0.704461729,0.592087992,0.764341304,0.596848605,0.622479261,0.604029811,0.603908555,0.596836107,0.881116084,0.867693966,0.859268512,0.819206146,0.866581197,0.873249444,0.870010822,0.862695258,0.833942819,0.854460428,0.84827349,0.854862172,0.867186493,0.832727273,0.866036535,0.859138257,0.859369895,0.790149843,0.853247392,0.876032454,0.851108434,0.820131765,0.838916338,0.774946121,0.806487359,0.845270158,0.847640517,0.850549916,0.74122075,0.447184684,0.864846596,0.862712866,0.863362051,0.860613208,0.875334857,0.86012725,0.862247659,0.845446055,0.843353014,0.865223302,0.880657701,0.879306648,0.879649744,0.896464521,0.83577971,0.861312503,0.940865385,0.831032207,0.847610412,0.860551948,0.816717176,0.849998062,-2,0.820914621,0.651293208,0.443595042,0.831627706,0.786782543,0.821868959,0.855133929,0.182428744,0.851432183,0.889182173,0.870153183,0.848106948,0.86471402,0.857041292,0.870826172,0.866420442,0.800093025,0.746488247,0.760467105,0.607482993,0.736504998,0.768893068,0.915594105,-2,0.792315987,0.602017694,0.626043552,0.71568816,0.829639646,0.786084869,0.863593904,0.801671246,0.862362635,0.882804035,0.864782276,0.857597097,0.876005711,0.85431849,0.835217526,0.858882885,0.829423077,0.85076589,0.86188427,0.8532463,-2,0.577461283,0.764045329,0.673004665,0.716027481,0.810833333,0.910416667,-2,0.840205441,0.735894405,0.67889785,0.407491117,0.327643277,0.330251062,0.782509319DMA,0.205503208,0.532391072,0.895599894,0.786211484,0.85103758,0.846720951,0.912623537,0.906803584,0.909172725,-2,0.863214671,0.898180412,0.902700866,0.900067536,0.925641025,0.854860331,0.915535638,0.809922579,0.844939994,0.866222889,0.831447978,0.846832775,0.858931176,0.856328136,0.880030246,0.916106582,0.902819445,0.899850114,0.841411239,0.841190324,0.879854651,0.847307006,0.810660515,0.703021233,0.835982652,0.476061622,0.580100574,0.537584202,0.534727786,0.539076469,0.486808901,0.547964842,0.564782886,-2,0.556593231,0.56428495,0.562280139,0.536877395,0.550665412,0.569711846,0.54506705,0.547533301,0.55606242,0.562476366,0.592308875,0.649030172,0.513443931,-2,0.552338352,0.574305555,-2,0.573251488,0.552338352,0.562624062,0.592764208,0.549056325,0.551699029,0.551265627,0.674920318,0.532013421,0.524256651,0.532124432,0.634604475,0.747427221,0.680731007,0.539479638,0.765654762,0.541275543,0.561446361,0.548503742,0.544536239,0.542867976,0.877627988,0.882425596,0.901129353,0.808945867,0.860001677,0.888863636,0.855774944,0.869623022,0.828042224,0.872861322,0.855526469,0.869880077,0.865284607,0.861065315,0.851777113,0.872622799,0.857168566,0.78236715,0.850373949,0.889596302,0.932407407,0.829810606,0.873236607,0.781928295,0.797792263,0.84216954,0.863995864,0.821958004,0.808743863,0.452245509,0.873372641,0.850270563,0.882741269,0.890265263,0.885535714,0.890056476,0.880257179,0.834816245,0.84140511,0.876875924,0.884167948,0.901570048,0.880863521,0.901517802,0.819714286,0.859565037,0.9405,0.844101732,0.846036878,0.870184164,0.817439722,0.851032055,-2,0.821367891,0.633922447,0.453409091,0.839554739,0.782933997,0.838042653,0.858719516,0.21155798,0.856056108,0.915194696,0.861497486,0.846628838,0.874603175,0.859108412,0.879668085,0.872325064,0.793954248,0.760714286,0.743667112,0.596532258,0.714466873,0.780364432,0.898220065,-2,0.797333745,0.554702438,0.568650223,0.720007184,0.845309762,0.802479801,0.872393467,0.802598904,0.866283525,0.870562447,0.865580477,0.844520713,0.880195261,0.856913919,0.844142857,0.847629311,0.8257144,0.846719787,0.868151226,0.844336604,-2,0.515503876,0.773361789,0.619434736,0.758491671,0.806976538,0.422222222,-2,0.815037218,0.714172535,0.69708061,0.452357053,0.313108894,0.384170482,0.746623563GRD,0.206319302,0.557448115,0.873514931,0.773155206,0.866160866,0.846163999,0.879803856,0.857519223,0.874396364,0.863214671,-2,0.865737705,0.85843583,0.867963578,0.930393617,0.827845805,0.876848448,0.809460202,0.818282033,0.855407611,0.808579202,0.837284668,0.851857275,0.840918346,0.843570938,0.873796487,0.863132576,0.859162781,0.832197764,0.807398158,0.847859477,0.823661583,0.801710129,0.688706395,0.793474669,0.476799575,0.605432238,0.553470186,0.552893666,0.557008428,0.487898647,0.547238973,0.589222874,-2,0.57079159,0.585944329,0.579146547,0.552016488,0.570926807,0.588303772,0.556816974,0.566507011,0.576966661,0.575262158,0.605654057,0.652091886,0.55439697,-2,0.569862186,0.587916667,-2,0.588739935,0.570302771,0.57367097,0.617097172,0.564247351,0.572932993,0.572193598,0.646041307,0.545633039,0.550886302,0.551101139,0.669678526,0.745107199,0.668734739,0.559332687,0.727426161,0.560535161,0.58631522,0.561502485,0.56446921,0.566194815,0.862957542,0.841428572,0.831557888,0.819965568,0.866702454,0.857875093,0.84503022,0.82929241,0.832265179,0.845034026,0.859605008,0.843851598,0.8477128,0.795026525,0.840200108,0.84509214,0.844395284,0.828826531,0.825317704,0.8526671,0.863425721,0.847981982,0.850964328,0.810383132,0.828657904,0.846972996,0.840998634,0.840268484,0.76452381,0.403638498,0.84452481,0.837907737,0.858439229,0.869332704,0.858304765,0.850849659,0.837989637,0.844547633,0.79508213,0.84372934,0.85801011,0.853574949,0.861042861,0.882838923,0.828089219,0.822253599,0.916071429,0.82011595,0.827002729,0.846089048,0.801257622,0.830576586,-2,0.794628123,0.622332849,0.361904762,0.815072912,0.769384615,0.804736308,0.8388346,0.193252497,0.832105856,0.866380629,0.845794371,0.831786664,0.846709942,0.838870717,0.849003048,0.832332724,0.778618664,0.706227143,0.714583333,0.542280379,0.689914732,0.755824949,0.866837302,-2,0.771072398,0.571232365,0.594556348,0.695087976,0.817199329,0.76829815,0.853527786,0.780563727,0.846870538,0.853019089,0.841711474,0.837825748,0.854031665,0.833029636,0.819303164,0.833298012,0.81121723,0.834477028,0.85350718,0.828087553,-2,0.579006626,0.786340909,0.638422117,0.739468599,0.792583128,0.910416667,-2,0.812238197,0.734047291,0.703220914,0.441481663,0.362883601,0.344008373,0.751452465LCA,0.153554987,0.536097461,0.872180592,0.839132078,0.856567617,0.831616058,0.898350944,0.882053395,0.880684602,0.898180412,0.865737705,-2,0.874725028,0.916669517,0.90547469,0.855607417,0.898369565,0.792193602,0.817318194,0.850061468,0.795799194,0.814516403,0.879497369,0.875183987,0.879377912,0.910633266,0.919780413,0.875914268,0.818428334,0.828300262,0.860341436,0.81146614,0.826687463,0.694490993,0.800013611,0.46488156,0.590749941,0.539112379,0.538576903,0.544089331,0.474039522,0.537413676,0.571983889,-2,0.552867003,0.568376479,0.562609173,0.537800711,0.554539878,0.573376851,0.544054785,0.551737518,0.561311563,0.560303022,0.590531849,0.672452346,0.511077305,-2,0.568620714,0.572063713,-2,0.576778687,0.553944772,0.554061981,0.64237605,0.547123162,0.566663289,0.557045888,0.667350037,0.530294911,0.530602157,0.534025735,0.671256858,0.768421736,0.688142324,0.553088411,0.782797924,0.547481603,0.570919701,0.549911856,0.55278407,0.548086968,0.922898519,0.821621622,0.910642165,0.860683761,0.895929593,0.926656264,0.894583333,0.903508038,0.89540066,0.901448065,0.884910104,0.914485887,0.923110341,0.873584299,0.894473039,0.905992906,0.916254623,0.834375,0.894342544,0.917105911,0.894654722,0.896905872,0.90856431,0.831541769,0.854187527,0.891968842,0.90768263,0.900291294,0.782672629,0.462444934,0.907603074,0.878620269,0.916950655,0.892793732,0.924777345,0.891882396,0.89109319,0.877439608,0.852455357,0.910009939,0.907138047,0.905047319,0.880205244,0.92244646,0.860603273,0.851237205,0.938448316,0.87680081,0.890545263,0.910764608,0.857667888,0.884334077,-2,0.847886156,0.659417117,0.450847457,0.873755049,0.829136116,0.864917546,0.898240951,0.141442912,0.877515988,0.921760539,0.886438653,0.889985767,0.904502071,0.903964495,0.905404492,0.889341369,0.81686964,0.727844212,0.750806451,0.558125,0.70214384,0.820690858,0.874322894,-2,0.843657593,0.576552602,0.580506047,0.764883153,0.857632604,0.831443232,0.912297096,0.846947179,0.903945739,0.890720479,0.914427556,0.892544675,0.923955259,0.903311966,0.879268601,0.895271739,0.87239645,0.899308714,0.908050082,0.886239724,-2,0.529541812,0.783850883,0.620514664,0.723737212,0.763624712,0.83125,-2,0.835153861,0.727188755,0.640438034,0.354026587,0.249129886,0.267732843,0.724725418VCT,0.20228606,0.590766759,0.880216049,0.755568449,0.833337275,0.843467384,0.876622271,0.855175,0.895440115,0.902700866,0.85843583,0.874725028,-2,0.892054437,0.912820513,0.837498321,0.897443182,0.830185962,0.812497896,0.857607843,0.834548611,0.830871426,0.859137159,0.830009497,0.849245353,0.873880874,0.884872611,0.871956749,0.850610688,0.823471942,0.879773791,0.836228124,0.823294906,0.744592303,0.842302737,0.528916341,0.666218628,0.61219717,0.607041107,0.612789738,0.536365868,0.599234719,0.64236531,-2,0.609335192,0.630710438,0.622071175,0.604640553,0.618125085,0.644092582,0.615248491,0.614514371,0.619698829,0.620412766,0.673276928,0.680142778,0.571140652,-2,0.6163186,0.628295455,-2,0.632351117,0.615111281,0.622419247,0.634703848,0.61111787,0.612410153,0.6116029,0.654782333,0.595922321,0.601177352,0.602320134,0.692329738,0.762446996,0.711583573,0.616457538,0.740487862,0.619158394,0.648299498,0.60868879,0.611016636,0.612249303,0.859989122,0.859065316,0.859757968,0.821654041,0.836086727,0.860348556,0.852607091,0.859431798,0.839952989,0.850514528,0.830305071,0.852055095,0.856253509,0.854358108,0.861940724,0.847139388,0.841868357,0.772395004,0.829753151,0.854594017,0.869393939,0.847861093,0.858919022,0.782231104,0.797859259,0.819335017,0.833499865,0.838095004,0.761518895,0.412100457,0.84574991,0.841220957,0.857300569,0.851864421,0.862744391,0.863164767,0.849644324,0.862670118,0.821119744,0.850634291,0.868900038,0.860413764,0.856115602,0.892485983,0.789633027,0.812289916,0.914189412,0.809597579,0.811510876,0.840580357,0.793040876,0.842918888,-2,0.788075048,0.613530548,0.438771187,0.803505682,0.748367347,0.794478358,0.842217357,0.18532589,0.818526474,0.857975391,0.840291093,0.828028933,0.845281358,0.834044185,0.837823968,0.852616551,0.805593537,0.726810298,0.728237529,0.61308501,0.716858856,0.734710683,0.891861017,-2,0.770430769,0.581844391,0.639451199,0.638158394,0.79524371,0.741959719,0.846513834,0.764761142,0.845833798,0.855868495,0.837863223,0.848747908,0.874615532,0.842810846,0.815181219,0.838384272,0.819066369,0.835722783,0.859108978,0.830811255,-2,0.584284439,0.763688482,0.702221544,0.75097137,0.841916626,0.95,-2,0.855980763,0.773462567,0.714050839,0.438881691,0.328442949,0.374607353,0.829179625ATG,0.160795307,0.555397654,0.890652251,0.814509804,0.861318949,0.842429796,0.909221325,0.902587705,0.896800404,0.900067536,0.867963578,0.916669517,0.892054437,-2,0.922480159,0.864060337,0.907114011,0.798620495,0.814724139,0.858090753,0.810584845,0.826068914,0.881811195,0.872935979,0.876442006,0.915781664,0.898301324,0.877665958,0.833010815,0.838918495,0.866230784,0.820861288,0.826230195,0.72360722,0.813338608,0.494143319,0.610999461,0.565830721,0.560374386,0.565736916,0.500969963,0.559815705,0.590442258,-2,0.581465517,0.591293103,0.58947231,0.561349677,0.579164528,0.594210668,0.567974097,0.577217407,0.585150862,0.584945087,0.61409205,0.682761314,0.529319583,-2,0.594155823,0.592336372,-2,0.588195529,0.577371978,0.580685295,0.653380927,0.569255486,0.58428442,0.580968316,0.686239664,0.555717627,0.557282008,0.556216442,0.685738854,0.771124241,0.702303921,0.574928513,0.783308112,0.569539332,0.595080819,0.57280382,0.578599138,0.57220097,0.905253623,0.8457375,0.894427313,0.839460673,0.878488098,0.902545662,0.887419488,0.884436776,0.861220158,0.882672673,0.86198656,0.890408127,0.900841477,0.842453564,0.876819545,0.890307782,0.889494047,0.825082728,0.880531952,0.902260269,0.90643666,0.855669014,0.873904514,0.810476696,0.844178794,0.871151144,0.883688269,0.884100446,0.764913793,0.451141552,0.887163086,0.882461635,0.904279,0.892081996,0.912504541,0.888986763,0.882359356,0.878816717,0.852372669,0.899048424,0.881078431,0.903711432,0.872788922,0.910299483,0.847692308,0.865386732,0.947012579,0.853834961,0.870039185,0.88409041,0.836782814,0.865829925,-2,0.837497363,0.657316663,0.445833333,0.853030336,0.811438217,0.847221014,0.877292227,0.150149369,0.859310597,0.907781788,0.878733445,0.868167754,0.883426029,0.881674474,0.881080602,0.872085067,0.810138889,0.740740779,0.767141844,0.57894908,0.724000752,0.801408474,0.896855214,-2,0.826150564,0.598383963,0.59748653,0.754983836,0.864813218,0.818678806,0.888848769,0.82622907,0.892569399,0.88418097,0.891418807,0.889545455,0.911559461,0.891076448,0.858408565,0.873733836,0.860220905,0.869154196,0.896008583,0.867535799,-2,0.549562878,0.759374874,0.640740691,0.758090264,0.783911565,0.814285714,-2,0.816986279,0.731107241,0.640389493,0.368914345,0.25012855,0.289387328,0.748174936KNA,0.220598189,0.487339504,0.896806692,0.78196688,0.878791251,0.87053117,0.897947149,0.902947109,0.894702803,0.925641025,0.930393617,0.90547469,0.912820513,0.922480159,-2,0.855538967,0.902163536,0.794490509,0.873258399,0.887451349,0.80428744,0.85796875,0.868765306,0.825357643,0.832994898,0.914121827,0.90225641,0.870670103,0.82592132,0.799079632,0.872086195,0.836974359,0.754837265,0.675599682,0.783184524,0.437035931,0.551117249,0.503017767,0.497761605,0.503017767,0.468117347,0.529828266,0.534239076,-2,0.542286915,0.541342383,0.550662437,0.510458346,0.547133854,0.54596397,0.532028658,0.523663266,0.535396659,0.542663266,0.564478292,0.607720588,0.536179289,-2,0.530739796,0.566841015,-2,0.571130952,0.534464555,0.535520979,0.546294914,0.517340102,0.520796505,0.53297319,0.692433673,0.485043657,0.495868415,0.494957983,0.623544418,0.761535274,0.690352183,0.549852088,0.735780367,0.498733453,0.539392356,0.512869513,0.515280681,0.514345738,0.884719817,0.886166008,0.895905049,0.861516768,0.885556402,0.889334239,0.872250131,0.882294935,0.861369004,0.882168158,0.878838126,0.847182469,0.881209757,0.841914442,0.848246823,0.884330194,0.882339687,0.872416667,0.844781037,0.860232668,0.877380952,0.879288877,0.860314685,0.832062561,0.843056358,0.857385454,0.875454081,0.875670641,0.838824324,0.424107143,0.869542572,0.862355355,0.882614087,0.877083333,0.880754476,0.868586022,0.864134616,0.850571429,0.787910494,0.869694435,0.87731456,0.893974359,0.888928572,0.867910256,0.835416667,0.840633177,0.95,0.832752473,0.838660794,0.865041863,0.813866492,0.87002551,-2,0.815144026,0.562826087,0.435416667,0.854208574,0.768316948,0.825656371,0.866242483,0.186131221,0.850728473,0.89764914,0.883418367,0.854117647,0.883057598,0.866345427,0.870931372,0.862899787,0.835597826,0.734058515,0.75065261,0.617636775,0.742217949,0.781123718,0.896333894,-2,0.795505853,0.499816327,0.552866527,0.742545038,0.885281172,0.825482655,0.883363655,0.7965533,0.885891311,0.874030612,0.868397436,0.850701357,0.885339774,0.874051325,0.854409938,0.84492132,0.810719618,0.852918667,0.878816527,0.844282051,-2,0.546625858,0.867234849,0.560771809,0.811321839,0.848795863,0.475,-2,0.805434783,0.777113971,0.765646853,0.389423561,0.325980392,0.369029339,0.768559645MEX,0.178581582,0.577272115,0.860858107,0.801735043,0.83968564,0.853604882,0.85847004,0.842760085,0.855043113,0.854860331,0.827845805,0.855607417,0.837498321,0.864060337,0.855538967,-2,0.874971819,0.819173055,0.825176592,0.868433178,0.819501657,0.842312405,0.866473995,0.850457186,0.853716691,0.880184753,0.856060715,0.872387302,0.838077817,0.837701238,0.86265393,0.821747962,0.853205266,0.729896589,0.818765075,0.517294336,0.646697021,0.588937908,0.585211551,0.5906593,0.523552059,0.589928435,0.620671975,-2,0.600367647,0.614160279,0.612775116,0.585814397,0.601695284,0.619276316,0.59146832,0.599540595,0.606946594,0.607787115,0.641810431,0.709477963,0.541071003,-2,0.597353327,0.614953352,-2,0.606028912,0.601492383,0.611712892,0.675254669,0.591568428,0.597530864,0.59908096,0.649410362,0.579272616,0.574907417,0.584522956,0.680528508,0.736982548,0.699035836,0.573798369,0.746455725,0.595307918,0.627967279,0.591686748,0.600393654,0.594439223,0.856823958,0.809586149,0.848873349,0.796618969,0.837832637,0.854184626,0.847530722,0.843164622,0.845485853,0.843910256,0.828242717,0.849712065,0.850308642,0.800936364,0.831744074,0.837254213,0.846457459,0.766452229,0.836722903,0.858918618,0.856091954,0.820212118,0.837266958,0.724698307,0.793611451,0.812522241,0.82954747,0.821860911,0.676728923,0.410132158,0.854983727,0.828120401,0.851341954,0.847790179,0.846241595,0.838901304,0.846360532,0.829724476,0.826625961,0.850560919,0.840124633,0.869337325,0.829027931,0.865787182,0.827934783,0.830702354,0.90114692,0.835126334,0.859268791,0.853163313,0.824024019,0.845450468,-2,0.83180992,0.660746915,0.420491803,0.849345238,0.809680926,0.843848778,0.84930925,0.182494589,0.863656958,0.881351152,0.853183087,0.841220367,0.855254011,0.852178136,0.858622992,0.856436827,0.736036036,0.710519422,0.737751705,0.543382353,0.702421406,0.791267507,0.863959414,-2,0.813717075,0.602563847,0.618525235,0.725694445,0.799203918,0.802419542,0.848680017,0.814462334,0.837459245,0.852191641,0.837558217,0.836314237,0.85743285,0.845772622,0.837783233,0.840331338,0.804938725,0.834490472,0.84751235,0.847777184,-2,0.567102795,0.76803113,0.671985294,0.723006687,0.784331321,0.870833333,-2,0.810513042,0.711768401,0.657454595,0.380735817,0.285249126,0.296670917,0.766819853BLZ,0.180045643,0.585739951,0.908075331,0.810061653,0.866549691,0.86406599,0.905910256,0.908184595,0.918213325,0.915535638,0.876848448,0.898369565,0.897443182,0.907114011,0.902163536,0.874971819,-2,0.820652725,0.836998984,0.883505716,0.821789985,0.850909969,0.893709336,0.87436315,0.885390416,0.917886503,0.90866854,0.90276851,0.854508425,0.854411809,0.89416208,0.847722547,0.853786935,0.733385511,0.823820513,0.515493678,0.643180313,0.590998712,0.589987643,0.593443103,0.524585366,0.592098991,0.622737726,-2,0.606372194,0.622205527,0.615869078,0.589098591,0.606259969,0.626279349,0.595549608,0.602352423,0.611084688,0.613937788,0.643879205,0.712538257,0.551259261,-2,0.604634056,0.616220539,-2,0.604120542,0.605248764,0.607677469,0.66175898,0.596343747,0.603209752,0.602863821,0.681940566,0.578686404,0.580076846,0.584993619,0.694328104,0.781583333,0.717925894,0.58393558,0.786618357,0.597462874,0.625373771,0.598036969,0.604767105,0.599036545,0.886518446,0.871368243,0.882432119,0.81707694,0.86897537,0.884145757,0.883924013,0.874922132,0.863801833,0.876962366,0.856609096,0.875125788,0.881228669,0.838031727,0.876918275,0.875894172,0.880250857,0.789238119,0.863202536,0.893391577,0.915324651,0.8499307,0.857066057,0.785553411,0.814480142,0.85032734,0.871400378,0.853399214,0.730998744,0.45,0.88506222,0.86772473,0.881434736,0.876664878,0.88742645,0.868544234,0.876271656,0.864381424,0.847669753,0.878633058,0.878102837,0.89486256,0.872908266,0.903306406,0.855513677,0.877524978,0.947432433,0.8507404,0.860004515,0.878198012,0.8406044,0.868519231,-2,0.837197312,0.665472971,0.455042017,0.848305369,0.80997925,0.841701833,0.874222946,0.173970456,0.878986797,0.906896258,0.891349798,0.868230251,0.885611768,0.872359632,0.886100592,0.873846458,0.815888812,0.745554222,0.761188034,0.596784032,0.741028037,0.801404572,0.913475896,-2,0.813859192,0.596239498,0.630597531,0.73820891,0.847467544,0.805139571,0.879697686,0.824500264,0.877305839,0.895641538,0.873507272,0.862770814,0.892413274,0.868655544,0.858552554,0.871309809,0.839719546,0.867771808,0.882628579,0.860401052,-2,0.583473903,0.7692072,0.673185712,0.724250375,0.81186119,0.910416667,-2,0.826905605,0.756380505,0.684887406,0.397646577,0.313186814,0.314107047,0.778168727GTM,0.211750874,0.626047731,0.839900016,0.707918387,0.81318952,0.863018242,0.812836701,0.808733766,0.835645148,0.809922579,0.809460202,0.792193602,0.830185962,0.798620495,0.794490509,0.819173055,0.820652725,-2,0.842671756,0.866662946,0.865418147,0.872917695,0.828882891,0.805799233,0.798842618,0.816850083,0.792386834,0.836941355,0.876132522,0.816155654,0.843009673,0.830275417,0.830400624,0.757285715,0.844876453,0.564262987,0.676412338,0.635177501,0.633927851,0.635620719,0.563686171,0.628572625,0.664700335,-2,0.650503247,0.665451008,0.659255835,0.635794051,0.648686743,0.667082131,0.636531851,0.649139101,0.652180084,0.6535487,0.686375045,0.699375211,0.6044625,-2,0.648628211,0.658925263,-2,0.64519647,0.649112061,0.665506978,0.656918831,0.639709052,0.644140435,0.644118592,0.635100967,0.631423611,0.630171747,0.635072966,0.719110604,0.701137936,0.691393272,0.640452271,0.703490036,0.64125,0.667097402,0.640884833,0.644519481,0.644420375,0.797598803,0.810405585,0.78289184,0.800873238,0.788038124,0.793310242,0.809099265,0.785503548,0.784028103,0.798793103,0.786583093,0.784860105,0.78981886,0.801891494,0.79132211,0.789431052,0.785407189,0.76409284,0.783542115,0.79