2007,USA,CAN,BHS,CUB,HTI,DOM,JAM,TTO,BRB,DMA,GRD,LCA,VCT,ATG,KNA,MEX,BLZ,GTM,HND,SLV,NIC,CRI,PAN,COL,VEN,GUY,SUR,ECU,PER,BRA,BOL,PRY,CHL,ARG,URY,GBR,IRL,NLD,BEL,LUX,FRA,MCO,LIE,CHE,ESP,AND,PRT,DEU,POL,AUT,HUN,CZE,SVK,ITA,SMR,MLT,ALB,MNE,MKD,HRV,SRB,BIH,SVN,GRC,CYP,BGR,MDA,ROU,RUS,EST,LVA,LTU,UKR,BLR,ARM,GEO,AZE,FIN,SWE,NOR,DNK,ISL,CPV,STP,GNB,GNQ,GMB,MLI,SEN,BEN,MRT,NER,CIV,GIN,BFA,LBR,SLE,GHA,TGO,CMR,NGA,GAB,CAF,TCD,COG,COD,UGA,KEN,TZA,BDI,RWA,SOM,DJI,ETH,ERI,AGO,MOZ,ZMB,ZWE,MWI,ZAF,NAM,LSO,BWA,SWZ,MDG,COM,MUS,SYC,MAR,DZA,TUN,LBY,SDN,SSD,IRN,TUR,IRQ,EGY,SYR,LBN,JOR,ISR,SAU,YEM,KWT,BHR,QAT,ARE,OMN,AFG,TKM,TJK,KGZ,UZB,KAZ,CHN,MNG,TWN,PRK,KOR,JPN,IND,BTN,PAK,BGD,MMR,LKA,MDV,NPL,THA,KHM,LAO,VNM,MYS,SGP,BRN,PHL,IDN,TLS,AUS,PNG,NZL,VUT,SLB,KIR,TUV,FJI,TON,NRU,MHL,PLW,FSM,WSM
USA,-2,0.540539702,0.161899535,0.0689818,0.141677722,0.13451087,0.132364242,0.126758011,0.126963916,0.089962687,0.161322537,0.158309958,0.111833689,0.123296704,0.153132033,0.16444122,0.158774469,0.142794941,0.17775632,0.145532571,0.096786091,0.16626581,0.205723775,0.122295185,0.06779237,0.120382236,0.115120052,0.086522827,0.166943867,0.130862534,0.0884839,0.138723231,0.172425558,0.190198512,0.149634197,0.480645161,0.342421118,0.382938508,0.368858561,0.368347193,0.440880893,0.380628442,0.340585688,0.329210504,0.364188492,0.354244394,0.364363787,0.370395958,0.379618495,0.338574964,0.376923077,0.387003723,0.373553805,0.362914322,0.352200797,0.342411643,0.364583333,0.353375345,0.354365905,0.362437013,0.284456453,0.348516484,0.362996278,0.333887734,0.347667427,0.368243243,0.355117866,0.359638224,0.15648263,0.370220664,0.374220375,0.376252836,0.352027592,0.091684294,0.162263535,0.35326087,0.117730859,0.350464013,0.35031627,0.347667427,0.378939206,0.359150124,0.128531367,0.141993087,0.138304094,0.141732284,0.104037267,0.103138303,0.131582953,0.130885429,0.107927182,0.120610535,0.139759321,0.112878577,0.12914574,0.167244641,0.137530072,0.132814671,0.133444286,0.13155027,0.136858993,0.116263441,0.130882353,0.128947369,0.125023025,0.11328125,0.110869565,0.117307692,0.148529412,0.126610825,0.148871878,0.074412296,0.110115912,0.104390338,0.121940378,0.117281375,0.100702247,0.110200712,0.097912936,0.148173541,0.105023476,0.103857858,0.108448093,0.156084656,0.100115563,0.15944056,0.115253114,0.11749284,0.272041063,0.128840971,0.08564728,0.113675214,0.11529603,0.096297554,0.088235294,0.086053964,0.315695481,0.128355591,0.114888338,0.065990528,0.124717096,0.118400885,0.786334633,0.114225501,0.097475456,0.104075169,0.10883995,0.102977667,0.110483871,0.101813037,0.1446875,0.097670665,0.103216819,0.119304002,0.101444889,0.159905163,0.109987424,0.150230415,-2,0.079499082,0.300063344,0.307475186,0.119127099,0.104210351,0.102863578,0.121480083,0.120353911,0.117105536,0.161484894,0.118581829,0.128442928,0.102080123,0.083478682,0.09998687,0.12276675,0.122561353,0.115675404,0.124551742,0.110847597,0.164938862,0.470055682,0.159306854,0.331110422,0.198557692,0.151666667,0.621710526,0.171796141,0.157599432,0.199398411,0.609755007,0.654817665,0.735238648,0.702063741,0.197033899
CAN,0.540539702,-2,0.457612345,0.341732486,0.442245004,0.440896739,0.435211597,0.412208406,0.431694579,0.387425373,0.473792173,0.453611501,0.402281746,0.41978022,0.424137284,0.472164628,0.464536808,0.448496786,0.498621324,0.464536517,0.397856243,0.475,0.509485095,0.432640333,0.376143451,0.421818383,0.409937888,0.396829522,0.483316008,0.436564379,0.396142666,0.44829222,0.480377397,0.507258065,0.460631645,0.624706125,0.713957817,0.747057222,0.730086849,0.739705578,0.623976427,0.74006783,0.720519695,0.701080341,0.729900745,0.74826505,0.736605486,0.734594762,0.745573295,0.71064137,0.743505675,0.748045906,0.737487042,0.728611632,0.729658353,0.713622227,0.718229167,0.735885704,0.747594858,0.763960147,0.641758242,0.742252747,0.732584038,0.69464657,0.729400788,0.746272742,0.741997519,0.750178992,0.407754342,0.746483812,0.737487042,0.742462363,0.731300813,0.408712322,0.506196999,0.726222826,0.439390996,0.742462363,0.719137483,0.723852358,0.752515983,0.734419468,0.456688825,0.473934332,0.448391813,0.408827186,0.381140598,0.414679583,0.424287888,0.426760399,0.414756309,0.418528864,0.414393582,0.418009698,0.440756838,0.436914053,0.407477947,0.444418788,0.447177419,0.402776462,0.413077413,0.439583333,0.424414063,0.425438597,0.444326763,0.3515625,0.368297102,0.398076923,0.443891403,0.4375,0.425391257,0.312567812,0.40800843,0.423217024,0.424302139,0.407668558,0.420552435,0.410665761,0.392389413,0.440996599,0.426365099,0.402874969,0.420475825,0.446654457,0.386286595,0.455419581,0.420567188,0.422757056,0.616545893,0.433591812,0.398024948,0.429785839,0.370086496,0.37738186,0.102941177,0.335856592,0.676276882,0.416012806,0.369820099,0.313803244,0.389583333,0.417362057,0.585386388,0.391204288,0.386526999,0.387834822,0.399689826,0.384914415,0.403349876,0.391241639,0.449185363,0.421207828,0.435984849,0.434963953,0.384987894,0.481399748,0.390316496,0.471774194,-2,0.280172414,0.643327703,0.654866983,0.335918114,0.394788887,0.328691225,0.411408391,0.372010343,0.418764255,0.459663596,0.406759511,0.437437966,0.413104528,0.384057971,0.374650838,0.412713962,0.424778305,0.404989919,0.439479735,0.396978759,0.483519405,0.832068467,0.456658879,0.696184864,0.480629588,0.446984127,1,0.449727857,0.429758523,0.515736131,0.668454936,0.704547627,0.735818947,0.755703588,0.530428113
BHS,0.161899535,0.457612345,-2,0.848567393,0.924396032,0.909325397,0.941924216,0.928972713,0.951727553,0.919438203,0.910026234,0.948460732,0.928981401,0.932049419,0.946267817,0.913737881,0.955059763,0.910080506,0.930731796,0.920634921,0.881328562,0.93648567,0.831182796,0.868489583,0.867447917,0.927899651,0.924774775,0.89296875,0.911979167,0.904048688,0.886025333,0.951088993,0.902182335,0.891617748,0.930109505,0.533412965,0.66015625,0.6279024,0.618741367,0.628625691,0.532199586,0.626569442,0.643853306,0.664626947,0.631456611,0.627324381,0.635588843,0.635814824,0.613562587,0.656024019,0.62394663,0.614360324,0.614360324,0.637023416,0.648568436,0.683204207,0.613058036,0.631741522,0.628863087,0.623922414,0.658747799,0.655024285,0.631456611,0.658333333,0.685924551,0.626368553,0.616432148,0.613903179,0.716527106,0.619285899,0.610216679,0.615153668,0.63411821,0.831865004,0.73658173,0.591566079,0.859800363,0.635814824,0.642365211,0.63484116,0.621352015,0.633522727,0.945614035,0.934331797,0.926133731,0.889545057,0.924175382,0.913732394,0.93149654,0.922637195,0.924598998,0.90036526,0.818617335,0.915587742,0.934371909,0.949785135,0.930095264,0.930967515,0.932620172,0.68071534,0.922013762,0.933246753,0.925735294,0.916086562,0.916796213,0.880279232,0.885687382,0.902780474,0.919398181,0.933978873,0.934633028,0.890567766,0.905547753,0.919940476,0.943544488,0.901082251,0.927459408,0.915941169,0.908452381,0.911368778,0.890343309,0.918692661,0.924401272,0.936520377,0.909217507,0.949671445,0.897459893,0.899533018,0.983695653,0.914407804,0.883854167,0.930323401,0.888545429,0.883035715,0.234375,0.845736434,0.684776517,0.933920342,0.871849103,0.829696814,0.887460318,0.913726401,0.191268408,0.901641503,0.896075648,0.89780372,0.898308011,0.890463585,0.897833218,0.891519728,0.936300897,0.9146641,0.864182195,0.849320883,0.832627119,0.878098813,0.858587185,0.9524108,-2,0.828056426,0.629034026,0.668420713,0.777732217,0.892594275,0.822055138,0.913233459,0.862247998,0.900379834,0.949330357,0.891165937,0.928435774,0.933501298,0.91491098,0.893039069,0.906540548,0.9003422,0.914211173,0.931974373,0.904700413,0.947407045,0.510911673,0.865778474,0.684090125,0.746507353,0.930814355,0.802631579,0.863069199,0.804711247,0.746074933,0.440789474,0.37982588,0.30466526,0.357719981,0.810845971
CUB,0.0689818,0.341732486,0.848567393,-2,0.839866864,0.848412699,0.86858207,0.860052167,0.871603444,0.872709924,0.818133168,0.859926059,0.878664575,0.867598684,0.842261905,0.81375904,0.8723313,0.81766529,0.820812808,0.81653401,0.923746061,0.832128099,0.732795699,0.767886513,0.932933691,0.874861853,0.876829268,0.901770256,0.795018992,0.850103022,0.894869403,0.852248244,0.822115385,0.783396291,0.8328125,0.411486951,0.537946428,0.502899878,0.497381525,0.505330628,0.41745364,0.496629755,0.536772261,0.542440049,0.517556662,0.50449382,0.514372859,0.512521404,0.492058368,0.538827055,0.501418471,0.494028253,0.500322831,0.520070788,0.525385184,0.560557666,0.501612103,0.518159807,0.499352555,0.495832146,0.5671875,0.533573251,0.509314904,0.550910739,0.567600723,0.500964658,0.497166895,0.497802703,0.752704327,0.500192637,0.486921616,0.494028253,0.51328125,0.879549294,0.711512323,0.480981121,0.84208925,0.514576199,0.522352686,0.520758006,0.499227335,0.521677541,0.863832659,0.863147074,0.873719677,0.838438309,0.882318841,0.876217229,0.882090432,0.831886574,0.898448043,0.868310105,0.72203174,0.906616235,0.846275811,0.84314693,0.875270847,0.868907725,0.880344169,0.59346647,0.862887597,0.873826903,0.834810757,0.861314705,0.876436782,0.848846925,0.820548502,0.850321262,0.847276036,0.824095395,0.806752279,0.909328818,0.88589811,0.842038691,0.910556698,0.859235669,0.89289889,0.874900794,0.934294872,0.832101689,0.880537867,0.888685016,0.887293853,0.836731589,0.876369642,0.855815348,0.874833666,0.849239145,0.85762987,0.886783316,0.927447628,0.909520349,0.920056497,0.922916667,0.147058824,0.955235351,0.601057868,0.885764376,0.933722527,0.941353037,0.913013175,0.872772014,0.119623779,0.889508929,0.888114754,0.884517438,0.886976305,0.892942994,0.884915866,0.922916667,0.894910484,0.901372213,0.847300691,0.839250517,0.895546436,0.81926208,0.898535428,0.846131723,-2,0.926112345,0.540979642,0.540006868,0.827995868,0.860714286,0.872772233,0.898976725,0.941386555,0.897113895,0.880647322,0.866726357,0.834048764,0.909198844,0.926607205,0.953208138,0.895432692,0.84442423,0.89217033,0.856455618,0.893739298,0.831829897,0.400321062,0.754912015,0.558336195,0.619628703,0.850382004,0.259868421,0.778590563,0.715608466,0.607204434,0.328598485,0.261755952,0.184688755,0.227639695,0.691201825
HTI,0.141677722,0.442245004,0.924396032,0.839866864,-2,0.944282946,0.935434888,0.931478174,0.941897577,0.907333333,0.878777845,0.928707952,0.926375448,0.927733494,0.95453679,0.890872264,0.93560606,0.910617834,0.898761261,0.89278607,0.893802128,0.912311665,0.83121263,0.882430506,0.874511533,0.927958875,0.92886939,0.912188168,0.886282406,0.910441911,0.906008351,0.927364865,0.887241933,0.865334502,0.91410122,0.517810743,0.641049938,0.60389049,0.600575666,0.607911618,0.516511892,0.606779661,0.624757878,0.647174607,0.610940017,0.606604757,0.616112345,0.616336751,0.593835876,0.641824538,0.604418057,0.593835876,0.593835876,0.617382785,0.627228933,0.665858874,0.601639344,0.614085546,0.608161083,0.604545455,0.642136951,0.635220681,0.611789578,0.647042053,0.655488239,0.60389049,0.600338766,0.589130435,0.692599261,0.599045685,0.589500616,0.594722918,0.614371744,0.822256913,0.734720837,0.597733899,0.861097698,0.616336751,0.62318684,0.611789578,0.601207068,0.613950962,0.950664651,0.945443926,0.923243088,0.898,0.905017153,0.933900016,0.931262583,0.919218808,0.908487435,0.91561998,0.842622951,0.912797619,0.952548165,0.909278891,0.922767857,0.925719095,0.932430762,0.719907408,0.916413374,0.948049873,0.939598011,0.934314922,0.931394453,0.88377193,0.872121015,0.913467186,0.91954193,0.930099503,0.965277778,0.86117647,0.894932936,0.913118812,0.932508709,0.934209712,0.943148651,0.922934888,0.889525119,0.920320302,0.900374813,0.926215856,0.924117523,0.913514424,0.906280359,0.933161858,0.8950247,0.910308285,0.965909091,0.908450204,0.887330824,0.923439135,0.866249624,0.864583333,0.234375,0.825922335,0.664360934,0.90422956,0.85303942,0.808309585,0.865178572,0.914035088,0.187168141,0.884236335,0.886721114,0.88442029,0.880744812,0.883367979,0.895444424,0.880299193,0.911363636,0.921786492,0.867529716,0.856036186,0.827767092,0.853178027,0.843651136,0.93945745,-2,0.799286587,0.614195737,0.641824538,0.780761395,0.881730769,0.805611754,0.89632353,0.841721977,0.908766928,0.932114021,0.919089148,0.918814556,0.937648175,0.920536636,0.870833334,0.889403316,0.89804885,0.903973989,0.944181244,0.885304956,0.910829307,0.494259933,0.835787488,0.65815408,0.75343575,0.918717949,0.605263158,0.870231747,0.81618123,0.734767026,0.46875,0.362794071,0.281700131,0.347258316,0.796661794
DOM,0.13451087,0.440896739,0.909325397,0.848412699,0.944282946,-2,0.922307491,0.930357143,0.929809436,0.929438203,0.881793478,0.932880357,0.943208318,0.921942739,0.959869431,0.891093325,0.931109638,0.907442098,0.90479563,0.902202832,0.919263639,0.907261155,0.808318603,0.86004923,0.874432791,0.93986422,0.942642643,0.919841609,0.876921107,0.915254598,0.921920956,0.921979788,0.893342392,0.859035326,0.908754281,0.504245924,0.629585598,0.593480417,0.591372282,0.601690574,0.508152174,0.599093634,0.624364838,0.635960602,0.613451087,0.599302686,0.610137195,0.606230945,0.586310031,0.630303608,0.594354282,0.589164403,0.593240489,0.607266695,0.622029959,0.65234375,0.600265293,0.612912853,0.602658805,0.592849067,0.639656598,0.633755388,0.601222826,0.641306199,0.66185462,0.595986209,0.595278532,0.590642706,0.701766304,0.589970782,0.583440061,0.589970782,0.607915522,0.834752287,0.736406488,0.58503214,0.880805262,0.606230945,0.612466125,0.614739442,0.595278532,0.613451087,0.941074432,0.941179907,0.926378447,0.877849151,0.910869566,0.941743915,0.941951121,0.901334537,0.925735112,0.918406367,0.817712365,0.933974359,0.935228377,0.909830097,0.907657201,0.91251421,0.9290457,0.704980564,0.919719827,0.930331541,0.914860681,0.92032385,0.947300469,0.887719298,0.909408636,0.916051572,0.897363383,0.906734914,0.939854452,0.904223228,0.902268006,0.912393576,0.943976626,0.941597362,0.948911787,0.924679278,0.902824859,0.911437247,0.903872784,0.929116767,0.93151341,0.896613905,0.932592132,0.940989971,0.906055392,0.900815276,0.9439441,0.902993018,0.896832192,0.920783051,0.868156424,0.867710372,0.203125,0.838252149,0.670849688,0.902808676,0.859035326,0.818570051,0.869727573,0.910238751,0.184733607,0.887725069,0.893477491,0.89640255,0.879076087,0.889096468,0.893002718,0.880133007,0.913869559,0.936421269,0.88367737,0.867727951,0.841958451,0.857486264,0.851948833,0.919213871,-2,0.821514865,0.599162862,0.631623642,0.784049302,0.880976677,0.816790455,0.897429978,0.846966759,0.921385389,0.931408898,0.920405983,0.907269022,0.95380353,0.919736842,0.877175233,0.894870924,0.909330538,0.911080918,0.929387019,0.905265498,0.913265306,0.503207571,0.859010234,0.647758153,0.744608948,0.929545877,0.66118421,0.860456216,0.80206058,0.722127417,0.434782608,0.3646261,0.293252342,0.344519317,0.789655173
JAM,0.132364242,0.435211597,0.941924216,0.86858207,0.935434888,0.922307491,-2,0.961309524,0.983531746,0.965955056,0.919246646,0.959099791,0.960518835,0.98177836,0.980307577,0.898276969,0.963387189,0.914715325,0.905877976,0.890269887,0.896661932,0.931096312,0.82730464,0.880151099,0.888822116,0.979337905,0.965623363,0.918193494,0.881996909,0.941020976,0.919148644,0.945325314,0.904855671,0.868148054,0.92475666,0.498616315,0.623463115,0.587810797,0.583055841,0.592069778,0.497374488,0.588137049,0.618283805,0.631147541,0.603163422,0.592426395,0.599891434,0.598028781,0.576716188,0.624233652,0.586554276,0.576716188,0.58491291,0.602982955,0.610216679,0.647669057,0.587503363,0.607275871,0.591060451,0.586478508,0.637526187,0.626625723,0.595804241,0.639330051,0.657914959,0.587810797,0.58286373,0.581999144,0.704469775,0.583723603,0.57350562,0.577592813,0.596106664,0.852054001,0.75193189,0.583746556,0.885848919,0.600072378,0.606515722,0.605212603,0.5857672,0.608065821,0.970538048,0.969444445,0.966165414,0.871240602,0.925,0.958333334,0.950268817,0.942688545,0.942451402,0.937688408,0.822916667,0.951298395,0.954605263,0.935805486,0.964705882,0.968903941,0.97261236,0.68735363,0.957653061,0.96143371,0.93984375,0.964976751,0.963782051,0.89414267,0.914369529,0.941596799,0.942008053,0.914332829,0.947275685,0.924084249,0.942864293,0.934004884,0.972457627,0.939655172,0.974669499,0.955743475,0.924423451,0.926969546,0.926568714,0.958337448,0.963783862,0.9524618,0.944178897,0.952597403,0.921486928,0.947111631,0.976010101,0.935002562,0.907151442,0.952047414,0.897690344,0.900106838,0.220588235,0.862142857,0.694831895,0.944799778,0.892738217,0.844927014,0.89219763,0.94890599,0.164162747,0.912406943,0.917444073,0.920711024,0.91899334,0.907261155,0.932953381,0.902214261,0.953381544,0.941700712,0.890229767,0.886568716,0.85672422,0.878712017,0.875757445,0.961456458,-2,0.847227958,0.608508134,0.636495231,0.811923668,0.924295433,0.827321157,0.918229167,0.875391062,0.929431353,0.95997477,0.931013431,0.935002562,0.960460335,0.949677516,0.906171086,0.918979905,0.945546662,0.939677254,0.948808425,0.921385389,0.91590324,0.488398331,0.85235849,0.647861168,0.703365385,0.948481314,0.542763158,0.869078684,0.793942042,0.706794529,0.402732684,0.347625362,0.272431206,0.332424988,0.783058471
TTO,0.126758011,0.412208406,0.928972713,0.860052167,0.931478174,0.930357143,0.961309524,-2,0.962972689,0.954528302,0.927795031,0.952658303,0.975143325,0.97154877,0.985714286,0.871437918,0.953220612,0.905556363,0.875615764,0.875769704,0.891392238,0.90292881,0.795215311,0.870960296,0.87488458,0.978932584,0.97069378,0.922437673,0.871191136,0.933270677,0.918490917,0.930396826,0.886880663,0.853342033,0.914127424,0.487239734,0.615811223,0.576923077,0.569595477,0.584565753,0.48231115,0.57523745,0.60654039,0.623812639,0.582499637,0.57906954,0.587466262,0.585140737,0.568975962,0.616577501,0.570838862,0.56984921,0.56984921,0.590131579,0.59914976,0.641832948,0.576427045,0.585272873,0.578113672,0.576481421,0.634018333,0.61485346,0.583345383,0.626500462,0.643178194,0.575226914,0.573981442,0.562795975,0.708750182,0.576898978,0.564832315,0.57071766,0.582017544,0.840135526,0.762605042,0.569711538,0.886086412,0.587201176,0.599931319,0.588697985,0.576898978,0.591587141,0.952889908,0.952832944,0.952284323,0.854227104,0.920337529,0.97000212,0.959129,0.950256739,0.949517045,0.949072527,0.815515351,0.957020058,0.968551392,0.91761416,0.959705882,0.951867934,0.95896108,0.686667591,0.958815029,0.931046196,0.917391304,0.958304196,0.969827586,0.90625,0.919690447,0.961042312,0.911880784,0.890024039,0.931349643,0.913636363,0.91915897,0.9309496,0.956437225,0.93407173,0.977950928,0.967857143,0.918886686,0.917156863,0.934568057,0.953738965,0.964184518,0.927110746,0.948371041,0.938102709,0.934641356,0.923627509,0.949534162,0.920218936,0.896121884,0.927848327,0.895678551,0.887106747,0.176470588,0.85718933,0.67315341,0.92055336,0.882267653,0.835707166,0.880783279,0.933520693,0.164201878,0.921163202,0.923720726,0.923490529,0.911447006,0.917787256,0.922285052,0.900109649,0.923330746,0.958799751,0.885327636,0.882797271,0.849585576,0.858460747,0.876727433,0.944053018,-2,0.846680841,0.59545657,0.622228648,0.823908946,0.917510893,0.860045204,0.933560925,0.881133312,0.932490065,0.933325857,0.961904762,0.94138756,0.961615897,0.954881657,0.900178572,0.930945151,0.950019279,0.942554605,0.939694733,0.939717081,0.893533441,0.474612011,0.82946299,0.632340148,0.674656227,0.923460833,0.389705882,0.865132656,0.773608677,0.68381356,0.397101449,0.324431188,0.25337933,0.302559163,0.773231032
BRB,0.126963916,0.431694579,0.951727553,0.871603444,0.941897577,0.929809436,0.983531746,0.962972689,-2,0.958679245,0.919295521,0.963210904,0.962252235,0.977380087,0.974450031,0.89296875,0.961017918,0.899739584,0.892619048,0.890560332,0.8997177,0.917893006,0.822524486,0.889583333,0.896174269,0.973396108,0.967424243,0.919791667,0.876555971,0.924374567,0.923103672,0.927875858,0.897595822,0.858390322,0.913541667,0.495381561,0.622410221,0.59002017,0.580819339,0.58984375,0.494059471,0.585658239,0.608144855,0.629365151,0.593642093,0.58931854,0.597785739,0.598023136,0.578492902,0.622410221,0.588439256,0.578492902,0.578492902,0.603046438,0.610326944,0.646797307,0.579151786,0.600536553,0.589735843,0.587150158,0.626588983,0.615433674,0.593642093,0.629427083,0.648134522,0.59002017,0.582648026,0.575793651,0.701653393,0.583520373,0.574337777,0.579376726,0.598005412,0.854804825,0.748527547,0.581120397,0.891341829,0.598023136,0.606594756,0.596942088,0.583520373,0.597785739,0.965797521,0.96875,0.958821582,0.865079365,0.938142293,0.962265259,0.962523719,0.936757093,0.950517319,0.930194806,0.823087033,0.942775612,0.956911474,0.931372549,0.960256585,0.955951088,0.964182883,0.691666667,0.954259095,0.952267988,0.951926878,0.96965799,0.957358097,0.892447917,0.920909148,0.935024039,0.93099096,0.905345395,0.961981567,0.916941392,0.930402729,0.935185185,0.960686517,0.937349915,0.976755014,0.955227983,0.925476191,0.927205882,0.927561476,0.961941057,0.958970983,0.941722459,0.948143236,0.943739935,0.919125978,0.934452359,0.982954545,0.928529692,0.906347928,0.953762755,0.903237011,0.897223328,0.234375,0.857216618,0.68964019,0.938350736,0.883818819,0.845026397,0.891636142,0.944853429,0.161607391,0.916081461,0.925196308,0.920337302,0.914484505,0.914882597,0.928529692,0.905900838,0.942443064,0.949900794,0.894679487,0.87775087,0.853713937,0.867023372,0.870654846,0.952724204,-2,0.848577977,0.611011905,0.628625691,0.806115824,0.916025672,0.838194444,0.929711603,0.872590562,0.92890625,0.957522322,0.932738648,0.938917504,0.960422464,0.948009397,0.90521934,0.918551451,0.939269682,0.942949479,0.942670924,0.918788847,0.911864875,0.489166092,0.848628692,0.646305835,0.707230392,0.945652174,0.52631579,0.843197483,0.778568994,0.706365658,0.409661572,0.346541857,0.271562546,0.331446096,0.785158373
DMA,0.089962687,0.387425373,0.919438203,0.872709924,0.907333333,0.929438203,0.965955056,0.954528302,0.958679245,-2,0.925783132,0.916896552,0.978461539,0.961412214,0.989726028,0.85131579,0.923846154,0.913609023,0.883228346,0.879230769,0.906022727,0.876966292,0.811914794,0.857924529,0.887735849,0.96880597,0.988636364,0.926165414,0.840943396,0.916828359,0.934980545,0.916629213,0.837649254,0.813595506,0.900037314,0.419813433,0.546567164,0.516977612,0.502921349,0.520112359,0.418619403,0.513614458,0.543768657,0.54258427,0.535373134,0.524179105,0.52977612,0.522574627,0.507303371,0.546567164,0.514179105,0.507303371,0.518539326,0.528171642,0.528571428,0.554962687,0.524904943,0.533664122,0.515730337,0.515730337,0.578015267,0.548235294,0.526977612,0.554962687,0.559438202,0.516977612,0.511380597,0.514473684,0.755708955,0.514179105,0.505783582,0.508582089,0.511380597,0.859649123,0.748867925,0.503654971,0.883661685,0.522574627,0.52472015,0.539775281,0.511380597,0.535373134,0.933730545,0.919117647,0.9375,0.892857143,0.901882764,0.977272728,0.943207547,0.927317073,0.962643678,0.946264368,0.821924687,0.943068182,0.953583333,0.89014738,0.930518018,0.948174157,0.942234849,0.756971466,0.951744186,0.93387657,0.903717628,0.985714286,0.96668257,0.945,0.928082192,0.945319149,0.924,0.896595437,0.904268293,0.9171875,0.937061069,0.946431536,0.957386364,0.971991702,0.985687023,0.961910112,0.911498092,0.893448796,0.93505618,0.967519685,0.977011494,0.904782609,0.945650279,0.920271179,0.935221354,0.942649813,0.95,0.913820225,0.913820225,0.92484375,0.874135376,0.892075472,0.183333333,0.862636907,0.625484496,0.914862121,0.885730337,0.85308908,0.894864341,0.930377358,0.136741573,0.904410647,0.93297956,0.923609023,0.899775281,0.902835821,0.905634328,0.884157303,0.917156863,0.943423486,0.896849593,0.869038461,0.864319621,0.818301887,0.884772727,0.943733596,-2,0.847024794,0.546567164,0.550559702,0.847977528,0.91490566,0.860037594,0.912528736,0.878160919,0.93505618,0.929770115,0.941886793,0.930674157,0.965034049,0.975903615,0.911860465,0.920037314,0.94522388,0.939101124,0.948631179,0.919626866,0.891945702,0.428619403,0.804938272,0.570674158,0.681122449,0.921520913,0.354166667,0.828192641,0.780240964,0.661590909,0.428483732,0.282738096,0.234354414,0.296003017,0.723031136
GRD,0.161322537,0.473792173,0.910026234,0.818133168,0.878777845,0.881793478,0.919246646,0.927795031,0.919295521,0.925783132,-2,0.895046083,0.911389361,0.921332885,0.897690851,0.862229102,0.909684066,0.891898865,0.858153639,0.861651718,0.854525332,0.874147174,0.796792328,0.851054266,0.853111039,0.92265625,0.916659914,0.879256966,0.869142966,0.891997301,0.873204496,0.907480098,0.867300945,0.850999025,0.902992776,0.528960864,0.661430499,0.636504724,0.629020468,0.637792397,0.532285575,0.634474816,0.658893388,0.672510121,0.636275303,0.635391047,0.645506073,0.648043185,0.625644995,0.659122807,0.631659919,0.626461988,0.628776803,0.649696672,0.656310916,0.670202429,0.630194627,0.646540179,0.635721248,0.632897604,0.662748171,0.649122807,0.640890689,0.57330827,0.669468811,0.633406433,0.617202729,0.621832359,0.69834308,0.631889339,0.621832359,0.627273954,0.643446853,0.810044643,0.742324562,0.617260062,0.846153846,0.643427801,0.645934066,0.642422027,0.631889339,0.643198381,0.910650397,0.893694049,0.897842074,0.888655463,0.850792812,0.915181691,0.899949933,0.926795081,0.904851752,0.889107957,0.817181606,0.904761905,0.919140862,0.874627976,0.885456577,0.913521262,0.913678845,0.684345048,0.910483871,0.887043908,0.857051282,0.948113207,0.923809524,0.874251497,0.856616801,0.901864035,0.86523795,0.903180662,0.864455049,0.842207792,0.874938129,0.880447942,0.905381945,0.8922643,0.923339161,0.910458839,0.876386872,0.869775027,0.898029834,0.915102812,0.911235755,0.868498543,0.884680135,0.892252604,0.881769137,0.882605821,0.851041667,0.885533064,0.860098616,0.88686749,0.844967021,0.845302795,0.1875,0.804801105,0.688419224,0.878783038,0.835038986,0.786937195,0.838006142,0.891498448,0.202380952,0.858449189,0.865250637,0.868545445,0.860258285,0.858299595,0.866715399,0.85124269,0.894967272,0.903346613,0.847191255,0.84533504,0.806014151,0.83245614,0.826197547,0.920788531,-2,0.782133428,0.617202729,0.650350877,0.757309942,0.877047316,0.786893705,0.890143992,0.832467021,0.887305069,0.901399067,0.89628483,0.898635478,0.915,0.902783019,0.859511369,0.878380567,0.894075574,0.891934698,0.891229973,0.885074224,0.873183761,0.533805668,0.803211889,0.676900585,0.687700379,0.886060855,0.583333333,0.809784412,0.768026316,0.709959817,0.446969697,0.369724026,0.315669856,0.366641337,0.783018868
LCA,0.158309958,0.453611501,0.948460732,0.859926059,0.928707952,0.932880357,0.959099791,0.952658303,0.963210904,0.916896552,0.895046083,-2,0.943619168,0.945644181,0.940453863,0.905153767,0.973377381,0.897089251,0.909699866,0.895356828,0.891495601,0.922824456,0.836184211,0.873089983,0.893887946,0.94230221,0.932605267,0.912254303,0.890633842,0.914305751,0.903776799,0.923158796,0.910273493,0.867123031,0.912251501,0.513183731,0.646072932,0.608161083,0.602681921,0.616958928,0.511768568,0.609282701,0.633029453,0.646962456,0.615953717,0.615638148,0.624333801,0.624649369,0.600173481,0.65010519,0.610797888,0.600173481,0.600173481,0.630131965,0.63856305,0.67048012,0.596669465,0.623253953,0.608566204,0.614202658,0.633519192,0.639859618,0.619985975,0.65327283,0.663939422,0.608161083,0.615953717,0.593330307,0.711904539,0.60539972,0.596704068,0.601051893,0.620234605,0.850017397,0.745660559,0.59286665,0.877196156,0.624649369,0.629650749,0.623499625,0.60539972,0.622159888,0.955213465,0.954650474,0.95607182,0.846083789,0.924439763,0.94120294,0.9524618,0.936100267,0.935655483,0.916678729,0.816168694,0.941446794,0.947602371,0.945762712,0.96367705,0.95162172,0.95630032,0.664709998,0.931283645,0.932683184,0.934710744,0.928004976,0.953093607,0.860887097,0.904537361,0.918481611,0.9281935,0.900307503,0.937724282,0.894285715,0.927133885,0.915782707,0.963500129,0.91620162,0.951424341,0.940526115,0.928676471,0.935010482,0.902690616,0.941761837,0.938515052,0.948790323,0.927107917,0.953057477,0.920049858,0.911920988,0.973318714,0.933725619,0.904499152,0.947507332,0.907807642,0.909907967,0.220588235,0.871879815,0.687442911,0.947079557,0.891433796,0.852083333,0.898574695,0.933455565,0.184143773,0.919069369,0.924509804,0.918833342,0.92348087,0.913078541,0.931545386,0.906367217,0.951341282,0.933748404,0.884077003,0.866871166,0.853034459,0.865469208,0.877819012,0.937179288,-2,0.847135811,0.611144205,0.656626929,0.793112341,0.904331307,0.832337221,0.928812203,0.877457344,0.925661103,0.962385653,0.912917374,0.925004689,0.94491664,0.940530675,0.903960103,0.925490884,0.918969145,0.93616565,0.924361138,0.921774193,0.927467358,0.515042076,0.870588236,0.675168793,0.738965605,0.945833333,0.791666667,0.873650941,0.801646398,0.727030948,0.451388889,0.374980563,0.29290203,0.348166368,0.812085473
VCT,0.111833689,0.402281746,0.928981401,0.878664575,0.926375448,0.943208318,0.960518835,0.975143325,0.962252235,0.978461539,0.911389361,0.943619168,-2,0.978661276,0.9800848,0.874988119,0.943201247,0.909347971,0.879407934,0.877311781,0.914199914,0.899869699,0.798205464,0.862290863,0.906263406,0.982684631,0.988132911,0.927157589,0.861754612,0.931051588,0.937175493,0.930254465,0.890625,0.851125326,0.917472163,0.463789682,0.596114665,0.557787699,0.552866619,0.563988095,0.46209429,0.556228974,0.596478175,0.604788558,0.574235963,0.561755953,0.570684524,0.568948413,0.54787965,0.596974207,0.558225109,0.54787965,0.556834873,0.574273284,0.584077381,0.622767857,0.559545853,0.577173278,0.556834873,0.554804923,0.631156189,0.596277102,0.566220238,0.615982321,0.628678038,0.557787699,0.555555555,0.551385324,0.720362474,0.555555555,0.544394841,0.548859127,0.570026613,0.864827943,0.758199333,0.550300301,0.892672751,0.571180556,0.579925115,0.576474769,0.555555555,0.577380952,0.949228293,0.944842233,0.958359545,0.85915978,0.933300396,0.979607251,0.950140727,0.940685046,0.959071618,0.96456422,0.809758002,0.957575758,0.95669302,0.90975327,0.956569184,0.953058322,0.949242425,0.689571248,0.970949793,0.940158371,0.900609756,0.966798695,0.972775424,0.916047298,0.93392495,0.956946436,0.928737864,0.883155469,0.895089286,0.921651786,0.935968446,0.936590765,0.967088822,0.963056177,0.984152805,0.967885657,0.940056238,0.907367475,0.947678414,0.971733112,0.966140808,0.918743727,0.964025424,0.941290394,0.948465879,0.927443428,0.955176768,0.925207297,0.927177177,0.927910053,0.906831178,0.906095612,0.147058824,0.876317693,0.672872876,0.932383394,0.891423833,0.858276446,0.897195916,0.929338321,0.130129086,0.916558441,0.934624337,0.927322774,0.906076759,0.912946429,0.920729685,0.895901445,0.941400362,0.969592476,0.896967513,0.884870973,0.86931948,0.86207927,0.893831169,0.935455975,-2,0.861584107,0.571072141,0.605902778,0.818561953,0.91466179,0.852351748,0.941404931,0.904834495,0.950035536,0.942496613,0.953238953,0.933143805,0.97227103,0.976581375,0.931227599,0.935019842,0.956349206,0.962248283,0.950382517,0.946180556,0.898978215,0.457093254,0.823968513,0.620232173,0.684294872,0.923214988,0.354166667,0.870627919,0.787301588,0.684490482,0.362693798,0.320793381,0.247630458,0.293628374,0.751192223
ATG,0.123296704,0.41978022,0.932049419,0.867598684,0.927733494,0.921942739,0.98177836,0.97154877,0.977380087,0.961412214,0.921332885,0.945644181,0.978661276,-2,0.98255814,0.877022547,0.94558268,0.918269231,0.890762062,0.884590195,0.896131485,0.913356844,0.816844554,0.879405897,0.886366659,0.981097334,0.975326754,0.915517242,0.870283751,0.93489011,0.919871795,0.938838139,0.887362638,0.851487768,0.919496021,0.472802198,0.603021978,0.569575893,0.560568658,0.570409963,0.471214459,0.564122534,0.604725275,0.610962196,0.582032967,0.568896321,0.577747253,0.578186813,0.55796782,0.603021978,0.567967353,0.55796782,0.565649868,0.583314807,0.589769678,0.621982759,0.568469492,0.586213235,0.563494695,0.565392648,0.628366794,0.602794015,0.573461539,0.621220159,0.624137931,0.567433036,0.563186813,0.563442888,0.703879216,0.563186813,0.553669826,0.558901099,0.574107737,0.851598918,0.74006783,0.57240634,0.886662202,0.578186813,0.58671875,0.583303945,0.563186813,0.586318681,0.960878489,0.966100231,0.961614174,0.869800509,0.922042467,0.963582111,0.938734312,0.95012288,0.944909202,0.940896358,0.832059635,0.949518412,0.953971299,0.926271471,0.958,0.954773685,0.956641366,0.718237705,0.965793482,0.936431624,0.925914634,0.958333333,0.96533269,0.900930851,0.909127756,0.946030176,0.91809334,0.899268617,0.939482245,0.906948933,0.929217274,0.931260146,0.961786114,0.938788057,0.97827381,0.9584384,0.924034824,0.925053989,0.936735262,0.955035129,0.967138882,0.935896436,0.947108355,0.942282904,0.928811189,0.935731554,0.976010101,0.918448314,0.901193634,0.932867133,0.88988352,0.889405708,0.191176471,0.852802592,0.661194601,0.926789279,0.875578576,0.840175953,0.869054204,0.93308424,0.152518393,0.907669947,0.909675095,0.912715517,0.902160018,0.898956044,0.918448314,0.88567141,0.93555857,0.954254202,0.884016613,0.883261212,0.851208669,0.861370752,0.866122541,0.943891558,-2,0.843845483,0.584590517,0.615879121,0.802622879,0.914588153,0.831691298,0.917351974,0.876934985,0.929973475,0.940828402,0.939283779,0.936885608,0.963661647,0.948717949,0.905492071,0.906208792,0.943901099,0.940029549,0.943953804,0.926758242,0.904385965,0.470659341,0.846661148,0.627529205,0.686453975,0.933714573,0.46381579,0.857008761,0.796950362,0.698924731,0.425339148,0.349423194,0.268844798,0.334556547,0.764946775
KNA,0.153132033,0.424137284,0.946267817,0.842261905,0.95453679,0.959869431,0.980307577,0.985714286,0.974450031,0.989726028,0.897690851,0.940453863,0.9800848,0.98255814,-2,0.865524827,0.942235559,0.942551854,0.896520147,0.898449612,0.913553184,0.906065368,0.839272318,0.914465369,0.892143306,0.980307577,0.977773407,0.927044261,0.882275298,0.920292573,0.925315614,0.930138785,0.850431358,0.829572596,0.922074269,0.419167292,0.549512378,0.501594148,0.505626406,0.51144036,0.410465116,0.493126386,0.527569393,0.544354839,0.515472619,0.503375844,0.51144036,0.513690923,0.489497374,0.553544636,0.495311328,0.491546197,0.495600252,0.510190391,0.539666167,0.557108027,0.499809379,0.52039897,0.499654306,0.497297297,0.593665682,0.55890621,0.503375844,0.574387178,0.545011253,0.505626406,0.509658665,0.489497374,0.673601509,0.49756189,0.489497374,0.493529632,0.523068267,0.803379416,0.708791209,0.534121622,0.855634283,0.509658665,0.532450077,0.509522313,0.501594148,0.515472619,0.952871622,0.945535714,0.932926829,0.894638868,0.921791444,0.967567568,0.955763397,0.950931633,0.947297298,0.960797491,0.903124554,0.935669391,0.972800279,0.924522426,0.94928344,0.957561132,0.951804915,0.866825248,0.963781929,0.96271689,0.932148176,0.97887324,0.96985407,0.94,0.969159836,0.970601141,0.939656274,0.898635236,0.920982143,0.920774648,0.928690737,0.951285422,0.943018018,0.960036688,0.979166667,0.969992498,0.915049172,0.941686183,0.922940014,0.951028481,0.975675676,0.938438086,0.968934912,0.927203648,0.912919183,0.925643501,0.958896397,0.918042011,0.898349587,0.920368435,0.877816808,0.890916149,0.1875,0.833024534,0.590100831,0.92144309,0.871873036,0.810897436,0.874611802,0.931907229,0.186643621,0.903303093,0.93687036,0.919738864,0.893903205,0.910446362,0.914009753,0.884471118,0.927976191,0.940304487,0.848357816,0.832417582,0.805421687,0.837146449,0.851586198,0.981319061,-2,0.794054878,0.533846638,0.577738185,0.766691673,0.891513057,0.800731433,0.94253876,0.865499545,0.933909491,0.941121675,0.949771254,0.96239685,0.964896914,0.969827586,0.893966909,0.943548387,0.957895724,0.964178544,0.969723295,0.926106527,0.869669612,0.453675919,0.883858539,0.569673669,0.810314686,0.942017599,0.34375,0.876666667,0.879518453,0.764740566,0.518229167,0.371589085,0.297520389,0.377377377,0.772779261
MEX,0.16444122,0.472164628,0.913737881,0.81375904,0.890872264,0.891093325,0.898276969,0.871437918,0.89296875,0.85131579,0.862229102,0.905153767,0.874988119,0.877022547,0.865524827,-2,0.912688326,0.890389799,0.911388644,0.888903602,0.849578504,0.937785863,0.84045889,0.851125704,0.832253345,0.889129566,0.879816454,0.859207776,0.909849907,0.888149688,0.858974359,0.918571104,0.923968484,0.91223305,0.917658772,0.558749741,0.680883268,0.647489892,0.643064483,0.64934334,0.558552768,0.649540518,0.675651365,0.694333043,0.658843044,0.6471942,0.657506204,0.659708437,0.638097714,0.67748139,0.648524763,0.638824383,0.646910637,0.661089047,0.669735183,0.703564728,0.639583333,0.666832583,0.649562226,0.648821827,0.687186571,0.670398943,0.652778354,0.673733583,0.71429314,0.646087398,0.64286751,0.642736487,0.698880365,0.641563275,0.633302064,0.639547146,0.661496542,0.791570924,0.744851109,0.623574483,0.830033606,0.657692308,0.664188508,0.666929297,0.64286751,0.664907734,0.914106583,0.900694444,0.893236809,0.813909774,0.862365895,0.878124717,0.883051292,0.87465035,0.868703991,0.849150616,0.782307692,0.884050063,0.893039894,0.90623527,0.880618543,0.898756599,0.898362387,0.639094797,0.877507413,0.880376344,0.868382353,0.86880531,0.890902794,0.79622055,0.8125,0.863514146,0.882522624,0.898976293,0.859552078,0.83607595,0.862908325,0.873842593,0.912813503,0.872592925,0.888206214,0.87306284,0.853564192,0.867429451,0.852288579,0.881491116,0.882732145,0.903108466,0.854059012,0.91315621,0.851475279,0.877533784,0.953502415,0.875987526,0.858288043,0.889505495,0.830094001,0.830672554,0.220588235,0.795931911,0.684402595,0.882478632,0.828509227,0.781867126,0.848668176,0.870581455,0.205311917,0.846703297,0.843192406,0.839145071,0.854395604,0.83842007,0.858044786,0.849085751,0.9015625,0.870189773,0.825711382,0.819313126,0.795846931,0.854162276,0.815006305,0.917695853,-2,0.775709039,0.643172554,0.676840141,0.752182952,0.851272649,0.763937282,0.853794643,0.80687895,0.872349272,0.90919639,0.863025801,0.871801783,0.893359511,0.8750969,0.841467697,0.852177069,0.854497519,0.85783777,0.904848031,0.852853598,0.929246681,0.5316067,0.848040752,0.700901929,0.718035886,0.904385605,0.881578947,0.809634402,0.790396342,0.732679914,0.466594827,0.394125683,0.319732758,0.359102027,0.825499657
BLZ,0.158774469,0.464536808,0.955059763,0.8723313,0.93560606,0.931109638,0.963387189,0.953220612,0.961017918,0.923846154,0.909684066,0.973377381,0.943201247,0.94558268,0.942235559,0.912688326,-2,0.90462381,0.923870215,0.916164417,0.898492286,0.936474654,0.837920269,0.874513348,0.90336485,0.953320964,0.936722408,0.91911221,0.906840934,0.925937414,0.906545044,0.939599962,0.919768404,0.883663594,0.914905451,0.528122415,0.659153571,0.619588062,0.612050691,0.626543779,0.526843318,0.62184265,0.640164048,0.658843981,0.627343535,0.622258065,0.631617039,0.629721533,0.610962196,0.659153571,0.620301543,0.611797235,0.610962196,0.635214279,0.64432703,0.67866716,0.611316764,0.629134311,0.617409188,0.62125,0.655509976,0.653691538,0.627343535,0.663723582,0.676518163,0.618782202,0.618225807,0.60507774,0.717419355,0.619037772,0.606664202,0.612627516,0.633271299,0.856334016,0.769252764,0.600052947,0.891533104,0.631858285,0.642917193,0.628686636,0.619037772,0.631617039,0.958333333,0.951388889,0.960730314,0.867607527,0.940930553,0.939319069,0.954782771,0.931120892,0.941091954,0.921824334,0.803754797,0.942052744,0.941337258,0.95,0.951668723,0.958556978,0.962910437,0.668061924,0.930471125,0.950586354,0.930271084,0.921498662,0.942271692,0.858388158,0.883985973,0.919549321,0.926839544,0.916666667,0.933411215,0.915993789,0.925647959,0.918494018,0.97182081,0.911452763,0.949677516,0.929939231,0.926225491,0.925252898,0.91248184,0.935018492,0.940765981,0.94509804,0.914731281,0.955555556,0.928232159,0.917177986,0.982954545,0.94718894,0.909884793,0.9564661,0.910893413,0.912729721,0.235294118,0.867106645,0.705671447,0.95625,0.892488479,0.853790088,0.905629537,0.946756847,0.187201964,0.92598931,0.923126801,0.917386913,0.928410138,0.913840639,0.925937414,0.917449103,0.960459995,0.937201039,0.891506651,0.874937059,0.861546896,0.885760503,0.883274895,0.948651772,-2,0.84862234,0.611325098,0.665563827,0.804009217,0.914046907,0.831936485,0.935776418,0.885964912,0.936858767,0.977876106,0.915578228,0.930046083,0.954418254,0.943396984,0.909364573,0.930452165,0.921905156,0.93236534,0.931733359,0.920250896,0.935417718,0.519575407,0.858587889,0.679608295,0.72946545,0.943862276,0.833333334,0.870298477,0.799517637,0.731279696,0.445984163,0.373293493,0.293459349,0.353695324,0.807610242
