2009,USA,CAN,BHS,CUB,HTI,DOM,JAM,TTO,BRB,DMA,GRD,LCA,VCT,ATG,KNA,MEX,BLZ,GTM,HND,SLV,NIC,CRI,PAN,COL,VEN,GUY,SUR,ECU,PER,BRA,BOL,PRY,CHL,ARG,URY,GBR,IRL,NLD,BEL,LUX,FRA,MCO,LIE,CHE,ESP,AND,PRT,DEU,POL,AUT,HUN,CZE,SVK,ITA,SMR,MLT,ALB,MNE,MKD,HRV,SRB,BIH,SVN,GRC,CYP,BGR,MDA,ROU,RUS,EST,LVA,LTU,UKR,BLR,ARM,GEO,AZE,FIN,SWE,NOR,DNK,ISL,CPV,STP,GNB,GNQ,GMB,MLI,SEN,BEN,MRT,NER,CIV,GIN,BFA,LBR,SLE,GHA,TGO,CMR,NGA,GAB,CAF,TCD,COG,COD,UGA,KEN,TZA,BDI,RWA,SOM,DJI,ETH,ERI,AGO,MOZ,ZMB,ZWE,MWI,ZAF,NAM,LSO,BWA,SWZ,MDG,COM,MUS,SYC,MAR,DZA,TUN,LBY,SDN,SSD,IRN,TUR,IRQ,EGY,SYR,LBN,JOR,ISR,SAU,YEM,KWT,BHR,QAT,ARE,OMN,AFG,TKM,TJK,KGZ,UZB,KAZ,CHN,MNG,TWN,PRK,KOR,JPN,IND,BTN,PAK,BGD,MMR,LKA,MDV,NPL,THA,KHM,LAO,VNM,MYS,SGP,BRN,PHL,IDN,TLS,AUS,PNG,NZL,VUT,SLB,KIR,TUV,FJI,TON,NRU,MHL,PLW,FSM,WSM
USA,-2,0.723769644,0.210216512,0.075077267,0.211160333,0.169836957,0.200371414,0.170907641,0.198571305,0.083320896,0.18242915,0.214060309,0.132515992,0.164175825,0.190578895,0.229172715,0.214215146,0.191188057,0.246752107,0.19434419,0.104056902,0.240037321,0.280214803,0.215124036,0.084135918,0.158406982,0.154315379,0.069866584,0.21975052,0.176954178,0.091033095,0.175273335,0.22157775,0.248014889,0.193467809,0.560215054,0.432089091,0.471396169,0.461414392,0.450987526,0.516191067,0.465500486,0.421220871,0.410812103,0.459857703,0.436030183,0.449659724,0.451670447,0.465001037,0.420550629,0.464102564,0.46746278,0.462979474,0.449176569,0.435348984,0.421829522,0.454861111,0.430291782,0.436070686,0.471094824,0.340972664,0.434120879,0.449203887,0.439501039,0.43383786,0.456081081,0.43632134,0.442796075,0.206007031,0.461868427,0.463201664,0.463879151,0.414778428,0.116582937,0.212818004,0.451086957,0.163537405,0.434770056,0.439688757,0.43383786,0.464774607,0.437665426,0.180774824,0.213997696,0.163060429,0.047244095,0.121635611,0.143669052,0.192009132,0.18721822,0.139424003,0.183060654,0.210689004,0.157844772,0.185125083,0.21968264,0.172280139,0.179864778,0.184266375,0.174997631,0.195279528,0.205421147,0.243627451,0.17631579,0.172821882,0.079427083,0.136956522,0.151923077,0.216176471,0.125536942,0.245702391,0.062899337,0.149525817,0.159796779,0.15412197,0.146236649,0.133567416,0.140900237,0.120069339,0.200334576,0.131782019,0.143908903,0.13784428,0.221340388,0.1124679,0.198601399,0.147508614,0.174580947,0.294384058,0.176280324,0.110600375,0.181481481,0.169579551,0.125849185,0.264705882,0.105187387,0.395554408,0.169769324,0.151116625,0.065007595,0.145739032,0.164466962,0.853509394,0.15089568,0.118513324,0.128441723,0.149100496,0.136889992,0.17016129,0.136501782,0.1940625,0.115890222,0.145516718,0.168800259,0.124210443,0.227660696,0.139226577,0.222119816,-2,0.060982453,0.381271115,0.379414805,0.152529546,0.144026401,0.097779923,0.144660028,0.157765029,0.151855691,0.228187273,0.15411061,0.186404053,0.124422188,0.116715116,0.137495623,0.163999173,0.163930708,0.142725135,0.176933914,0.139513302,0.218722311,0.536172407,0.197546729,0.418062449,0.245673077,0.209285714,0.707236842,0.199109352,0.187949811,0.25360064,0.842140558,0.699146872,0.81338556,0.789576802,0.257768362
CAN,0.723769644,-2,0.392120782,0.228494162,0.398781121,0.355298913,0.384653866,0.324537305,0.383481526,0.289141791,0.356761134,0.398515662,0.313988095,0.345054945,0.358433358,0.413798466,0.402157431,0.375139954,0.437040441,0.404845506,0.286464902,0.425,0.466124661,0.400623701,0.268970894,0.344907203,0.32505176,0.255353431,0.417515593,0.360906075,0.275637299,0.364484503,0.406279645,0.435752688,0.379184907,0.597978965,0.66875517,0.696935741,0.674131514,0.677337757,0.597735732,0.691133721,0.670942462,0.63154291,0.68432589,0.690447325,0.676304393,0.675634151,0.689550073,0.657393277,0.678604456,0.690374277,0.686854655,0.673639775,0.673988682,0.658386896,0.676909722,0.682795235,0.690223927,0.740529088,0.562637363,0.678186813,0.67496391,0.662318087,0.684159237,0.686257581,0.688358148,0.697976331,0.330789909,0.689853579,0.686854655,0.688513096,0.643766938,0.319033139,0.422700587,0.705842391,0.361152931,0.688513096,0.666795828,0.682309761,0.691864302,0.685832131,0.382114666,0.407978111,0.359990254,0.171363448,0.242988895,0.334947839,0.374233529,0.367894492,0.333654402,0.361731843,0.38428504,0.346986839,0.365498181,0.397004138,0.354216787,0.374128297,0.374865591,0.352838055,0.355379546,0.36875,0.374804688,0.364035088,0.366688156,0.200520833,0.300543479,0.327564102,0.378733032,0.3125,0.377091203,0.161332128,0.330874605,0.349405675,0.32583121,0.338270472,0.329073034,0.324388587,0.305659859,0.398571194,0.324917398,0.331012968,0.332249004,0.392271062,0.298253724,0.39423077,0.346249669,0.359669019,0.501811594,0.359915219,0.296777547,0.368902972,0.309154515,0.302877287,0.30882353,0.2540287,0.62327509,0.350311147,0.297632341,0.212127963,0.296527778,0.347454019,0.668247075,0.304760404,0.300885344,0.306361607,0.328101737,0.31292019,0.349834574,0.315029264,0.378895121,0.318974038,0.356439394,0.370794436,0.297820823,0.416876839,0.304464473,0.415322581,-2,0.173850575,0.589442568,0.608032584,0.265818859,0.306459684,0.225965858,0.32463613,0.280866193,0.33445988,0.409631455,0.312669837,0.371453681,0.31849247,0.305797102,0.291550279,0.342699526,0.346720974,0.32249664,0.375659912,0.316941638,0.40678717,0.769663848,0.38555296,0.642318031,0.429440632,0.392380952,1,0.391044038,0.362002841,0.452613798,0.889484979,0.825013144,0.868223802,0.881530825,0.470594682
BHS,0.210216512,0.392120782,-2,0.822538338,0.931082831,0.91686508,0.959477384,0.904895666,0.973492518,0.893146068,0.923225119,0.950033359,0.901058316,0.93568314,0.935577644,0.929579294,0.963161998,0.907526835,0.924000546,0.91005291,0.856276187,0.947578557,0.782437276,0.883246528,0.841232639,0.92220311,0.93048048,0.82890625,0.908159722,0.905516229,0.847425111,0.961838408,0.904894112,0.901372583,0.945453168,0.542387655,0.647135417,0.621999213,0.602080456,0.626208564,0.552399862,0.628211319,0.631284435,0.658700786,0.627152204,0.625774794,0.628529614,0.618188275,0.610770862,0.645758006,0.624648877,0.611036775,0.611036775,0.618591139,0.632856145,0.675651402,0.610602679,0.633860931,0.615871029,0.621767241,0.646665933,0.645424762,0.627152204,0.636111111,0.676558184,0.62148793,0.611727383,0.617332806,0.707592369,0.612678633,0.60965556,0.611301223,0.648872737,0.814922743,0.697140147,0.537929434,0.930278282,0.618188275,0.62682015,0.628280387,0.613367338,0.627840909,0.970175438,0.978110599,0.951986098,0.889107612,0.914119067,0.904577465,0.944907449,0.932545732,0.928082707,0.871550325,0.845789112,0.917217772,0.933679525,0.97233275,0.953709915,0.931791432,0.944753172,0.638016225,0.933188261,0.901558442,0.941911765,0.926831114,0.928549558,0.871204189,0.894099184,0.894676825,0.920845145,0.977992958,0.978211009,0.868284493,0.885182584,0.909821429,0.966997099,0.906421356,0.931375358,0.908488326,0.913928572,0.957635747,0.876016076,0.93956422,0.928823413,0.978840126,0.912267904,0.970878136,0.868850268,0.903018943,0.994565218,0.908969268,0.857118056,0.924691134,0.897274706,0.86577381,0.703125,0.793023256,0.698204194,0.924210007,0.853116368,0.790226807,0.856666667,0.89716806,0.183974715,0.873463834,0.866997893,0.870696478,0.882769337,0.869737862,0.903444406,0.870089909,0.936438924,0.900126129,0.86583851,0.863752122,0.83121469,0.896866271,0.827862395,0.951350048,-2,0.793260188,0.632958432,0.649890238,0.769660739,0.88769536,0.781954887,0.897003746,0.823363712,0.883459945,0.962276786,0.868483884,0.934478591,0.932636026,0.904970327,0.879690272,0.895930183,0.893864067,0.89732965,0.924414738,0.884900138,0.958659491,0.524470558,0.910815047,0.665530042,0.797855392,0.966356108,0.934210526,0.897618811,0.839665654,0.739919714,0.313596491,0.399832671,0.30920536,0.366153574,0.812654872
CUB,0.075077267,0.228494162,0.822538338,-2,0.779955621,0.811904762,0.829209897,0.81049358,0.840799031,0.824236641,0.820330103,0.811232184,0.8305226,0.830866228,0.804563492,0.760836347,0.826296226,0.772555097,0.749794745,0.737786469,0.922498687,0.777376033,0.620609319,0.724712171,0.915144564,0.838068705,0.825609756,0.904756752,0.744172997,0.825034341,0.881623134,0.819601874,0.774038462,0.740298764,0.7984375,0.366328984,0.470982143,0.442765568,0.426210508,0.449693543,0.378734547,0.445113144,0.470590754,0.486824278,0.453768887,0.449414607,0.45270762,0.441673801,0.434852789,0.471275685,0.44838949,0.435509418,0.43760761,0.444190263,0.456378395,0.499352555,0.44233631,0.458434222,0.437284185,0.429645198,0.5015625,0.469524417,0.451021635,0.464886913,0.501700241,0.442120495,0.436555632,0.44106651,0.719651442,0.437564212,0.433140539,0.435509418,0.473177083,0.861489109,0.645772925,0.367734448,0.843914807,0.442358733,0.449249837,0.454836002,0.437242445,0.455142514,0.837651822,0.834724239,0.862668464,0.875970664,0.815845411,0.836516854,0.831664553,0.798128858,0.849190284,0.793501742,0.69901058,0.846649856,0.804314159,0.825493421,0.864856364,0.841360046,0.839896144,0.520044379,0.815406977,0.76746611,0.711603586,0.818178348,0.847701149,0.824615642,0.815889049,0.825107087,0.805301162,0.837198465,0.739505662,0.874538177,0.836966037,0.788616072,0.885079183,0.819745223,0.862604715,0.852480159,0.922542735,0.828649281,0.83996071,0.874006117,0.858983008,0.80579225,0.878330111,0.840827338,0.810129741,0.812180244,0.800162337,0.847677772,0.882065876,0.844840116,0.884463277,0.890972222,0.441176471,0.940634006,0.561008361,0.854394577,0.894574176,0.936735166,0.886348307,0.830606545,0.08359044,0.859002976,0.864344262,0.846922479,0.847742102,0.860147665,0.847055289,0.890972222,0.859150055,0.870154374,0.81350701,0.793411374,0.884722375,0.793920693,0.851595143,0.79570511,-2,0.91689125,0.487204854,0.471668956,0.775998623,0.820238095,0.839311174,0.87108748,0.913795518,0.851121298,0.824799107,0.828591326,0.798849588,0.889273178,0.89643969,0.910328639,0.840144231,0.812724743,0.868818681,0.804003725,0.829163099,0.777276632,0.362607021,0.74881248,0.488195398,0.624843554,0.831847765,0.253289474,0.781269318,0.714726631,0.559544335,0.137310606,0.231696429,0.150451807,0.176508829,0.644193712
HTI,0.211160333,0.398781121,0.931082831,0.779955621,-2,0.925872093,0.922922741,0.889109077,0.925987717,0.858,0.87474413,0.920680429,0.873763567,0.899408433,0.907326217,0.898050317,0.934090909,0.893703213,0.888475976,0.875373135,0.833453169,0.916125746,0.796844888,0.873378475,0.82702297,0.89948356,0.900532221,0.817723925,0.885591403,0.893644572,0.83752191,0.920232733,0.874982284,0.867679807,0.916722265,0.533259319,0.639912821,0.60129683,0.593634511,0.617937753,0.54375533,0.620338983,0.623553173,0.652506478,0.618947219,0.617502132,0.620671328,0.609817168,0.602316877,0.640171021,0.616773232,0.602316877,0.602316877,0.610165846,0.624376858,0.67004039,0.604918033,0.626917404,0.607091946,0.613636364,0.640275158,0.637969735,0.619230406,0.630981231,0.644725588,0.60129683,0.604484507,0.596376812,0.678953852,0.60405348,0.60087179,0.602612557,0.641949051,0.782560214,0.662986042,0.562880996,0.895219701,0.609817168,0.618840058,0.619230406,0.604773941,0.619950867,0.947840598,0.948481309,0.914890553,0.966,0.84712693,0.896095327,0.922442719,0.918428127,0.887624466,0.890572513,0.881967213,0.893154762,0.937399096,0.923782619,0.926636905,0.90506426,0.921921365,0.684413581,0.901215805,0.923859762,0.944778284,0.909139457,0.909334874,0.872368421,0.865419649,0.883724035,0.903736199,0.954477612,0.988425926,0.796862745,0.866616989,0.904372937,0.934024642,0.916341509,0.901953505,0.885422741,0.87277956,0.94729631,0.851849076,0.905229847,0.892834496,0.925973735,0.875192868,0.951576829,0.862444131,0.881213873,0.988636364,0.892980669,0.842225029,0.89797698,0.865021061,0.84375,0.703125,0.769560318,0.669729507,0.888980475,0.830794561,0.755312234,0.821726191,0.882456141,0.195722714,0.852122494,0.847297843,0.850362319,0.861887615,0.851833042,0.888645409,0.850810114,0.903787879,0.875163399,0.842848889,0.850317147,0.802238153,0.863627648,0.805807209,0.922347885,-2,0.745961026,0.615843024,0.640171021,0.741128115,0.860576923,0.746315029,0.865441177,0.80835177,0.87122832,0.933655494,0.861918605,0.918293377,0.90904062,0.891640867,0.834722223,0.875702745,0.878584589,0.86799133,0.925838193,0.863407663,0.92089372,0.514480087,0.866166451,0.656543163,0.787092963,0.928461538,0.868421053,0.884280148,0.849838188,0.763440861,0.350694445,0.396793426,0.300796596,0.359342515,0.803565627
DOM,0.169836957,0.355298913,0.91686508,0.811904762,0.925872093,-2,0.921192444,0.941071428,0.934275103,0.923146068,0.92488354,0.9448399,0.938058687,0.92189758,0.954877112,0.880364442,0.955178623,0.885814033,0.873027115,0.882744859,0.87933788,0.896170385,0.731805126,0.859599743,0.864394264,0.958096817,0.966066066,0.86911387,0.854807036,0.909251533,0.901056985,0.919348454,0.881114131,0.848845109,0.90708476,0.490998641,0.595278533,0.557615166,0.551290761,0.575563525,0.502717391,0.576041964,0.583121613,0.60542949,0.579483696,0.574767562,0.578379065,0.566660315,0.56002001,0.595517869,0.573118094,0.560971468,0.562330163,0.567005565,0.58234332,0.623697917,0.570458802,0.585256665,0.565469602,0.565432448,0.598635533,0.596668463,0.575407609,0.588768733,0.626868207,0.55845043,0.563009511,0.556669262,0.692255435,0.561240261,0.559063354,0.561240261,0.598471841,0.82469885,0.707834421,0.520936639,0.948774168,0.566660315,0.574525746,0.579913147,0.563009511,0.579483696,0.957369638,0.963726636,0.95206767,0.854019892,0.854347827,0.94779442,0.969897686,0.904611512,0.951853225,0.907761472,0.824654122,0.955769231,0.933965014,0.936610032,0.934736308,0.913366805,0.943561681,0.657215743,0.931573276,0.884184588,0.901444788,0.939542978,0.960211268,0.873684211,0.947204009,0.919933857,0.887356422,0.906411638,0.938284817,0.90925088,0.884089335,0.929131192,0.967141145,0.932047605,0.960371726,0.92198304,0.923163842,0.944838057,0.891454863,0.943038922,0.942688378,0.901021839,0.932332971,0.943966354,0.906956735,0.882282341,0.962267081,0.905164339,0.882277397,0.900677684,0.889385475,0.860665362,0.609375,0.812750716,0.671703995,0.892334075,0.848845109,0.797446848,0.850755752,0.89600551,0.170867486,0.87924169,0.88922368,0.891393443,0.876358696,0.890115489,0.901834239,0.866294336,0.90779779,0.943092804,0.883448012,0.8806405,0.845624568,0.869162088,0.836066278,0.90749752,-2,0.811849984,0.570091325,0.595957881,0.771766434,0.893658892,0.799145206,0.891735919,0.82898892,0.91129513,0.935469633,0.920558608,0.906589674,0.962002307,0.928801169,0.863820316,0.912873641,0.917693513,0.896286232,0.903545673,0.916338499,0.923469388,0.490652524,0.885206801,0.611752718,0.761023495,0.944257228,0.720394737,0.910007145,0.828200087,0.685153584,0.260869565,0.354875367,0.272614169,0.316097634,0.768965518
JAM,0.200371414,0.384653866,0.959477384,0.829209897,0.922922741,0.921192444,-2,0.939484127,0.983928571,0.935318352,0.949690403,0.964508674,0.923347548,0.96267612,0.962428107,0.91400899,0.976866768,0.919488442,0.905133929,0.869673296,0.871803977,0.935365437,0.773122711,0.876717033,0.858774039,0.971254712,0.94506286,0.847731165,0.88774897,0.949090325,0.868882881,0.960269728,0.91620189,0.883132685,0.943668887,0.520372105,0.624487705,0.591770266,0.579768614,0.603606593,0.530374829,0.604647834,0.612344602,0.636612022,0.607304474,0.603725465,0.606213811,0.59517626,0.588072063,0.624744551,0.601768092,0.588072063,0.590804303,0.596827652,0.60965556,0.653389686,0.587368846,0.615123703,0.592853484,0.597791687,0.650008729,0.625541908,0.604851414,0.619360017,0.656804986,0.591770266,0.590121243,0.589833048,0.703573258,0.590407868,0.587001873,0.588364271,0.625785555,0.832405097,0.723762243,0.550137741,0.950650204,0.595857459,0.604288309,0.607987534,0.591089067,0.608938607,0.978483443,0.973148148,0.988721805,0.851817043,0.888043478,0.941666667,0.961917562,0.949646182,0.946334375,0.914188819,0.857638889,0.96154391,0.951535088,0.967672867,0.988235294,0.978140394,0.990870787,0.633489461,0.958673469,0.949049332,0.91328125,0.965726714,0.976816239,0.88138089,0.92625877,0.928448933,0.915309874,0.950610943,0.943209542,0.917551892,0.928871431,0.925091575,0.990819209,0.919278997,0.969334278,0.933164492,0.920163008,0.950499283,0.900254087,0.953325597,0.954029649,0.962648557,0.936195226,0.972077922,0.899754902,0.950624512,0.973484848,0.947084187,0.875300481,0.942349138,0.910341226,0.892628205,0.661764706,0.820714286,0.7154816,0.949341861,0.891329406,0.808524059,0.879409792,0.940640621,0.174939495,0.897885648,0.895978626,0.910078278,0.920914447,0.896170385,0.946401127,0.894488087,0.963296493,0.921043095,0.895613312,0.907544763,0.850546491,0.917904006,0.854419148,0.965294229,-2,0.811144951,0.609086045,0.628831744,0.801891223,0.9303207,0.794292238,0.910243056,0.838463687,0.913977118,0.97624159,0.902930403,0.947084187,0.964221242,0.949327533,0.894649621,0.931326635,0.940182221,0.917392418,0.9406081,0.91129513,0.925184121,0.51696611,0.884119497,0.643037056,0.760096154,0.972245094,0.680921053,0.927990767,0.846657929,0.703434434,0.273133117,0.378170203,0.287531713,0.345376231,0.789755122
TTO,0.170907641,0.324537305,0.904895666,0.81049358,0.889109077,0.941071428,0.939484127,-2,0.928133754,0.931509434,0.975931677,0.922491039,0.967472018,0.967124444,0.957142857,0.851882815,0.935024155,0.910039256,0.839490969,0.851447044,0.858534255,0.874075685,0.701435407,0.840027701,0.829639889,0.992977528,0.972687401,0.833795014,0.851800554,0.942669173,0.867567148,0.939761905,0.880422209,0.85754676,0.936288089,0.478202719,0.59123532,0.54945055,0.540742352,0.569124257,0.488255763,0.567503393,0.599840949,0.617294272,0.568435552,0.567292186,0.570091093,0.557620012,0.552231753,0.591490746,0.55285272,0.552522836,0.552522836,0.559283626,0.573985593,0.623301041,0.561189968,0.576043338,0.555277657,0.558173546,0.632392076,0.590916065,0.568717467,0.583102493,0.623749457,0.548885162,0.553900247,0.544741516,0.715782225,0.554872759,0.550850538,0.552812319,0.568274854,0.810909373,0.730392157,0.514690171,0.948956909,0.558306825,0.569024726,0.570501668,0.554872759,0.57146472,0.944296636,0.942610981,0.970489332,0.846145877,0.857503814,0.97742209,0.950012697,0.948331194,0.956505682,0.94380849,0.821546053,0.985673353,0.964825773,0.922223588,0.973235294,0.944740292,0.961629002,0.618826304,0.986271676,0.872848732,0.839130435,0.94763986,0.989942529,0.927083333,0.936193112,0.963622291,0.849414807,0.900841346,0.859469489,0.914069264,0.891181645,0.917459391,0.971294678,0.922468355,0.979829797,0.953571428,0.910069147,0.927941176,0.941825716,0.946843806,0.961917715,0.893832237,0.943574661,0.950998776,0.935660594,0.903113932,0.935559007,0.91492678,0.860110803,0.882382191,0.902333102,0.855226058,0.529411765,0.801453047,0.672869319,0.900790514,0.867188633,0.784741895,0.841213474,0.90641166,0.165845071,0.903545629,0.888153822,0.903068272,0.88861099,0.890724407,0.915615485,0.861440058,0.914919773,0.958488806,0.872032289,0.911549708,0.845286695,0.88264481,0.853645986,0.919622611,-2,0.805102764,0.567533143,0.569982649,0.824343918,0.923120915,0.856378705,0.918329832,0.851850639,0.919017156,0.919295754,0.963492063,0.945374801,0.974133404,0.959319527,0.883392857,0.930198091,0.959947947,0.921327726,0.908469673,0.956513881,0.886079774,0.462297571,0.840590227,0.596744961,0.679430864,0.926002096,0.463235294,0.924036467,0.805488606,0.641271187,0.243478261,0.296822975,0.222824557,0.274766098,0.754475703
BRB,0.198571305,0.383481526,0.973492518,0.840799031,0.925987717,0.934275103,0.983928571,0.928133754,-2,0.906226415,0.938010788,0.965879045,0.922901282,0.961210029,0.944971716,0.912239583,0.976077011,0.893663195,0.900714286,0.889446037,0.872822567,0.930964335,0.779551173,0.879861111,0.861224756,0.948121283,0.94469697,0.848263889,0.885935324,0.922708189,0.870201224,0.943171734,0.913781941,0.879880107,0.929513889,0.519293854,0.62413674,0.598789792,0.579023113,0.602864583,0.529269824,0.603821564,0.608964952,0.636017892,0.604130698,0.602689513,0.605511913,0.595174379,0.588664301,0.62413674,0.602396419,0.588664301,0.588664301,0.596848813,0.609692315,0.653099102,0.588883929,0.612877264,0.592411948,0.59801557,0.625529661,0.621811225,0.604130698,0.616059028,0.653544841,0.598789792,0.590049342,0.594047619,0.692217798,0.590340124,0.587279259,0.588958909,0.626418471,0.833322038,0.711874774,0.53444754,0.952286357,0.595174379,0.604314654,0.605230696,0.590340124,0.605511913,0.976903267,0.989583333,0.974577954,0.880952381,0.918774704,0.931866198,0.96600253,0.926835698,0.948418054,0.881493507,0.836862344,0.937209357,0.930081603,0.977124183,0.975257942,0.951418724,0.966203038,0.630555556,0.943936705,0.907898853,0.950642293,0.944688257,0.952999147,0.875260417,0.917139207,0.915841346,0.924709405,0.947615132,0.987327189,0.896123321,0.903884243,0.904320988,0.972711108,0.906389366,0.958918338,0.932165942,0.930714286,0.975735294,0.899351093,0.965091464,0.951840902,0.969821465,0.936737401,0.968900966,0.876072296,0.925240734,0.994318182,0.924093231,0.875032643,0.942920918,0.913100862,0.881085025,0.703125,0.807961095,0.71075438,0.936439493,0.86752294,0.80626563,0.868640619,0.918125746,0.17408771,0.88869382,0.887633742,0.888789683,0.898578168,0.888294199,0.924093231,0.885300279,0.949068323,0.923776455,0.887115384,0.883981473,0.849543064,0.903591124,0.842301615,0.940525555,-2,0.811594958,0.616369048,0.626208564,0.789538608,0.906434787,0.797916667,0.913078471,0.826811233,0.903385417,0.975424107,0.892923465,0.927555835,0.952909183,0.927114244,0.894332373,0.910350484,0.917256561,0.917491096,0.917398245,0.900012949,0.934907339,0.517222031,0.893987342,0.642518612,0.771691177,0.981884058,0.842105263,0.905179303,0.820369559,0.714987383,0.303220524,0.388737996,0.298171122,0.357395612,0.792792904
DMA,0.083320896,0.289141791,0.893146068,0.824236641,0.858,0.923146068,0.935318352,0.931509434,0.906226415,-2,0.921927711,0.865632184,0.966153846,0.907137405,0.996575343,0.817105263,0.894615385,0.891203008,0.854409449,0.853076923,0.862007576,0.825655431,0.742860487,0.79264151,0.829245283,0.936268657,0.996212121,0.868721805,0.786981132,0.89227612,0.898326848,0.892209738,0.759216418,0.777865169,0.886679105,0.326604478,0.475522388,0.438992537,0.40764045,0.46670412,0.352873134,0.464538153,0.474589552,0.474194757,0.471791045,0.468059702,0.469925373,0.440858209,0.43576779,0.475522388,0.438059702,0.43576779,0.439513109,0.442723881,0.442857143,0.478320896,0.441634981,0.471221374,0.438576779,0.438576779,0.512671756,0.476078431,0.468992537,0.478320896,0.479812734,0.438992537,0.437126866,0.438157895,0.811902985,0.438059702,0.435261194,0.43619403,0.437126866,0.842105263,0.729622642,0.353070176,0.932235054,0.440858209,0.424906717,0.473258427,0.437126866,0.471791045,0.894576848,0.839705882,0.923611111,0.964285714,0.842294255,0.992424243,0.927735849,0.895772358,0.987547893,0.915421456,0.833974896,0.927689394,0.95675,0.880049127,0.921283784,0.949391386,0.925189394,0.807879377,0.917248062,0.872695699,0.827554999,0.995238095,0.961116412,0.981666667,0.976027397,0.955106383,0.908,0.904925752,0.834756098,0.9390625,0.925687023,0.955477179,0.955492425,0.990663901,0.995229008,0.960636704,0.887166031,0.881149599,0.925018727,0.989173228,0.992337165,0.88826087,0.954105648,0.915452712,0.922851563,0.925327716,0.85,0.891273408,0.891273408,0.86828125,0.842103097,0.857358491,0.55,0.809284766,0.597383721,0.884664185,0.881910112,0.812140805,0.909399225,0.896792453,0.125580524,0.888136882,0.949882075,0.921203008,0.88659176,0.88761194,0.888544776,0.854719101,0.86127451,0.917649099,0.910060976,0.876346154,0.871439874,0.779433962,0.881590909,0.925688977,-2,0.789008265,0.475522388,0.450186567,0.895992509,0.918301887,0.873345865,0.890842912,0.82605364,0.925018727,0.896590038,0.953962264,0.896891386,0.959359176,0.991967872,0.890620155,0.946679105,0.955074627,0.899700375,0.929543726,0.893208955,0.883981901,0.382873134,0.801646091,0.483558053,0.727040816,0.893840304,0.284722222,0.887175325,0.846746988,0.593863636,0.290976059,0.260912699,0.189229249,0.255530418,0.653708791
GRD,0.18242915,0.356761134,0.923225119,0.820330103,0.87474413,0.92488354,0.949690403,0.975931677,0.938010788,0.921927711,-2,0.917396314,0.947071308,0.962081722,0.931708916,0.883900929,0.934180403,0.917182662,0.857479784,0.848620748,0.881333005,0.887873619,0.729883157,0.845088264,0.857469762,0.97421875,0.955959809,0.854489164,0.874509643,0.940607288,0.875863487,0.945350509,0.89728745,0.88015757,0.944272446,0.503805668,0.618137652,0.586437247,0.572246589,0.598562378,0.516609812,0.599370393,0.628987855,0.645222672,0.59805668,0.597761928,0.601133603,0.590283401,0.582817338,0.617368421,0.596518218,0.583089669,0.583861274,0.590834563,0.604735217,0.644453441,0.584333882,0.608370536,0.586176089,0.590050835,0.665360502,0.614035088,0.599595142,0.577067669,0.644208902,0.585404484,0.580003249,0.581546459,0.712313191,0.584898786,0.581546459,0.583360324,0.62383901,0.817633928,0.726973685,0.539086687,0.948717949,0.58874494,0.596263736,0.600105588,0.584898786,0.600364372,0.944575774,0.927527646,0.953368741,0.884453782,0.85935518,0.959381551,0.942840454,0.952206548,0.943126685,0.925998948,0.833797377,0.968253968,0.960701275,0.922495039,0.94947318,0.945532729,0.95910507,0.628115016,0.97016129,0.881539889,0.819017094,0.95754717,0.974603175,0.958083832,0.915841964,0.955592105,0.864170226,0.923282443,0.82981835,0.89025974,0.888137271,0.912530267,0.953645834,0.923271773,0.962325175,0.946761134,0.910310775,0.928813898,0.941767521,0.959355258,0.958066239,0.909382555,0.936868687,0.950195313,0.918923046,0.91324956,0.908680556,0.915060729,0.859798954,0.892113725,0.875595068,0.865100932,0.5625,0.796568922,0.702200347,0.911109497,0.86314165,0.78352452,0.83885919,0.904309007,0.162698413,0.870945051,0.882356273,0.896658006,0.88324399,0.882591093,0.908788174,0.868542885,0.929274805,0.941115538,0.862643998,0.900825966,0.83470912,0.897368421,0.848498598,0.93655914,-2,0.776434413,0.580003249,0.591052632,0.790448343,0.911396725,0.800309598,0.928293611,0.838095068,0.927347304,0.932045303,0.930340557,0.942820013,0.971666667,0.955015723,0.893646647,0.92437247,0.952995951,0.928890513,0.904219515,0.938299595,0.893625356,0.493724697,0.839165868,0.623294347,0.711502963,0.926932566,0.527777778,0.906965175,0.817412281,0.659730196,0.26010101,0.349431818,0.262799043,0.31268997,0.751572327
LCA,0.214060309,0.398515662,0.950033359,0.811232184,0.920680429,0.9448399,0.964508674,0.922491039,0.965879045,0.865632184,0.917396314,-2,0.904703657,0.928117953,0.918135784,0.925373836,0.980373106,0.901180288,0.904326185,0.877687249,0.856304985,0.931264066,0.800950292,0.882427844,0.857102433,0.937051557,0.905071321,0.841719176,0.888275797,0.928424498,0.860398718,0.930670419,0.916327724,0.88043886,0.91698706,0.536652642,0.645465171,0.607091946,0.598743436,0.635760503,0.546933609,0.625316456,0.641117344,0.667631553,0.624672744,0.635320243,0.638218794,0.627571295,0.608659978,0.657561945,0.622954135,0.608659978,0.608659978,0.629398827,0.642961877,0.685858965,0.603261406,0.644909788,0.62221024,0.633305648,0.630527903,0.654146755,0.636769518,0.647865137,0.683678732,0.607091946,0.624672744,0.602148354,0.699667104,0.610402057,0.607503507,0.608952782,0.658357772,0.825712014,0.707569913,0.559941057,0.936466515,0.627571295,0.62518413,0.637940735,0.610402057,0.637494156,0.973576902,0.968216825,0.961965461,0.800546448,0.887856732,0.923903805,0.962648557,0.935689336,0.921080563,0.874665268,0.841948705,0.936766418,0.936557112,0.970621469,0.964500537,0.948159621,0.963575517,0.60575079,0.92035696,0.901370585,0.911570248,0.930803919,0.95046623,0.786962366,0.90038251,0.908311074,0.908037289,0.922324723,0.937574761,0.86952381,0.911195166,0.91728276,0.973340623,0.887218722,0.938610374,0.914601601,0.909558824,0.953179595,0.877168059,0.934610268,0.923007842,0.949596774,0.907906029,0.97153198,0.883606363,0.915995521,0.972587719,0.934897787,0.871392191,0.939491691,0.912772039,0.89346659,0.661764706,0.821700051,0.715023343,0.937915408,0.87778976,0.80625,0.867830909,0.923173713,0.190413516,0.887001618,0.897058823,0.896441715,0.909977494,0.895757363,0.934171043,0.893520255,0.950993542,0.916187739,0.882262956,0.888957055,0.845748328,0.901392962,0.851746122,0.933862023,-2,0.796998487,0.629944243,0.659735858,0.780499812,0.901443769,0.788556852,0.910696964,0.834152448,0.910704238,0.976709196,0.884950953,0.93199081,0.946551161,0.933393266,0.880555007,0.921400187,0.919226274,0.913148113,0.920142237,0.898655914,0.940108167,0.548024778,0.912418301,0.676669168,0.771962894,0.970833333,0.930555556,0.901146058,0.858613315,0.727192134,0.31712963,0.384880526,0.293036309,0.346824687,0.82040276
VCT,0.132515992,0.313988095,0.901058316,0.8305226,0.873763567,0.938058687,0.923347548,0.967472018,0.922901282,0.966153846,0.947071308,0.904703657,-2,0.96114106,0.962353848,0.852509267,0.915493312,0.895708583,0.830770387,0.82153779,0.886743887,0.860803127,0.706928703,0.827112828,0.862934363,0.972005988,0.996044304,0.85931708,0.837516087,0.924107143,0.904984424,0.92210668,0.868303571,0.833972992,0.919580668,0.450892857,0.558493248,0.524553572,0.512331201,0.537202381,0.460909737,0.535136434,0.569196429,0.590485075,0.540618337,0.536458334,0.539434524,0.52827381,0.521250889,0.558779762,0.535281386,0.521250889,0.524235963,0.530048767,0.54389881,0.588541666,0.530601306,0.547229803,0.524235963,0.524116261,0.612501798,0.558547394,0.537946429,0.55453379,0.590511727,0.524553572,0.523809524,0.522419447,0.716311301,0.523809524,0.520089286,0.521577381,0.560379242,0.834724068,0.736604079,0.47972973,0.930325945,0.529017857,0.537394393,0.541364606,0.523809524,0.541666667,0.936292472,0.931614078,0.962728036,0.841942149,0.890810277,0.993202417,0.928735434,0.927318296,0.9633687,0.95485474,0.809601874,0.963636364,0.9403666,0.904343986,0.962534555,0.949265055,0.938636364,0.677944515,0.96253882,0.882013574,0.766869919,0.95445014,0.968326271,0.888682433,0.966480731,0.964484791,0.896245955,0.875030318,0.756696429,0.916741071,0.904582075,0.914347459,0.974214793,0.962994034,0.983418166,0.957549187,0.924463191,0.90622941,0.938843625,0.968355482,0.966114733,0.885482882,0.965409605,0.943393094,0.94508611,0.889792971,0.910984849,0.900995025,0.901651652,0.870149912,0.878548246,0.850418967,0.441176471,0.811879909,0.650520467,0.890029437,0.847405828,0.799753351,0.868957779,0.890424602,0.108950133,0.876948052,0.912634342,0.889752753,0.873454158,0.875744048,0.899502488,0.848898365,0.90519797,0.977742947,0.89669032,0.906978849,0.852991551,0.869370339,0.869372294,0.900707547,-2,0.813510492,0.53956373,0.561755953,0.801954514,0.92635619,0.832504346,0.927558258,0.87304007,0.951599147,0.90675813,0.973830974,0.924804549,0.967768504,0.980699539,0.923312426,0.936011905,0.964285714,0.934506042,0.929697398,0.939732143,0.87275882,0.448660714,0.830211726,0.577114428,0.702457265,0.909888867,0.284722222,0.914322782,0.844444445,0.649216125,0.176453488,0.3145814,0.238099041,0.270715631,0.721661776
ATG,0.164175825,0.345054945,0.93568314,0.830866228,0.899408433,0.92189758,0.96267612,0.967124444,0.961210029,0.907137405,0.962081722,0.928117953,0.96114106,-2,0.947674419,0.866699824,0.938850141,0.921474359,0.859420687,0.857363398,0.862813059,0.889067666,0.737889983,0.857237863,0.849301707,0.972193735,0.962790077,0.838505747,0.864453558,0.947527473,0.870726496,0.958107336,0.890659341,0.858188231,0.94239611,0.475549451,0.580494505,0.554441964,0.535574168,0.559367424,0.485276614,0.558411215,0.591318682,0.612256216,0.563241758,0.558862876,0.561813187,0.551703296,0.544963632,0.580494505,0.55855322,0.544963632,0.547524315,0.553412628,0.565820662,0.607327586,0.554073164,0.570404412,0.546805924,0.550046137,0.629968419,0.580418518,0.560384616,0.576304156,0.608045977,0.553727679,0.546703296,0.552397629,0.696164867,0.546703296,0.543530967,0.545274725,0.581112836,0.832253403,0.691133721,0.524135447,0.939621864,0.551703296,0.56015625,0.563665418,0.546703296,0.56467033,0.952476738,0.97203341,0.987204725,0.851337012,0.887057634,0.955073818,0.926668051,0.952605063,0.947153642,0.916806723,0.841455776,0.961314881,0.940941253,0.942636938,0.986,0.951026256,0.964041745,0.654713115,0.974992385,0.886217949,0.875304878,0.930555556,0.966586307,0.883643617,0.914153697,0.940984417,0.870133677,0.924756206,0.901396042,0.892792502,0.904610886,0.904170049,0.973077641,0.908167448,0.970535715,0.944479467,0.920033466,0.949860764,0.925148313,0.941295863,0.955147989,0.925722093,0.937171712,0.968639756,0.915664336,0.916077185,0.973484848,0.921534053,0.864500442,0.895571096,0.897720736,0.858968569,0.573529412,0.797928733,0.672011104,0.912104363,0.855962089,0.796187683,0.831351401,0.915194747,0.147613658,0.897428444,0.873117505,0.887571839,0.895591801,0.874010989,0.921534053,0.859326367,0.92643619,0.949037115,0.883561093,0.918076318,0.848707974,0.892251789,0.842553668,0.916781057,-2,0.81001746,0.569863506,0.58478022,0.780361472,0.927813538,0.816912973,0.909950658,0.84133127,0.904862953,0.928994083,0.927677926,0.948192639,0.965288346,0.938461538,0.89558069,0.907197803,0.940274725,0.91750985,0.918817935,0.934560439,0.909649123,0.474835165,0.871109271,0.598919992,0.728817992,0.946158826,0.654605263,0.92396746,0.828150121,0.677419355,0.280668605,0.356911557,0.264478321,0.321395392,0.7521574
KNA,0.190578895,0.358433358,0.935577644,0.804563492,0.907326217,0.954877112,0.962428107,0.957142857,0.944971716,0.996575343,0.931708916,0.918135784,0.962353848,0.947674419,-2,0.877655562,0.934233558,0.903331238,0.854395604,0.873126615,0.893665015,0.891169076,0.775881471,0.862961324,0.871024513,0.962428107,0.976330973,0.867154288,0.852231301,0.911415354,0.913089701,0.9302013,0.841616654,0.834663733,0.927513128,0.418792198,0.508752188,0.461771693,0.463115779,0.480557639,0.431395349,0.473318551,0.485933984,0.514784946,0.481901726,0.477869467,0.480557639,0.465803951,0.457739435,0.510096274,0.475181295,0.458422376,0.459773727,0.464637107,0.489966242,0.542291823,0.46117677,0.490926641,0.461125079,0.454054054,0.554477708,0.511883465,0.477869467,0.501539912,0.538259565,0.463115779,0.464459865,0.457739435,0.658642364,0.460427607,0.457739435,0.459083521,0.51544136,0.775729647,0.664835165,0.478040541,0.935617932,0.464459865,0.47907066,0.47991829,0.461771693,0.481901726,0.934290541,0.931845238,0.945121951,0.88644825,0.883021391,0.989189189,0.954246714,0.93713225,0.982432433,0.968413978,0.905692681,0.947548712,0.97426676,0.928329181,0.949761147,0.969980695,0.95218894,0.809266953,0.956919558,0.964583791,0.859735667,0.992957747,0.974078341,0.98,0.973053279,0.974696504,0.917869921,0.863647643,0.848660714,0.973591549,0.929718618,0.952015775,0.958783784,0.968160377,0.993055556,0.974493623,0.908190994,0.923419204,0.941793013,0.967009494,0.991891892,0.930698874,0.989644971,0.937639311,0.893453681,0.895849421,0.930743244,0.926169042,0.888597149,0.895936765,0.861711294,0.868400621,0.5625,0.773798876,0.619464504,0.908773713,0.864267756,0.762362637,0.862965839,0.915286906,0.170741672,0.874744442,0.930176299,0.909754225,0.887115022,0.892629407,0.924824956,0.868467117,0.928373016,0.945913462,0.85189163,0.848901099,0.801807229,0.868196103,0.826497725,0.977106354,-2,0.748018293,0.488026399,0.51816079,0.751687922,0.900345622,0.778538384,0.949838501,0.831135507,0.931458202,0.933862264,0.936745457,0.940953989,0.972038809,0.989942529,0.885290557,0.981182796,0.970461365,0.957051763,0.974034749,0.928857214,0.886381099,0.414791198,0.852759048,0.515472618,0.885489511,0.934160905,0.28125,0.87,0.866816228,0.671580189,0.283854167,0.361958266,0.273776638,0.342008675,0.722709366
MEX,0.229172715,0.413798466,0.929579294,0.760836347,0.898050317,0.880364442,0.91400899,0.851882815,0.912239583,0.817105263,0.883900929,0.925373836,0.852509267,0.866699824,0.877655562,-2,0.938638044,0.881411984,0.897546215,0.858801201,0.806269758,0.948492724,0.777507461,0.878580363,0.790238294,0.887774371,0.872982296,0.778710284,0.908411508,0.880665281,0.799145299,0.919093594,0.93363052,0.909205889,0.911014463,0.565737093,0.667986731,0.632496631,0.624611238,0.647217011,0.575927846,0.65037594,0.655986352,0.693809939,0.650383579,0.646500631,0.649937965,0.640415633,0.633212059,0.666852771,0.646944152,0.633454282,0.6361497,0.640875836,0.654014292,0.696060037,0.629861111,0.659777528,0.637033563,0.645652474,0.680344242,0.664491956,0.648362015,0.655347092,0.699636175,0.632029133,0.634801991,0.630912162,0.684242173,0.634367246,0.631613509,0.633695203,0.682037309,0.769233319,0.713892168,0.570177002,0.898146795,0.63974359,0.648479503,0.653078996,0.634801991,0.652405142,0.948380355,0.933564815,0.917628644,0.727443609,0.838179936,0.871943212,0.908107045,0.896678322,0.875774894,0.822732745,0.814615385,0.89577625,0.898772861,0.935958205,0.91422917,0.89845559,0.912357355,0.59554526,0.877536484,0.849014337,0.856127451,0.88960177,0.898060494,0.723740183,0.8375,0.851940613,0.871097285,0.903825431,0.835536967,0.812025317,0.851738672,0.874614198,0.928384643,0.86229288,0.884957627,0.853520947,0.852827408,0.905495352,0.821730602,0.883994307,0.88181467,0.92537478,0.860957524,0.922567221,0.829279638,0.875844595,0.947463768,0.876611227,0.819429348,0.891373626,0.855932973,0.828974185,0.661764706,0.757113916,0.701252478,0.886752137,0.819759486,0.744493343,0.824556059,0.863110485,0.208222252,0.825824176,0.84020392,0.831798357,0.848901099,0.833319511,0.870630313,0.836874738,0.9046875,0.861491829,0.830792683,0.842996849,0.785056322,0.869336143,0.794745692,0.918801844,-2,0.7413283,0.641474185,0.666639022,0.743035343,0.85206356,0.730836237,0.847098214,0.778763571,0.854885655,0.928706489,0.8397586,0.8957288,0.885357125,0.869476745,0.822155899,0.858417998,0.859191481,0.848445923,0.89536601,0.838130687,0.929631934,0.546433003,0.882680251,0.684916028,0.764986321,0.925800493,0.960526316,0.851438418,0.846798781,0.735454708,0.322198276,0.404599272,0.314227859,0.366614256,0.817539434
BLZ,0.214215146,0.402157431,0.963161998,0.826296226,0.934090909,0.955178623,0.976866768,0.935024155,0.976077011,0.894615385,0.934180403,0.980373106,0.915493312,0.938850141,0.934233558,0.938638044,-2,0.914444496,0.919978596,0.895552074,0.869389902,0.94656682,0.790417868,0.893654987,0.87101409,0.951653436,0.920936455,0.854757833,0.904430849,0.943054407,0.872074155,0.947079769,0.930245382,0.896705069,0.928624398,0.541632203,0.649825384,0.610900939,0.60186636,0.628202765,0.551958525,0.629503105,0.632742855,0.660292626,0.62846935,0.626774194,0.629893852,0.618509328,0.612256216,0.649825384,0.62612202,0.612534562,0.612256216,0.620340244,0.634130515,0.67783529,0.608143839,0.635940945,0.614405213,0.62375,0.648610852,0.648004706,0.62846935,0.640596033,0.677118958,0.610632319,0.61467742,0.606064165,0.712258064,0.614948075,0.610823551,0.612811323,0.651950648,0.839116989,0.726362943,0.56233649,0.952544933,0.619221579,0.629606278,0.628917051,0.614948075,0.629893852,0.986111111,0.983796296,0.975214198,0.844758064,0.92233917,0.934575283,0.974174902,0.944782233,0.934386973,0.892640631,0.848563427,0.947897363,0.945962994,0.983333333,0.972193668,0.962376135,0.97670785,0.618167534,0.934270517,0.926385927,0.943423695,0.939934582,0.958158361,0.827796053,0.904831482,0.919419666,0.921191413,0.95,0.977803738,0.895807454,0.921452546,0.929115493,0.990606937,0.897756982,0.949327533,0.922001602,0.919852942,0.962505683,0.891731235,0.943856739,0.935057587,0.959477125,0.915079918,0.985185185,0.89915431,0.928676815,0.994318182,0.950138249,0.883940092,0.953230635,0.925100064,0.905336136,0.705882353,0.83140843,0.732398957,0.952083333,0.888894009,0.817930029,0.881111485,0.938536436,0.202185601,0.900060953,0.907708934,0.906888534,0.922373272,0.906764084,0.943054407,0.907966905,0.964962075,0.929684297,0.89603894,0.902756798,0.860281714,0.918909415,0.864317438,0.948985619,-2,0.809189903,0.619075579,0.651962136,0.794884793,0.915793414,0.799534384,0.923947331,0.850877193,0.925189482,0.992625369,0.896590592,0.944423963,0.961414272,0.946044609,0.893285459,0.933806636,0.930957633,0.922810305,0.933528606,0.908900836,0.954663049,0.5387832,0.897307074,0.667396314,0.781616689,0.981287425,0.944444445,0.914212968,0.84715104,0.716487171,0.315328054,0.38431817,0.293222082,0.348667672,0.80721511
